5
19
23
23
35
31
0 0 0
0 1 0
0 2 0
0 3 0
0 4 0
0 5 0
0 6 0
0 7 0
0 8 0
0 9 0
0 10 0
0 11 0
0 12 0
0 13 0
0 14 0
0 15 0
0 16 0
0 17 0
0 18 0
0 19 39
0 20 82
0 21 28
0 22 91
0 23 33
0 24 10
0 25 31
0 26 97
0 27 30
0 28 19
0 29 36
0 30 78
0 31 69
0 32 95
0 33 11
0 34 49
0 35 99
0 36 11
0 37 54
0 38 96
0 39 7
0 40 45
0 41 73
0 42 39
0 43 84
0 44 52
0 45 4
0 46 47
0 47 81
0 48 28
0 49 21
0 50 90
0 51 20
0 52 9
0 53 85
0 54 63
0 55 32
0 56 89
0 57 54
0 58 46
0 59 11
0 60 18
0 61 22
0 62 4
0 63 2
0 64 10
0 65 7
0 66 36
0 67 44
0 68 82
0 69 38
0 70 41
0 71 44
0 72 55
0 73 83
0 74 7
0 75 39
0 76 4
0 77 33
0 78 72
0 79 11
0 80 92
0 81 32
0 82 59
0 83 12
0 84 91
0 85 15
0 86 52
0 87 9
0 88 81
0 89 39
0 90 58
0 91 91
0 92 98
0 93 77
0 94 84
0 95 85
0 96 44
0 97 47
0 98 86
0 99 53
0 100 91
0 101 48
0 102 52
0 103 66
0 104 15
0 105 18
0 106 97
0 107 3
0 108 56
0 109 86
0 110 53
0 111 72
0 112 6
0 113 79
0 114 83
0 115 71
0 116 59
0 117 62
0 118 91
0 119 98
0 120 42
0 121 64
0 122 76
0 123 92
0 124 25
0 125 23
0 126 77
0 127 86
0 128 64
0 129 90
0 130 97
1 1 0
1 2 0
1 3 0
1 4 0
1 5 0
1 6 0
1 7 0
1 8 0
1 9 0
1 10 0
1 11 0
1 12 0
1 13 0
1 14 0
1 15 0
1 16 0
1 17 0
1 18 0
1 19 2
1 20 21
1 21 42
1 22 72
1 23 25
1 24 94
1 25 46
1 26 24
1 27 73
1 28 38
1 29 64
1 30 18
1 31 35
1 32 35
1 33 59
1 34 97
1 35 48
1 36 6
1 37 47
1 38 3
1 39 58
1 40 81
1 41 99
1 42 77
1 43 62
1 44 84
1 45 84
1 46 80
1 47 36
1 48 15
1 49 86
1 50 16
1 51 86
1 52 96
1 53 86
1 54 15
1 55 55
1 56 37
1 57 12
1 58 78
1 59 36
1 60 46
1 61 54
1 62 72
1 63 49
1 64 50
1 65 12
1 66 3
1 67 60
1 68 55
1 69 24
1 70 95
1 71 23
1 72 21
1 73 90
1 74 85
1 75 95
1 76 100
1 77 14
1 78 86
1 79 95
1 80 90
1 81 79
1 82 70
1 83 56
1 84 60
1 85 64
1 86 65
1 87 82
1 88 79
1 89 26
1 90 65
1 91 40
1 92 22
1 93 92
1 94 77
1 95 89
1 96 36
1 97 82
1 98 93
1 99 45
1 100 97
1 101 73
1 102 49
1 103 66
1 104 68
1 105 47
1 106 94
1 107 43
1 108 45
1 109 65
1 110 81
1 111 30
1 112 47
1 113 23
1 114 24
1 115 13
1 116 23
1 117 77
1 118 42
1 119 33
1 120 78
1 121 45
1 122 61
1 123 97
1 124 35
1 125 39
1 126 12
1 127 17
1 128 86
1 129 68
1 130 38
2 2 0
2 3 0
2 4 0
2 5 0
2 6 0
2 7 0
2 8 0
2 9 0
2 10 0
2 11 0
2 12 0
2 13 0
2 14 0
2 15 0
2 16 0
2 17 0
2 18 0
2 19 72
2 20 77
2 21 100
2 22 7
2 23 35
2 24 24
2 25 49
2 26 21
2 27 61
2 28 31
2 29 74
2 30 40
2 31 40
2 32 37
2 33 64
2 34 13
2 35 69
2 36 19
2 37 59
2 38 96
2 39 26
2 40 24
2 41 69
2 42 3
2 43 55
2 44 50
2 45 12
2 46 33
2 47 25
2 48 31
2 49 42
2 50 70
2 51 14
2 52 58
2 53 73
2 54 95
2 55 53
2 56 49
2 57 55
2 58 64
2 59 25
2 60 5
2 61 35
2 62 84
2 63 2
2 64 56
2 65 36
2 66 85
2 67 55
2 68 39
2 69 29
2 70 5
2 71 10
2 72 14
2 73 74
2 74 50
2 75 37
2 76 95
2 77 30
2 78 76
2 79 76
2 80 16
2 81 5
2 82 64
2 83 28
2 84 3
2 85 63
2 86 80
2 87 1
2 88 75
2 89 41
2 90 100
2 91 34
2 92 15
2 93 79
2 94 96
2 95 83
2 96 14
2 97 93
2 98 62
2 99 26
2 100 14
2 101 52
2 102 47
2 103 99
2 104 11
2 105 34
2 106 93
2 107 92
2 108 35
2 109 46
2 110 69
2 111 21
2 112 30
2 113 68
2 114 64
2 115 95
2 116 30
2 117 3
2 118 49
2 119 81
2 120 78
2 121 55
2 122 75
2 123 82
2 124 42
2 125 75
2 126 50
2 127 76
2 128 18
2 129 65
2 130 17
3 3 0
3 4 0
3 5 0
3 6 0
3 7 0
3 8 0
3 9 0
3 10 0
3 11 0
3 12 0
3 13 0
3 14 0
3 15 0
3 16 0
3 17 0
3 18 0
3 19 31
3 20 67
3 21 4
3 22 73
3 23 74
3 24 56
3 25 36
3 26 94
3 27 69
3 28 33
3 29 64
3 30 73
3 31 3
3 32 83
3 33 75
3 34 27
3 35 37
3 36 67
3 37 40
3 38 83
3 39 56
3 40 11
3 41 94
3 42 71
3 43 25
3 44 65
3 45 40
3 46 43
3 47 59
3 48 97
3 49 93
3 50 81
3 51 82
3 52 24
3 53 29
3 54 85
3 55 59
3 56 6
3 57 92
3 58 5
3 59 88
3 60 60
3 61 95
3 62 19
3 63 56
3 64 98
3 65 26
3 66 10
3 67 68
3 68 93
3 69 77
3 70 35
3 71 99
3 72 88
3 73 95
3 74 65
3 75 47
3 76 65
3 77 2
3 78 19
3 79 35
3 80 100
3 81 17
3 82 98
3 83 69
3 84 28
3 85 91
3 86 42
3 87 75
3 88 53
3 89 68
3 90 94
3 91 9
3 92 11
3 93 85
3 94 53
3 95 43
3 96 17
3 97 89
3 98 41
3 99 68
3 100 99
3 101 22
3 102 57
3 103 59
3 104 55
3 105 83
3 106 68
3 107 9
3 108 60
3 109 34
3 110 89
3 111 90
3 112 74
3 113 66
3 114 46
3 115 46
3 116 55
3 117 16
3 118 38
3 119 13
3 120 17
3 121 33
3 122 54
3 123 50
3 124 95
3 125 37
3 126 22
3 127 8
3 128 62
3 129 69
3 130 87
4 4 0
4 5 0
4 6 0
4 7 0
4 8 0
4 9 0
4 10 0
4 11 0
4 12 0
4 13 0
4 14 0
4 15 0
4 16 0
4 17 0
4 18 0
4 19 21
4 20 17
4 21 28
4 22 63
4 23 64
4 24 93
4 25 99
4 26 46
4 27 26
4 28 45
4 29 50
4 30 51
4 31 50
4 32 8
4 33 88
4 34 8
4 35 31
4 36 32
4 37 31
4 38 89
4 39 20
4 40 95
4 41 6
4 42 49
4 43 11
4 44 65
4 45 11
4 46 1
4 47 59
4 48 66
4 49 22
4 50 7
4 51 84
4 52 5
4 53 14
4 54 46
4 55 19
4 56 98
4 57 86
4 58 15
4 59 42
4 60 78
4 61 40
4 62 23
4 63 74
4 64 42
4 65 2
4 66 52
4 67 57
4 68 57
4 69 80
4 70 12
4 71 2
4 72 83
4 73 8
4 74 64
4 75 66
4 76 99
4 77 46
4 78 49
4 79 46
4 80 81
4 81 32
4 82 37
4 83 94
4 84 53
4 85 82
4 86 14
4 87 75
4 88 34
4 89 99
4 90 71
4 91 32
4 92 8
4 93 51
4 94 50
4 95 98
4 96 8
4 97 21
4 98 26
4 99 3
4 100 27
4 101 69
4 102 7
4 103 35
4 104 40
4 105 68
4 106 89
4 107 9
4 108 98
4 109 83
4 110 93
4 111 58
4 112 19
4 113 68
4 114 25
4 115 81
4 116 60
4 117 65
4 118 38
4 119 52
4 120 73
4 121 67
4 122 43
4 123 91
4 124 100
4 125 32
4 126 80
4 127 82
4 128 31
4 129 28
4 130 22
5 5 0
5 6 0
5 7 0
5 8 0
5 9 0
5 10 0
5 11 0
5 12 0
5 13 0
5 14 0
5 15 0
5 16 0
5 17 0
5 18 0
5 19 70
5 20 72
5 21 54
5 22 2
5 23 9
5 24 61
5 25 73
5 26 52
5 27 23
5 28 44
5 29 34
5 30 26
5 31 59
5 32 7
5 33 45
5 34 46
5 35 90
5 36 27
5 37 97
5 38 24
5 39 51
5 40 81
5 41 73
5 42 41
5 43 52
5 44 86
5 45 100
5 46 2
5 47 94
5 48 74
5 49 73
5 50 65
5 51 58
5 52 90
5 53 26
5 54 66
5 55 69
5 56 1
5 57 40
5 58 9
5 59 70
5 60 50
5 61 50
5 62 79
5 63 61
5 64 50
5 65 87
5 66 12
5 67 21
5 68 86
5 69 21
5 70 67
5 71 63
5 72 30
5 73 14
5 74 26
5 75 97
5 76 57
5 77 31
5 78 39
5 79 17
5 80 23
5 81 38
5 82 10
5 83 99
5 84 72
5 85 42
5 86 77
5 87 48
5 88 50
5 89 37
5 90 61
5 91 55
5 92 92
5 93 97
5 94 54
5 95 100
5 96 45
5 97 11
5 98 77
5 99 3
5 100 59
5 101 42
5 102 92
5 103 54
5 104 90
5 105 79
5 106 20
5 107 17
5 108 39
5 109 38
5 110 4
5 111 66
5 112 74
5 113 61
5 114 50
5 115 28
5 116 60
5 117 85
5 118 18
5 119 56
5 120 89
5 121 11
5 122 66
5 123 91
5 124 86
5 125 73
5 126 29
5 127 56
5 128 39
5 129 54
5 130 24
6 6 0
6 7 0
6 8 0
6 9 0
6 10 0
6 11 0
6 12 0
6 13 0
6 14 0
6 15 0
6 16 0
6 17 0
6 18 0
6 19 98
6 20 47
6 21 53
6 22 9
6 23 99
6 24 33
6 25 35
6 26 15
6 27 57
6 28 44
6 29 34
6 30 31
6 31 36
6 32 65
6 33 6
6 34 87
6 35 76
6 36 52
6 37 86
6 38 13
6 39 59
6 40 80
6 41 7
6 42 33
6 43 49
6 44 83
6 45 24
6 46 76
6 47 20
6 48 23
6 49 71
6 50 19
6 51 38
6 52 92
6 53 30
6 54 55
6 55 74
6 56 78
6 57 10
6 58 40
6 59 24
6 60 67
6 61 76
6 62 13
6 63 80
6 64 82
6 65 77
6 66 61
6 67 68
6 68 39
6 69 68
6 70 87
6 71 98
6 72 60
6 73 75
6 74 87
6 75 30
6 76 90
6 77 51
6 78 65
6 79 80
6 80 86
6 81 17
6 82 34
6 83 87
6 84 64
6 85 100
6 86 95
6 87 17
6 88 27
6 89 20
6 90 18
6 91 24
6 92 58
6 93 8
6 94 80
6 95 33
6 96 80
6 97 3
6 98 94
6 99 93
6 100 52
6 101 43
6 102 69
6 103 61
6 104 84
6 105 7
6 106 47
6 107 44
6 108 32
6 109 68
6 110 67
6 111 79
6 112 87
6 113 72
6 114 22
6 115 52
6 116 78
6 117 93
6 118 48
6 119 95
6 120 82
6 121 90
6 122 25
6 123 95
6 124 7
6 125 95
6 126 51
6 127 7
6 128 74
6 129 96
6 130 61
7 7 0
7 8 0
7 9 0
7 10 0
7 11 0
7 12 0
7 13 0
7 14 0
7 15 0
7 16 0
7 17 0
7 18 0
7 19 35
7 20 53
7 21 79
7 22 44
7 23 100
7 24 86
7 25 53
7 26 82
7 27 45
7 28 98
7 29 68
7 30 56
7 31 47
7 32 11
7 33 64
7 34 61
7 35 48
7 36 19
7 37 45
7 38 26
7 39 29
7 40 39
7 41 18
7 42 50
7 43 33
7 44 21
7 45 14
7 46 4
7 47 63
7 48 94
7 49 65
7 50 60
7 51 33
7 52 49
7 53 33
7 54 20
7 55 19
7 56 68
7 57 17
7 58 88
7 59 78
7 60 90
7 61 66
7 62 64
7 63 96
7 64 57
7 65 11
7 66 54
7 67 66
7 68 88
7 69 71
7 70 82
7 71 46
7 72 82
7 73 37
7 74 73
7 75 44
7 76 4
7 77 67
7 78 28
7 79 17
7 80 75
7 81 10
7 82 68
7 83 80
7 84 74
7 85 43
7 86 34
7 87 72
7 88 49
7 89 24
7 90 14
7 91 2
7 92 95
7 93 18
7 94 95
7 95 4
7 96 20
7 97 88
7 98 74
7 99 34
7 100 74
7 101 4
7 102 89
7 103 77
7 104 34
7 105 39
7 106 21
7 107 76
7 108 31
7 109 78
7 110 97
7 111 74
7 112 92
7 113 54
7 114 69
7 115 13
7 116 32
7 117 68
7 118 58
7 119 22
7 120 98
7 121 80
7 122 99
7 123 94
7 124 50
7 125 63
7 126 86
7 127 72
7 128 72
7 129 72
7 130 5
8 8 0
8 9 0
8 10 0
8 11 0
8 12 0
8 13 0
8 14 0
8 15 0
8 16 0
8 17 0
8 18 0
8 19 32
8 20 34
8 21 9
8 22 70
8 23 62
8 24 98
8 25 67
8 26 38
8 27 52
8 28 63
8 29 99
8 30 69
8 31 48
8 32 38
8 33 12
8 34 48
8 35 22
8 36 88
8 37 37
8 38 75
8 39 63
8 40 76
8 41 84
8 42 56
8 43 75
8 44 74
8 45 42
8 46 64
8 47 90
8 48 96
8 49 95
8 50 11
8 51 100
8 52 42
8 53 45
8 54 96
8 55 27
8 56 77
8 57 15
8 58 67
8 59 49
8 60 22
8 61 86
8 62 86
8 63 49
8 64 35
8 65 100
8 66 16
8 67 4
8 68 48
8 69 69
8 70 14
8 71 89
8 72 2
8 73 91
8 74 15
8 75 55
8 76 36
8 77 91
8 78 7
8 79 64
8 80 73
8 81 21
8 82 50
8 83 81
8 84 10
8 85 87
8 86 73
8 87 33
8 88 13
8 89 32
8 90 33
8 91 30
8 92 12
8 93 94
8 94 18
8 95 58
8 96 89
8 97 37
8 98 18
8 99 81
8 100 73
8 101 100
8 102 61
8 103 27
8 104 14
8 105 53
8 106 60
8 107 49
8 108 62
8 109 54
8 110 58
8 111 94
8 112 90
8 113 99
8 114 1
8 115 48
8 116 38
8 117 8
8 118 66
8 119 85
8 120 83
8 121 17
8 122 25
8 123 19
8 124 95
8 125 50
8 126 96
8 127 82
8 128 29
8 129 10
8 130 96
9 9 0
9 10 0
9 11 0
9 12 0
9 13 0
9 14 0
9 15 0
9 16 0
9 17 0
9 18 0
9 19 10
9 20 26
9 21 4
9 22 80
9 23 57
9 24 60
9 25 87
9 26 45
9 27 70
9 28 2
9 29 30
9 30 67
9 31 80
9 32 13
9 33 84
9 34 22
9 35 77
9 36 22
9 37 77
9 38 73
9 39 21
9 40 88
9 41 50
9 42 55
9 43 22
9 44 44
9 45 63
9 46 43
9 47 79
9 48 77
9 49 79
9 50 2
9 51 39
9 52 53
9 53 74
9 54 19
9 55 52
9 56 59
9 57 67
9 58 72
9 59 29
9 60 92
9 61 39
9 62 9
9 63 18
9 64 26
9 65 32
9 66 48
9 67 69
9 68 75
9 69 67
9 70 89
9 71 53
9 72 10
9 73 46
9 74 84
9 75 35
9 76 43
9 77 46
9 78 16
9 79 12
9 80 6
9 81 37
9 82 48
9 83 63
9 84 95
9 85 25
9 86 63
9 87 15
9 88 15
9 89 2
9 90 47
9 91 21
9 92 36
9 93 54
9 94 79
9 95 49
9 96 82
9 97 86
9 98 94
9 99 90
9 100 43
9 101 93
9 102 4
9 103 72
9 104 83
9 105 56
9 106 41
9 107 100
9 108 54
9 109 97
9 110 49
9 111 77
9 112 80
9 113 21
9 114 44
9 115 38
9 116 6
9 117 61
9 118 25
9 119 31
9 120 100
9 121 70
9 122 11
9 123 23
9 124 54
9 125 82
9 126 56
9 127 22
9 128 53
9 129 66
9 130 68
10 10 0
10 11 0
10 12 0
10 13 0
10 14 0
10 15 0
10 16 0
10 17 0
10 18 0
10 19 97
10 20 66
10 21 19
10 22 58
10 23 14
10 24 32
10 25 39
10 26 80
10 27 62
10 28 14
10 29 58
10 30 45
10 31 49
10 32 21
10 33 51
10 34 82
10 35 56
10 36 33
10 37 36
10 38 27
10 39 37
10 40 90
10 41 71
10 42 30
10 43 36
10 44 43
10 45 37
10 46 23
10 47 97
10 48 84
10 49 91
10 50 56
10 51 35
10 52 22
10 53 89
10 54 29
10 55 3
10 56 32
10 57 23
10 58 72
10 59 95
10 60 17
10 61 15
10 62 66
10 63 80
10 64 29
10 65 4
10 66 11
10 67 24
10 68 57
10 69 83
10 70 36
10 71 58
10 72 74
10 73 33
10 74 48
10 75 23
10 76 5
10 77 33
10 78 52
10 79 34
10 80 52
10 81 74
10 82 70
10 83 53
10 84 38
10 85 35
10 86 37
10 87 91
10 88 85
10 89 11
10 90 89
10 91 55
10 92 5
10 93 27
10 94 47
10 95 25
10 96 80
10 97 66
10 98 22
10 99 15
10 100 65
10 101 53
10 102 37
10 103 98
10 104 88
10 105 30
10 106 50
10 107 58
10 108 21
10 109 92
10 110 14
10 111 35
10 112 46
10 113 61
10 114 93
10 115 32
10 116 99
10 117 57
10 118 95
10 119 62
10 120 43
10 121 24
10 122 12
10 123 88
10 124 61
10 125 100
10 126 81
10 127 16
10 128 4
10 129 29
10 130 11
11 11 0
11 12 0
11 13 0
11 14 0
11 15 0
11 16 0
11 17 0
11 18 0
11 19 64
11 20 60
11 21 84
11 22 53
11 23 28
11 24 58
11 25 2
11 26 56
11 27 49
11 28 99
11 29 89
11 30 63
11 31 39
11 32 30
11 33 28
11 34 64
11 35 64
11 36 16
11 37 26
11 38 25
11 39 49
11 40 53
11 41 24
11 42 48
11 43 28
11 44 98
11 45 31
11 46 54
11 47 52
11 48 50
11 49 93
11 50 14
11 51 37
11 52 19
11 53 8
11 54 39
11 55 90
11 56 80
11 57 48
11 58 59
11 59 31
11 60 21
11 61 28
11 62 13
11 63 45
11 64 93
11 65 35
11 66 96
11 67 54
11 68 1
11 69 59
11 70 26
11 71 77
11 72 21
11 73 74
11 74 93
11 75 56
11 76 78
11 77 29
11 78 97
11 79 4
11 80 56
11 81 53
11 82 86
11 83 54
11 84 78
11 85 33
11 86 100
11 87 34
11 88 88
11 89 59
11 90 24
11 91 23
11 92 28
11 93 53
11 94 71
11 95 84
11 96 43
11 97 92
11 98 49
11 99 27
11 100 58
11 101 98
11 102 4
11 103 57
11 104 31
11 105 58
11 106 100
11 107 57
11 108 20
11 109 85
11 110 36
11 111 64
11 112 65
11 113 70
11 114 45
11 115 27
11 116 45
11 117 23
11 118 96
11 119 79
11 120 28
11 121 63
11 122 61
11 123 6
11 124 93
11 125 31
11 126 23
11 127 28
11 128 1
11 129 86
11 130 48
12 12 0
12 13 0
12 14 0
12 15 0
12 16 0
12 17 0
12 18 0
12 19 12
12 20 30
12 21 5
12 22 61
12 23 14
12 24 13
12 25 63
12 26 92
12 27 55
12 28 5
12 29 61
12 30 16
12 31 53
12 32 94
12 33 11
12 34 96
12 35 79
12 36 62
12 37 29
12 38 42
12 39 45
12 40 47
12 41 24
12 42 91
12 43 69
12 44 76
12 45 13
12 46 26
12 47 87
12 48 28
12 49 51
12 50 90
12 51 56
12 52 33
12 53 70
12 54 2
12 55 33
12 56 85
12 57 54
12 58 58
12 59 50
12 60 19
12 61 56
12 62 83
12 63 69
12 64 1
12 65 68
12 66 20
12 67 3
12 68 15
12 69 82
12 70 94
12 71 11
12 72 13
12 73 1
12 74 97
12 75 53
12 76 23
12 77 51
12 78 76
12 79 63
12 80 8
12 81 47
12 82 59
12 83 21
12 84 93
12 85 10
12 86 90
12 87 92
12 88 85
12 89 27
12 90 99
12 91 22
12 92 41
12 93 26
12 94 55
12 95 47
12 96 31
12 97 53
12 98 63
12 99 74
12 100 79
12 101 100
12 102 77
12 103 23
12 104 6
12 105 11
12 106 97
12 107 57
12 108 85
12 109 100
12 110 42
12 111 70
12 112 4
12 113 59
12 114 84
12 115 66
12 116 47
12 117 9
12 118 53
12 119 76
12 120 22
12 121 87
12 122 67
12 123 95
12 124 38
12 125 80
12 126 89
12 127 20
12 128 81
12 129 4
12 130 73
13 13 0
13 14 0
13 15 0
13 16 0
13 17 0
13 18 0
13 19 82
13 20 61
13 21 63
13 22 32
13 23 56
13 24 48
13 25 97
13 26 45
13 27 34
13 28 38
13 29 38
13 30 92
13 31 44
13 32 97
13 33 80
13 34 86
13 35 91
13 36 34
13 37 16
13 38 56
13 39 5
13 40 91
13 41 46
13 42 61
13 43 87
13 44 48
13 45 51
13 46 20
13 47 5
13 48 17
13 49 67
13 50 1
13 51 30
13 52 28
13 53 78
13 54 63
13 55 79
13 56 51
13 57 53
13 58 14
13 59 35
13 60 95
13 61 97
13 62 100
13 63 49
13 64 3
13 65 12
13 66 55
13 67 9
13 68 54
13 69 14
13 70 97
13 71 74
13 72 76
13 73 31
13 74 79
13 75 20
13 76 4
13 77 92
13 78 32
13 79 37
13 80 84
13 81 58
13 82 30
13 83 74
13 84 68
13 85 26
13 86 93
13 87 46
13 88 7
13 89 69
13 90 64
13 91 52
13 92 10
13 93 7
13 94 59
13 95 69
13 96 21
13 97 18
13 98 87
13 99 99
13 100 36
13 101 40
13 102 6
13 103 64
13 104 14
13 105 47
13 106 86
13 107 54
13 108 21
13 109 10
13 110 4
13 111 94
13 112 28
13 113 12
13 114 60
13 115 21
13 116 91
13 117 53
13 118 99
13 119 3
13 120 100
13 121 34
13 122 26
13 123 42
13 124 90
13 125 36
13 126 67
13 127 28
13 128 45
13 129 94
13 130 17
14 14 0
14 15 0
14 16 0
14 17 0
14 18 0
14 19 90
14 20 51
14 21 90
14 22 26
14 23 78
14 24 61
14 25 85
14 26 50
14 27 40
14 28 82
14 29 51
14 30 58
14 31 17
14 32 41
14 33 9
14 34 50
14 35 92
14 36 27
14 37 31
14 38 22
14 39 1
14 40 20
14 41 91
14 42 77
14 43 91
14 44 51
14 45 94
14 46 77
14 47 9
14 48 87
14 49 49
14 50 81
14 51 2
14 52 79
14 53 71
14 54 44
14 55 26
14 56 68
14 57 22
14 58 19
14 59 27
14 60 31
14 61 70
14 62 78
14 63 46
14 64 11
14 65 8
14 66 91
14 67 79
14 68 10
14 69 12
14 70 72
14 71 87
14 72 12
14 73 66
14 74 37
14 75 32
14 76 87
14 77 91
14 78 25
14 79 4
14 80 56
14 81 88
14 82 21
14 83 4
14 84 76
14 85 62
14 86 84
14 87 27
14 88 96
14 89 82
14 90 83
14 91 89
14 92 29
14 93 86
14 94 63
14 95 87
14 96 97
14 97 62
14 98 49
14 99 58
14 100 9
14 101 22
14 102 4
14 103 37
14 104 89
14 105 34
14 106 84
14 107 67
14 108 40
14 109 40
14 110 12
14 111 66
14 112 7
14 113 100
14 114 34
14 115 81
14 116 41
14 117 28
14 118 68
14 119 99
14 120 92
14 121 5
14 122 85
14 123 62
14 124 25
14 125 29
14 126 62
14 127 60
14 128 42
14 129 49
14 130 82
15 15 0
15 16 0
15 17 0
15 18 0
15 19 44
15 20 9
15 21 62
15 22 28
15 23 100
15 24 31
15 25 15
15 26 42
15 27 52
15 28 54
15 29 88
15 30 24
15 31 100
15 32 96
15 33 89
15 34 55
15 35 4
15 36 39
15 37 1
15 38 9
15 39 37
15 40 38
15 41 8
15 42 100
15 43 33
15 44 96
15 45 64
15 46 18
15 47 53
15 48 87
15 49 25
15 50 23
15 51 9
15 52 7
15 53 54
15 54 51
15 55 60
15 56 67
15 57 17
15 58 88
15 59 13
15 60 5
15 61 18
15 62 55
15 63 55
15 64 59
15 65 10
15 66 79
15 67 66
15 68 92
15 69 4
15 70 20
15 71 20
15 72 26
15 73 75
15 74 68
15 75 98
15 76 2
15 77 39
15 78 3
15 79 47
15 80 98
15 81 19
15 82 11
15 83 98
15 84 34
15 85 58
15 86 14
15 87 90
15 88 21
15 89 21
15 90 71
15 91 13
15 92 74
15 93 74
15 94 27
15 95 88
15 96 68
15 97 21
15 98 47
15 99 1
15 100 39
15 101 37
15 102 30
15 103 7
15 104 44
15 105 35
15 106 99
15 107 22
15 108 7
15 109 28
15 110 81
15 111 14
15 112 65
15 113 7
15 114 30
15 115 38
15 116 22
15 117 22
15 118 84
15 119 25
15 120 5
15 121 59
15 122 29
15 123 90
15 124 75
15 125 99
15 126 22
15 127 14
15 128 61
15 129 48
15 130 29
16 16 0
16 17 0
16 18 0
16 19 58
16 20 62
16 21 51
16 22 16
16 23 77
16 24 27
16 25 60
16 26 83
16 27 50
16 28 29
16 29 36
16 30 57
16 31 17
16 32 42
16 33 9
16 34 37
16 35 54
16 36 32
16 37 40
16 38 89
16 39 70
16 40 17
16 41 9
16 42 94
16 43 62
16 44 20
16 45 79
16 46 28
16 47 27
16 48 9
16 49 46
16 50 27
16 51 19
16 52 75
16 53 9
16 54 33
16 55 20
16 56 27
16 57 48
16 58 70
16 59 100
16 60 73
16 61 48
16 62 78
16 63 76
16 64 87
16 65 36
16 66 33
16 67 84
16 68 88
16 69 100
16 70 19
16 71 42
16 72 17
16 73 47
16 74 95
16 75 30
16 76 63
16 77 64
16 78 81
16 79 18
16 80 76
16 81 54
16 82 18
16 83 99
16 84 16
16 85 85
16 86 43
16 87 80
16 88 82
16 89 28
16 90 63
16 91 53
16 92 39
16 93 48
16 94 41
16 95 11
16 96 94
16 97 46
16 98 97
16 99 6
16 100 22
16 101 71
16 102 74
16 103 12
16 104 71
16 105 3
16 106 34
16 107 7
16 108 67
16 109 25
16 110 57
16 111 26
16 112 73
16 113 25
16 114 69
16 115 69
16 116 90
16 117 34
16 118 87
16 119 1
16 120 12
16 121 22
16 122 42
16 123 23
16 124 62
16 125 96
16 126 72
16 127 44
16 128 33
16 129 5
16 130 70
17 17 0
17 18 0
17 19 80
17 20 79
17 21 77
17 22 36
17 23 18
17 24 81
17 25 51
17 26 77
17 27 47
17 28 34
17 29 43
17 30 97
17 31 12
17 32 56
17 33 93
17 34 9
17 35 33
17 36 49
17 37 60
17 38 88
17 39 100
17 40 44
17 41 85
17 42 81
17 43 32
17 44 70
17 45 67
17 46 45
17 47 66
17 48 96
17 49 31
17 50 73
17 51 50
17 52 90
17 53 36
17 54 62
17 55 35
17 56 74
17 57 5
17 58 95
17 59 31
17 60 74
17 61 65
17 62 9
17 63 18
17 64 58
17 65 22
17 66 24
17 67 72
17 68 46
17 69 14
17 70 84
17 71 57
17 72 16
17 73 6
17 74 42
17 75 39
17 76 12
17 77 80
17 78 5
17 79 48
17 80 25
17 81 86
17 82 98
17 83 64
17 84 63
17 85 4
17 86 78
17 87 30
17 88 77
17 89 3
17 90 86
17 91 76
17 92 91
17 93 95
17 94 24
17 95 7
17 96 4
17 97 45
17 98 3
17 99 70
17 100 20
17 101 80
17 102 45
17 103 79
17 104 48
17 105 14
17 106 26
17 107 29
17 108 48
17 109 18
17 110 75
17 111 92
17 112 93
17 113 9
17 114 78
17 115 88
17 116 37
17 117 16
17 118 38
17 119 74
17 120 5
17 121 97
17 122 56
17 123 72
17 124 84
17 125 71
17 126 62
17 127 78
17 128 98
17 129 79
17 130 5
18 18 0
18 19 29
18 20 45
18 21 83
18 22 82
18 23 31
18 24 93
18 25 16
18 26 20
18 27 38
18 28 8
18 29 22
18 30 77
18 31 28
18 32 69
18 33 20
18 34 73
18 35 24
18 36 100
18 37 73
18 38 7
18 39 38
18 40 28
18 41 57
18 42 21
18 43 83
18 44 99
18 45 60
18 46 65
18 47 57
18 48 62
18 49 10
18 50 31
18 51 21
18 52 85
18 53 11
18 54 49
18 55 99
18 56 40
18 57 11
18 58 88
18 59 6
18 60 33
18 61 10
18 62 81
18 63 62
18 64 94
18 65 38
18 66 53
18 67 83
18 68 59
18 69 14
18 70 76
18 71 48
18 72 76
18 73 100
18 74 59
18 75 79
18 76 61
18 77 79
18 78 12
18 79 48
18 80 16
18 81 89
18 82 97
18 83 75
18 84 13
18 85 90
18 86 95
18 87 73
18 88 19
18 89 84
18 90 9
18 91 2
18 92 40
18 93 92
18 94 10
18 95 85
18 96 9
18 97 31
18 98 70
18 99 63
18 100 44
18 101 10
18 102 86
18 103 48
18 104 53
18 105 50
18 106 41
18 107 9
18 108 86
18 109 22
18 110 60
18 111 22
18 112 61
18 113 8
18 114 14
18 115 40
18 116 62
18 117 39
18 118 79
18 119 6
18 120 39
18 121 89
18 122 92
18 123 13
18 124 53
18 125 39
18 126 100
18 127 21
18 128 94
18 129 1
18 130 83
19 19 0
19 20 0
19 21 0
19 22 0
19 23 0
19 24 0
19 25 0
19 26 0
19 27 0
19 28 0
19 29 0
19 30 0
19 31 0
19 32 0
19 33 0
19 34 0
19 35 0
19 36 0
19 37 0
19 38 0
19 39 0
19 40 0
19 41 0
19 42 59
19 43 62
19 44 24
19 45 39
19 46 57
19 47 51
19 48 74
19 49 32
19 50 4
19 51 4
19 52 80
19 53 71
19 54 21
19 55 31
19 56 57
19 57 36
19 58 60
19 59 78
19 60 82
19 61 23
19 62 89
19 63 83
19 64 97
19 65 54
19 66 22
19 67 72
19 68 39
19 69 60
19 70 91
19 71 51
19 72 87
19 73 47
19 74 85
19 75 5
19 76 15
19 77 63
19 78 49
19 79 43
19 80 19
19 81 61
19 82 21
19 83 54
19 84 19
19 85 58
19 86 20
19 87 33
19 88 92
19 89 13
19 90 9
19 91 83
19 92 38
19 93 47
19 94 88
19 95 61
19 96 8
19 97 12
19 98 25
19 99 34
19 100 52
19 101 39
19 102 31
19 103 9
19 104 25
19 105 33
19 106 53
19 107 43
19 108 81
19 109 56
19 110 18
19 111 56
19 112 99
19 113 2
19 114 17
19 115 89
19 116 59
19 117 26
19 118 16
19 119 37
19 120 93
19 121 89
19 122 32
19 123 38
19 124 33
19 125 16
19 126 58
19 127 25
19 128 89
19 129 20
19 130 92
20 20 0
20 21 0
20 22 0
20 23 0
20 24 0
20 25 0
20 26 0
20 27 0
20 28 0
20 29 0
20 30 0
20 31 0
20 32 0
20 33 0
20 34 0
20 35 0
20 36 0
20 37 0
20 38 0
20 39 0
20 40 0
20 41 0
20 42 60
20 43 32
20 44 41
20 45 85
20 46 46
20 47 68
20 48 43
20 49 54
20 50 99
20 51 53
20 52 89
20 53 21
20 54 32
20 55 80
20 56 42
20 57 83
20 58 95
20 59 95
20 60 63
20 61 54
20 62 10
20 63 26
20 64 70
20 65 96
20 66 7
20 67 70
20 68 78
20 69 43
20 70 22
20 71 48
20 72 74
20 73 57
20 74 32
20 75 29
20 76 94
20 77 58
20 78 8
20 79 25
20 80 79
20 81 21
20 82 42
20 83 22
20 84 48
20 85 94
20 86 6
20 87 94
20 88 23
20 89 60
20 90 53
20 91 58
20 92 76
20 93 80
20 94 64
20 95 66
20 96 25
20 97 45
20 98 53
20 99 12
20 100 50
20 101 44
20 102 2
20 103 40
20 104 61
20 105 79
20 106 27
20 107 76
20 108 71
20 109 91
20 110 77
20 111 36
20 112 20
20 113 16
20 114 33
20 115 45
20 116 63
20 117 45
20 118 15
20 119 50
20 120 64
20 121 16
20 122 88
20 123 13
20 124 66
20 125 7
20 126 43
20 127 87
20 128 92
20 129 45
20 130 40
21 21 0
21 22 0
21 23 0
21 24 0
21 25 0
21 26 0
21 27 0
21 28 0
21 29 0
21 30 0
21 31 0
21 32 0
21 33 0
21 34 0
21 35 0
21 36 0
21 37 0
21 38 0
21 39 0
21 40 0
21 41 0
21 42 33
21 43 70
21 44 16
21 45 63
21 46 46
21 47 93
21 48 60
21 49 14
21 50 46
21 51 98
21 52 65
21 53 20
21 54 69
21 55 50
21 56 76
21 57 11
21 58 27
21 59 21
21 60 65
21 61 99
21 62 62
21 63 88
21 64 88
21 65 90
21 66 9
21 67 81
21 68 100
21 69 42
21 70 44
21 71 56
21 72 62
21 73 67
21 74 64
21 75 83
21 76 35
21 77 70
21 78 74
21 79 23
21 80 50
21 81 58
21 82 65
21 83 31
21 84 28
21 85 3
21 86 17
21 87 24
21 88 54
21 89 56
21 90 21
21 91 91
21 92 63
21 93 6
21 94 22
21 95 81
21 96 3
21 97 44
21 98 73
21 99 14
21 100 69
21 101 99
21 102 16
21 103 51
21 104 40
21 105 23
21 106 68
21 107 44
21 108 12
21 109 91
21 110 63
21 111 76
21 112 29
21 113 87
21 114 55
21 115 22
21 116 51
21 117 80
21 118 48
21 119 61
21 120 72
21 121 95
21 122 52
21 123 19
21 124 84
21 125 100
21 126 32
21 127 3
21 128 33
21 129 21
21 130 70
22 22 0
22 23 0
22 24 0
22 25 0
22 26 0
22 27 0
22 28 0
22 29 0
22 30 0
22 31 0
22 32 0
22 33 0
22 34 0
22 35 0
22 36 0
22 37 0
22 38 0
22 39 0
22 40 0
22 41 0
22 42 45
22 43 87
22 44 38
22 45 35
22 46 95
22 47 88
22 48 1
22 49 78
22 50 48
22 51 9
22 52 77
22 53 98
22 54 31
22 55 64
22 56 76
22 57 7
22 58 75
22 59 42
22 60 82
22 61 16
22 62 70
22 63 83
22 64 5
22 65 68
22 66 27
22 67 52
22 68 91
22 69 35
22 70 24
22 71 82
22 72 13
22 73 53
22 74 85
22 75 68
22 76 52
22 77 60
22 78 65
22 79 59
22 80 62
22 81 74
22 82 75
22 83 96
22 84 17
22 85 14
22 86 46
22 87 20
22 88 19
22 89 23
22 90 12
22 91 82
22 92 99
22 93 29
22 94 48
22 95 35
22 96 7
22 97 89
22 98 83
22 99 20
22 100 8
22 101 73
22 102 18
22 103 92
22 104 29
22 105 78
22 106 8
22 107 16
22 108 2
22 109 48
22 110 83
22 111 11
22 112 25
22 113 18
22 114 99
22 115 82
22 116 71
22 117 26
22 118 26
22 119 18
22 120 42
22 121 55
22 122 51
22 123 48
22 124 22
22 125 34
22 126 79
22 127 64
22 128 75
22 129 85
22 130 52
23 23 0
23 24 0
23 25 0
23 26 0
23 27 0
23 28 0
23 29 0
23 30 0
23 31 0
23 32 0
23 33 0
23 34 0
23 35 0
23 36 0
23 37 0
23 38 0
23 39 0
23 40 0
23 41 0
23 42 53
23 43 46
23 44 77
23 45 34
23 46 69
23 47 53
23 48 86
23 49 59
23 50 46
23 51 85
23 52 4
23 53 4
23 54 35
23 55 88
23 56 64
23 57 100
23 58 60
23 59 14
23 60 67
23 61 77
23 62 45
23 63 81
23 64 99
23 65 30
23 66 17
23 67 7
23 68 39
23 69 24
23 70 75
23 71 79
23 72 68
23 73 41
23 74 8
23 75 39
23 76 34
23 77 1
23 78 96
23 79 44
23 80 11
23 81 99
23 82 68
23 83 19
23 84 60
23 85 57
23 86 75
23 87 19
23 88 14
23 89 65
23 90 55
23 91 86
23 92 11
23 93 94
23 94 86
23 95 30
23 96 14
23 97 4
23 98 65
23 99 12
23 100 32
23 101 26
23 102 77
23 103 88
23 104 20
23 105 22
23 106 94
23 107 8
23 108 6
23 109 19
23 110 49
23 111 98
23 112 76
23 113 66
23 114 77
23 115 50
23 116 57
23 117 99
23 118 71
23 119 93
23 120 33
23 121 67
23 122 85
23 123 40
23 124 36
23 125 50
23 126 59
23 127 75
23 128 31
23 129 77
23 130 73
24 24 0
24 25 0
24 26 0
24 27 0
24 28 0
24 29 0
24 30 0
24 31 0
24 32 0
24 33 0
24 34 0
24 35 0
24 36 0
24 37 0
24 38 0
24 39 0
24 40 0
24 41 0
24 42 24
24 43 81
24 44 87
24 45 57
24 46 48
24 47 62
24 48 78
24 49 12
24 50 27
24 51 42
24 52 17
24 53 92
24 54 6
24 55 56
24 56 40
24 57 14
24 58 17
24 59 18
24 60 97
24 61 28
24 62 54
24 63 71
24 64 90
24 65 94
24 66 31
24 67 23
24 68 89
24 69 49
24 70 47
24 71 30
24 72 85
24 73 20
24 74 98
24 75 19
24 76 85
24 77 68
24 78 47
24 79 1
24 80 18
24 81 89
24 82 10
24 83 1
24 84 32
24 85 46
24 86 48
24 87 37
24 88 78
24 89 33
24 90 65
24 91 32
24 92 30
24 93 75
24 94 2
24 95 5
24 96 53
24 97 13
24 98 74
24 99 84
24 100 54
24 101 36
24 102 50
24 103 68
24 104 57
24 105 56
24 106 88
24 107 80
24 108 28
24 109 62
24 110 7
24 111 34
24 112 81
24 113 70
24 114 77
24 115 8
24 116 18
24 117 47
24 118 11
24 119 6
24 120 52
24 121 3
24 122 23
24 123 4
24 124 51
24 125 49
24 126 66
24 127 46
24 128 21
24 129 89
24 130 83
25 25 0
25 26 0
25 27 0
25 28 0
25 29 0
25 30 0
25 31 0
25 32 0
25 33 0
25 34 0
25 35 0
25 36 0
25 37 0
25 38 0
25 39 0
25 40 0
25 41 0
25 42 27
25 43 64
25 44 29
25 45 22
25 46 52
25 47 37
25 48 85
25 49 33
25 50 32
25 51 30
25 52 3
25 53 9
25 54 77
25 55 99
25 56 73
25 57 62
25 58 11
25 59 26
25 60 52
25 61 67
25 62 56
25 63 48
25 64 86
25 65 13
25 66 100
25 67 73
25 68 5
25 69 83
25 70 27
25 71 39
25 72 86
25 73 18
25 74 15
25 75 80
25 76 78
25 77 70
25 78 15
25 79 40
25 80 29
25 81 86
25 82 6
25 83 27
25 84 75
25 85 55
25 86 18
25 87 66
25 88 9
25 89 33
25 90 66
25 91 8
25 92 46
25 93 92
25 94 15
25 95 69
25 96 63
25 97 9
25 98 41
25 99 24
25 100 15
25 101 85
25 102 17
25 103 78
25 104 47
25 105 32
25 106 52
25 107 16
25 108 96
25 109 90
25 110 29
25 111 4
25 112 8
25 113 31
25 114 33
25 115 63
25 116 54
25 117 58
25 118 12
25 119 61
25 120 50
25 121 68
25 122 34
25 123 80
25 124 39
25 125 54
25 126 67
25 127 70
25 128 28
25 129 12
25 130 38
26 26 0
26 27 0
26 28 0
26 29 0
26 30 0
26 31 0
26 32 0
26 33 0
26 34 0
26 35 0
26 36 0
26 37 0
26 38 0
26 39 0
26 40 0
26 41 0
26 42 46
26 43 57
26 44 79
26 45 95
26 46 34
26 47 1
26 48 36
26 49 99
26 50 13
26 51 3
26 52 48
26 53 33
26 54 40
26 55 19
26 56 11
26 57 22
26 58 67
26 59 46
26 60 93
26 61 28
26 62 69
26 63 17
26 64 76
26 65 59
26 66 29
26 67 38
26 68 26
26 69 66
26 70 95
26 71 17
26 72 75
26 73 89
26 74 18
26 75 6
26 76 17
26 77 62
26 78 21
26 79 85
26 80 39
26 81 29
26 82 34
26 83 100
26 84 47
26 85 24
26 86 66
26 87 33
26 88 9
26 89 24
26 90 18
26 91 97
26 92 52
26 93 6
26 94 45
26 95 59
26 96 60
26 97 86
26 98 54
26 99 82
26 100 14
26 101 82
26 102 78
26 103 68
26 104 52
26 105 86
26 106 77
26 107 27
26 108 74
26 109 26
26 110 15
26 111 10
26 112 88
26 113 67
26 114 37
26 115 68
26 116 84
26 117 87
26 118 26
26 119 97
26 120 59
26 121 77
26 122 28
26 123 39
26 124 48
26 125 50
26 126 22
26 127 28
26 128 91
26 129 73
26 130 54
27 27 0
27 28 0
27 29 0
27 30 0
27 31 0
27 32 0
27 33 0
27 34 0
27 35 0
27 36 0
27 37 0
27 38 0
27 39 0
27 40 0
27 41 0
27 42 95
27 43 6
27 44 61
27 45 92
27 46 43
27 47 69
27 48 1
27 49 73
27 50 8
27 51 60
27 52 55
27 53 76
27 54 34
27 55 35
27 56 32
27 57 97
27 58 63
27 59 17
27 60 87
27 61 61
27 62 80
27 63 83
27 64 74
27 65 30
27 66 58
27 67 17
27 68 42
27 69 71
27 70 95
27 71 35
27 72 54
27 73 47
27 74 92
27 75 93
27 76 27
27 77 27
27 78 7
27 79 75
27 80 85
27 81 51
27 82 46
27 83 21
27 84 73
27 85 49
27 86 11
27 87 39
27 88 37
27 89 19
27 90 37
27 91 15
27 92 67
27 93 64
27 94 15
27 95 44
27 96 93
27 97 90
27 98 95
27 99 95
27 100 38
27 101 42
27 102 82
27 103 65
27 104 48
27 105 99
27 106 32
27 107 89
27 108 51
27 109 58
27 110 43
27 111 64
27 112 41
27 113 46
27 114 95
27 115 34
27 116 5
27 117 56
27 118 27
27 119 85
27 120 37
27 121 85
27 122 64
27 123 21
27 124 10
27 125 4
27 126 93
27 127 52
27 128 75
27 129 79
27 130 76
28 28 0
28 29 0
28 30 0
28 31 0
28 32 0
28 33 0
28 34 0
28 35 0
28 36 0
28 37 0
28 38 0
28 39 0
28 40 0
28 41 0
28 42 65
28 43 1
28 44 67
28 45 74
28 46 45
28 47 53
28 48 13
28 49 53
28 50 23
28 51 43
28 52 84
28 53 29
28 54 72
28 55 74
28 56 15
28 57 66
28 58 10
28 59 36
28 60 51
28 61 25
28 62 32
28 63 14
28 64 1
28 65 42
28 66 61
28 67 56
28 68 73
28 69 64
28 70 60
28 71 36
28 72 83
28 73 46
28 74 56
28 75 61
28 76 13
28 77 88
28 78 93
28 79 98
28 80 7
28 81 33
28 82 26
28 83 51
28 84 79
28 85 33
28 86 82
28 87 11
28 88 65
28 89 21
28 90 61
28 91 55
28 92 73
28 93 4
28 94 88
28 95 95
28 96 5
28 97 88
28 98 68
28 99 7
28 100 48
28 101 65
28 102 22
28 103 96
28 104 55
28 105 69
28 106 20
28 107 87
28 108 68
28 109 94
28 110 39
28 111 46
28 112 51
28 113 87
28 114 14
28 115 47
28 116 19
28 117 43
28 118 50
28 119 23
28 120 81
28 121 49
28 122 69
28 123 54
28 124 22
28 125 3
28 126 48
28 127 36
28 128 82
28 129 5
28 130 84
29 29 0
29 30 0
29 31 0
29 32 0
29 33 0
29 34 0
29 35 0
29 36 0
29 37 0
29 38 0
29 39 0
29 40 0
29 41 0
29 42 5
29 43 19
29 44 40
29 45 14
29 46 84
29 47 85
29 48 97
29 49 48
29 50 40
29 51 56
29 52 68
29 53 1
29 54 39
29 55 58
29 56 2
29 57 10
29 58 36
29 59 56
29 60 33
29 61 37
29 62 35
29 63 98
29 64 2
29 65 23
29 66 55
29 67 63
29 68 45
29 69 50
29 70 64
29 71 49
29 72 83
29 73 74
29 74 21
29 75 15
29 76 57
29 77 51
29 78 94
29 79 29
29 80 36
29 81 30
29 82 4
29 83 21
29 84 96
29 85 26
29 86 72
29 87 34
29 88 68
29 89 53
29 90 20
29 91 47
29 92 57
29 93 76
29 94 45
29 95 53
29 96 98
29 97 15
29 98 10
29 99 3
29 100 6
29 101 8
29 102 2
29 103 80
29 104 90
29 105 86
29 106 60
29 107 70
29 108 8
29 109 41
29 110 6
29 111 74
29 112 75
29 113 38
29 114 31
29 115 45
29 116 76
29 117 72
29 118 5
29 119 96
29 120 37
29 121 97
29 122 8
29 123 85
29 124 77
29 125 36
29 126 66
29 127 87
29 128 76
29 129 50
29 130 72
30 30 0
30 31 0
30 32 0
30 33 0
30 34 0
30 35 0
30 36 0
30 37 0
30 38 0
30 39 0
30 40 0
30 41 0
30 42 36
30 43 57
30 44 24
30 45 56
30 46 61
30 47 18
30 48 59
30 49 32
30 50 8
30 51 4
30 52 8
30 53 16
30 54 28
30 55 57
30 56 66
30 57 68
30 58 30
30 59 72
30 60 100
30 61 77
30 62 93
30 63 69
30 64 61
30 65 59
30 66 42
30 67 5
30 68 48
30 69 28
30 70 48
30 71 76
30 72 32
30 73 18
30 74 97
30 75 36
30 76 100
30 77 37
30 78 11
30 79 78
30 80 80
30 81 49
30 82 51
30 83 17
30 84 59
30 85 31
30 86 2
30 87 32
30 88 35
30 89 58
30 90 23
30 91 16
30 92 23
30 93 12
30 94 95
30 95 75
30 96 10
30 97 79
30 98 40
30 99 43
30 100 82
30 101 99
30 102 18
30 103 19
30 104 74
30 105 46
30 106 67
30 107 8
30 108 57
30 109 58
30 110 61
30 111 61
30 112 35
30 113 90
30 114 39
30 115 2
30 116 94
30 117 33
30 118 12
30 119 93
30 120 52
30 121 79
30 122 37
30 123 86
30 124 40
30 125 98
30 126 43
30 127 42
30 128 14
30 129 31
30 130 22
31 31 0
31 32 0
31 33 0
31 34 0
31 35 0
31 36 0
31 37 0
31 38 0
31 39 0
31 40 0
31 41 0
31 42 43
31 43 87
31 44 19
31 45 71
31 46 29
31 47 81
31 48 92
31 49 87
31 50 71
31 51 28
31 52 57
31 53 66
31 54 63
31 55 100
31 56 54
31 57 62
31 58 24
31 59 95
31 60 77
31 61 57
31 62 89
31 63 75
31 64 59
31 65 17
31 66 50
31 67 100
31 68 10
31 69 84
31 70 17
31 71 17
31 72 10
31 73 19
31 74 32
31 75 31
31 76 15
31 77 24
31 78 77
31 79 74
31 80 28
31 81 82
31 82 20
31 83 6
31 84 8
31 85 79
31 86 4
31 87 78
31 88 55
31 89 3
31 90 24
31 91 24
31 92 86
31 93 78
31 94 16
31 95 7
31 96 99
31 97 9
31 98 63
31 99 58
31 100 23
31 101 87
31 102 90
31 103 61
31 104 42
31 105 89
31 106 47
31 107 27
31 108 38
31 109 1
31 110 71
31 111 15
31 112 16
31 113 38
31 114 27
31 115 44
31 116 31
31 117 57
31 118 63
31 119 15
31 120 81
31 121 74
31 122 96
31 123 41
31 124 100
31 125 35
31 126 32
31 127 34
31 128 73
31 129 30
31 130 27
32 32 0
32 33 0
32 34 0
32 35 0
32 36 0
32 37 0
32 38 0
32 39 0
32 40 0
32 41 0
32 42 23
32 43 87
32 44 70
32 45 64
32 46 72
32 47 71
32 48 75
32 49 33
32 50 97
32 51 27
32 52 81
32 53 43
32 54 71
32 55 51
32 56 88
32 57 35
32 58 13
32 59 76
32 60 20
32 61 77
32 62 82
32 63 21
32 64 34
32 65 9
32 66 34
32 67 75
32 68 72
32 69 21
32 70 1
32 71 43
32 72 66
32 73 35
32 74 99
32 75 56
32 76 69
32 77 100
32 78 64
32 79 94
32 80 67
32 81 72
32 82 33
32 83 11
32 84 97
32 85 11
32 86 73
32 87 100
32 88 45
32 89 33
32 90 37
32 91 83
32 92 87
32 93 60
32 94 88
32 95 24
32 96 17
32 97 31
32 98 100
32 99 67
32 100 8
32 101 43
32 102 5
32 103 72
32 104 18
32 105 60
32 106 77
32 107 76
32 108 24
32 109 5
32 110 82
32 111 99
32 112 12
32 113 99
32 114 66
32 115 74
32 116 71
32 117 51
32 118 67
32 119 42
32 120 22
32 121 90
32 122 36
32 123 60
32 124 49
32 125 29
32 126 80
32 127 80
32 128 41
32 129 46
32 130 40
33 33 0
33 34 0
33 35 0
33 36 0
33 37 0
33 38 0
33 39 0
33 40 0
33 41 0
33 42 26
33 43 88
33 44 50
33 45 47
33 46 32
33 47 14
33 48 18
33 49 67
33 50 72
33 51 57
33 52 80
33 53 43
33 54 78
33 55 77
33 56 70
33 57 95
33 58 70
33 59 82
33 60 27
33 61 51
33 62 10
33 63 29
33 64 27
33 65 21
33 66 17
33 67 87
33 68 8
33 69 31
33 70 98
33 71 78
33 72 75
33 73 71
33 74 22
33 75 16
33 76 39
33 77 43
33 78 64
33 79 56
33 80 50
33 81 29
33 82 99
33 83 4
33 84 86
33 85 16
33 86 85
33 87 18
33 88 95
33 89 44
33 90 28
33 91 81
33 92 33
33 93 79
33 94 3
33 95 49
33 96 9
33 97 93
33 98 5
33 99 84
33 100 3
33 101 58
33 102 55
33 103 27
33 104 64
33 105 56
33 106 25
33 107 81
33 108 96
33 109 80
33 110 41
33 111 53
33 112 8
33 113 23
33 114 10
33 115 45
33 116 8
33 117 90
33 118 12
33 119 71
33 120 41
33 121 44
33 122 20
33 123 68
33 124 59
33 125 97
33 126 18
33 127 77
33 128 18
33 129 73
33 130 72
34 34 0
34 35 0
34 36 0
34 37 0
34 38 0
34 39 0
34 40 0
34 41 0
34 42 70
34 43 81
34 44 71
34 45 74
34 46 52
34 47 38
34 48 26
34 49 14
34 50 89
34 51 6
34 52 62
34 53 69
34 54 39
34 55 72
34 56 66
34 57 95
34 58 21
34 59 55
34 60 55
34 61 64
34 62 30
34 63 32
34 64 40
34 65 25
34 66 72
34 67 97
34 68 89
34 69 29
34 70 13
34 71 46
34 72 95
34 73 66
34 74 18
34 75 37
34 76 44
34 77 41
34 78 89
34 79 81
34 80 24
34 81 19
34 82 11
34 83 83
34 84 97
34 85 76
34 86 99
34 87 8
34 88 100
34 89 46
34 90 50
34 91 1
34 92 61
34 93 94
34 94 2
34 95 14
34 96 5
34 97 79
34 98 47
34 99 83
34 100 55
34 101 63
34 102 58
34 103 44
34 104 18
34 105 28
34 106 96
34 107 29
34 108 22
34 109 76
34 110 13
34 111 99
34 112 9
34 113 20
34 114 53
34 115 45
34 116 69
34 117 79
34 118 51
34 119 21
34 120 49
34 121 81
34 122 30
34 123 27
34 124 99
34 125 1
34 126 25
34 127 6
34 128 94
34 129 25
34 130 94
35 35 0
35 36 0
35 37 0
35 38 0
35 39 0
35 40 0
35 41 0
35 42 82
35 43 45
35 44 32
35 45 4
35 46 34
35 47 11
35 48 17
35 49 53
35 50 34
35 51 7
35 52 41
35 53 58
35 54 28
35 55 87
35 56 65
35 57 48
35 58 2
35 59 91
35 60 24
35 61 2
35 62 90
35 63 75
35 64 95
35 65 57
35 66 7
35 67 2
35 68 99
35 69 20
35 70 70
35 71 74
35 72 82
35 73 29
35 74 25
35 75 73
35 76 42
35 77 27
35 78 59
35 79 99
35 80 30
35 81 93
35 82 11
35 83 67
35 84 12
35 85 62
35 86 67
35 87 39
35 88 53
35 89 76
35 90 38
35 91 26
35 92 28
35 93 5
35 94 30
35 95 37
35 96 63
35 97 32
35 98 12
35 99 86
35 100 100
35 101 10
35 102 55
35 103 27
35 104 1
35 105 88
35 106 25
35 107 89
35 108 84
35 109 68
35 110 49
35 111 45
35 112 50
35 113 67
35 114 80
35 115 17
35 116 40
35 117 74
35 118 77
35 119 4
35 120 16
35 121 89
35 122 78
35 123 16
35 124 67
35 125 93
35 126 46
35 127 9
35 128 18
35 129 21
35 130 74
36 36 0
36 37 0
36 38 0
36 39 0
36 40 0
36 41 0
36 42 82
36 43 68
36 44 75
36 45 54
36 46 69
36 47 26
36 48 27
36 49 12
36 50 50
36 51 80
36 52 93
36 53 76
36 54 80
36 55 6
36 56 25
36 57 12
36 58 63
36 59 95
36 60 28
36 61 35
36 62 40
36 63 35
36 64 30
36 65 94
36 66 13
36 67 89
36 68 29
36 69 98
36 70 79
36 71 9
36 72 66
36 73 77
36 74 6
36 75 26
36 76 28
36 77 26
36 78 48
36 79 12
36 80 96
36 81 63
36 82 51
36 83 60
36 84 57
36 85 56
36 86 46
36 87 48
36 88 80
36 89 74
36 90 25
36 91 50
36 92 86
36 93 39
36 94 87
36 95 29
36 96 57
36 97 74
36 98 66
36 99 85
36 100 39
36 101 59
36 102 36
36 103 95
36 104 76
36 105 55
36 106 67
36 107 42
36 108 92
36 109 74
36 110 43
36 111 16
36 112 26
36 113 55
36 114 21
36 115 3
36 116 48
36 117 27
36 118 30
36 119 65
36 120 72
36 121 77
36 122 64
36 123 68
36 124 29
36 125 64
36 126 62
36 127 79
36 128 49
36 129 80
36 130 16
37 37 0
37 38 0
37 39 0
37 40 0
37 41 0
37 42 12
37 43 12
37 44 25
37 45 18
37 46 35
37 47 22
37 48 40
37 49 44
37 50 99
37 51 79
37 52 13
37 53 22
37 54 49
37 55 7
37 56 79
37 57 44
37 58 23
37 59 50
37 60 30
37 61 47
37 62 58
37 63 45
37 64 24
37 65 32
37 66 31
37 67 6
37 68 93
37 69 70
37 70 47
37 71 35
37 72 96
37 73 90
37 74 91
37 75 37
37 76 33
37 77 38
37 78 14
37 79 74
37 80 25
37 81 6
37 82 68
37 83 67
37 84 84
37 85 1
37 86 85
37 87 65
37 88 11
37 89 77
37 90 3
37 91 11
37 92 88
37 93 16
37 94 65
37 95 16
37 96 15
37 97 35
37 98 60
37 99 34
37 100 69
37 101 36
37 102 31
37 103 18
37 104 96
37 105 39
37 106 60
37 107 7
37 108 97
37 109 20
37 110 71
37 111 39
37 112 39
37 113 66
37 114 57
37 115 61
37 116 6
37 117 57
37 118 22
37 119 92
37 120 91
37 121 59
37 122 76
37 123 69
37 124 78
37 125 94
37 126 10
37 127 13
37 128 39
37 129 97
37 130 99
38 38 0
38 39 0
38 40 0
38 41 0
38 42 38
38 43 63
38 44 42
38 45 22
38 46 19
38 47 40
38 48 32
38 49 47
38 50 100
38 51 68
38 52 92
38 53 28
38 54 5
38 55 52
38 56 21
38 57 12
38 58 62
38 59 94
38 60 26
38 61 35
38 62 82
38 63 76
38 64 2
38 65 2
38 66 20
38 67 32
38 68 82
38 69 77
38 70 4
38 71 17
38 72 80
38 73 88
38 74 82
38 75 49
38 76 56
38 77 90
38 78 88
38 79 71
38 80 79
38 81 54
38 82 75
38 83 60
38 84 76
38 85 17
38 86 79
38 87 85
38 88 90
38 89 8
38 90 58
38 91 96
38 92 2
38 93 23
38 94 61
38 95 58
38 96 27
38 97 55
38 98 65
38 99 32
38 100 30
38 101 89
38 102 39
38 103 9
38 104 84
38 105 25
38 106 87
38 107 67
38 108 30
38 109 47
38 110 46
38 111 3
38 112 23
38 113 72
38 114 83
38 115 56
38 116 83
38 117 21
38 118 17
38 119 28
38 120 47
38 121 3
38 122 68
38 123 2
38 124 96
38 125 72
38 126 90
38 127 88
38 128 28
38 129 42
38 130 81
39 39 0
39 40 0
39 41 0
39 42 79
39 43 36
39 44 41
39 45 67
39 46 6
39 47 59
39 48 29
39 49 7
39 50 7
39 51 1
39 52 10
39 53 71
39 54 43
39 55 5
39 56 59
39 57 34
39 58 76
39 59 89
39 60 81
39 61 6
39 62 54
39 63 39
39 64 57
39 65 50
39 66 77
39 67 3
39 68 37
39 69 93
39 70 81
39 71 79
39 72 75
39 73 92
39 74 42
39 75 92
39 76 56
39 77 86
39 78 91
39 79 28
39 80 49
39 81 42
39 82 52
39 83 96
39 84 2
39 85 69
39 86 95
39 87 11
39 88 90
39 89 9
39 90 73
39 91 48
39 92 87
39 93 73
39 94 53
39 95 31
39 96 10
39 97 76
39 98 7
39 99 63
39 100 4
39 101 68
39 102 59
39 103 9
39 104 45
39 105 81
39 106 41
39 107 72
39 108 57
39 109 26
39 110 64
39 111 74
39 112 49
39 113 24
39 114 34
39 115 63
39 116 77
39 117 37
39 118 75
39 119 28
39 120 51
39 121 36
39 122 14
39 123 89
39 124 34
39 125 37
39 126 56
39 127 42
39 128 68
39 129 21
39 130 76
40 40 0
40 41 0
40 42 52
40 43 50
40 44 48
40 45 18
40 46 50
40 47 64
40 48 100
40 49 12
40 50 13
40 51 37
40 52 13
40 53 34
40 54 84
40 55 99
40 56 74
40 57 61
40 58 79
40 59 29
40 60 79
40 61 73
40 62 87
40 63 94
40 64 43
40 65 93
40 66 24
40 67 23
40 68 5
40 69 89
40 70 7
40 71 3
40 72 2
40 73 75
40 74 44
40 75 11
40 76 68
40 77 78
40 78 64
40 79 11
40 80 68
40 81 55
40 82 85
40 83 21
40 84 23
40 85 85
40 86 33
40 87 17
40 88 42
40 89 89
40 90 68
40 91 35
40 92 44
40 93 51
40 94 35
40 95 81
40 96 32
40 97 43
40 98 21
40 99 30
40 100 9
40 101 57
40 102 84
40 103 31
40 104 4
40 105 3
40 106 7
40 107 30
40 108 5
40 109 60
40 110 74
40 111 31
40 112 63
40 113 91
40 114 38
40 115 73
40 116 41
40 117 39
40 118 97
40 119 25
40 120 16
40 121 97
40 122 78
40 123 54
40 124 69
40 125 89
40 126 9
40 127 32
40 128 25
40 129 88
40 130 77
41 41 0
41 42 5
41 43 18
41 44 85
41 45 83
41 46 23
41 47 83
41 48 79
41 49 18
41 50 30
41 51 25
41 52 98
41 53 79
41 54 80
41 55 13
41 56 62
41 57 94
41 58 85
41 59 96
41 60 34
41 61 7
41 62 94
41 63 66
41 64 49
41 65 45
41 66 66
41 67 52
41 68 43
41 69 81
41 70 72
41 71 77
41 72 29
41 73 69
41 74 71
41 75 78
41 76 4
41 77 35
41 78 95
41 79 20
41 80 46
41 81 91
41 82 94
41 83 77
41 84 35
41 85 76
41 86 42
41 87 28
41 88 66
41 89 51
41 90 2
41 91 12
41 92 42
41 93 90
41 94 58
41 95 8
41 96 47
41 97 42
41 98 47
41 99 56
41 100 29
41 101 37
41 102 82
41 103 20
41 104 40
41 105 24
41 106 39
41 107 96
41 108 4
41 109 36
41 110 92
41 111 66
41 112 17
41 113 73
41 114 23
41 115 93
41 116 62
41 117 44
41 118 35
41 119 46
41 120 2
41 121 40
41 122 75
41 123 99
41 124 33
41 125 44
41 126 18
41 127 11
41 128 32
41 129 16
41 130 2
42 42 0
42 43 0
42 44 0
42 45 0
42 46 0
42 47 0
42 48 0
42 49 0
42 50 0
42 51 0
42 52 0
42 53 0
42 54 0
42 55 0
42 56 0
42 57 0
42 58 0
42 59 0
42 60 0
42 61 0
42 62 0
42 63 0
42 64 0
42 65 27
42 66 30
42 67 26
42 68 6
42 69 55
42 70 67
42 71 4
42 72 60
42 73 29
42 74 41
42 75 76
42 76 8
42 77 27
42 78 25
42 79 53
42 80 47
42 81 44
42 82 99
42 83 38
42 84 12
42 85 36
42 86 100
42 87 30
42 88 89
42 89 61
42 90 30
42 91 34
42 92 66
42 93 63
42 94 10
42 95 38
42 96 52
42 97 53
42 98 33
42 99 14
42 100 79
42 101 20
42 102 11
42 103 13
42 104 85
42 105 100
42 106 72
42 107 32
42 108 41
42 109 91
42 110 38
42 111 18
42 112 20
42 113 90
42 114 100
42 115 24
42 116 12
42 117 7
42 118 69
42 119 22
42 120 9
42 121 50
42 122 13
42 123 93
42 124 36
42 125 31
42 126 99
42 127 95
42 128 88
42 129 75
42 130 98
43 43 0
43 44 0
43 45 0
43 46 0
43 47 0
43 48 0
43 49 0
43 50 0
43 51 0
43 52 0
43 53 0
43 54 0
43 55 0
43 56 0
43 57 0
43 58 0
43 59 0
43 60 0
43 61 0
43 62 0
43 63 0
43 64 0
43 65 81
43 66 26
43 67 87
43 68 33
43 69 20
43 70 53
43 71 26
43 72 97
43 73 84
43 74 4
43 75 16
43 76 23
43 77 97
43 78 89
43 79 90
43 80 6
43 81 51
43 82 72
43 83 73
43 84 75
43 85 79
43 86 37
43 87 49
43 88 26
43 89 96
43 90 74
43 91 28
43 92 100
43 93 79
43 94 17
43 95 24
43 96 26
43 97 96
43 98 40
43 99 22
43 100 67
43 101 9
43 102 82
43 103 18
43 104 4
43 105 66
43 106 62
43 107 83
43 108 96
43 109 86
43 110 55
43 111 37
43 112 85
43 113 43
43 114 76
43 115 22
43 116 64
43 117 8
43 118 27
43 119 49
43 120 67
43 121 66
43 122 6
43 123 99
43 124 68
43 125 54
43 126 9
43 127 85
43 128 33
43 129 57
43 130 88
44 44 0
44 45 0
44 46 0
44 47 0
44 48 0
44 49 0
44 50 0
44 51 0
44 52 0
44 53 0
44 54 0
44 55 0
44 56 0
44 57 0
44 58 0
44 59 0
44 60 0
44 61 0
44 62 0
44 63 0
44 64 0
44 65 91
44 66 46
44 67 62
44 68 48
44 69 79
44 70 29
44 71 73
44 72 98
44 73 74
44 74 10
44 75 86
44 76 66
44 77 76
44 78 11
44 79 21
44 80 57
44 81 94
44 82 41
44 83 47
44 84 2
44 85 70
44 86 68
44 87 19
44 88 82
44 89 53
44 90 51
44 91 84
44 92 2
44 93 7
44 94 30
44 95 61
44 96 66
44 97 24
44 98 37
44 99 86
44 100 42
44 101 23
44 102 97
44 103 24
44 104 83
44 105 95
44 106 51
44 107 98
44 108 33
44 109 48
44 110 58
44 111 68
44 112 91
44 113 2
44 114 56
44 115 73
44 116 45
44 117 45
44 118 16
44 119 21
44 120 12
44 121 29
44 122 57
44 123 30
44 124 24
44 125 6
44 126 29
44 127 22
44 128 80
44 129 17
44 130 42
45 45 0
45 46 0
45 47 0
45 48 0
45 49 0
45 50 0
45 51 0
45 52 0
45 53 0
45 54 0
45 55 0
45 56 0
45 57 0
45 58 0
45 59 0
45 60 0
45 61 0
45 62 0
45 63 0
45 64 0
45 65 50
45 66 70
45 67 54
45 68 11
45 69 6
45 70 18
45 71 86
45 72 59
45 73 43
45 74 76
45 75 76
45 76 31
45 77 69
45 78 55
45 79 79
45 80 71
45 81 14
45 82 81
45 83 83
45 84 78
45 85 21
45 86 70
45 87 60
45 88 13
45 89 35
45 90 67
45 91 67
45 92 53
45 93 71
45 94 19
45 95 26
45 96 54
45 97 52
45 98 98
45 99 75
45 100 25
45 101 97
45 102 86
45 103 78
45 104 95
45 105 74
45 106 22
45 107 29
45 108 19
45 109 1
45 110 72
45 111 93
45 112 95
45 113 51
45 114 63
45 115 86
45 116 24
45 117 10
45 118 71
45 119 56
45 120 22
45 121 60
45 122 81
45 123 94
45 124 5
45 125 75
45 126 55
45 127 93
45 128 59
45 129 20
45 130 77
46 46 0
46 47 0
46 48 0
46 49 0
46 50 0
46 51 0
46 52 0
46 53 0
46 54 0
46 55 0
46 56 0
46 57 0
46 58 0
46 59 0
46 60 0
46 61 0
46 62 0
46 63 0
46 64 0
46 65 89
46 66 46
46 67 28
46 68 33
46 69 62
46 70 37
46 71 89
46 72 43
46 73 35
46 74 29
46 75 95
46 76 97
46 77 96
46 78 87
46 79 39
46 80 32
46 81 23
46 82 81
46 83 98
46 84 62
46 85 42
46 86 59
46 87 39
46 88 60
46 89 25
46 90 30
46 91 14
46 92 78
46 93 10
46 94 22
46 95 3
46 96 37
46 97 15
46 98 59
46 99 96
46 100 50
46 101 6
46 102 40
46 103 21
46 104 97
46 105 19
46 106 55
46 107 4
46 108 91
46 109 16
46 110 84
46 111 41
46 112 15
46 113 12
46 114 91
46 115 22
46 116 33
46 117 20
46 118 27
46 119 35
46 120 99
46 121 34
46 122 43
46 123 71
46 124 6
46 125 30
46 126 56
46 127 41
46 128 81
46 129 68
46 130 68
47 47 0
47 48 0
47 49 0
47 50 0
47 51 0
47 52 0
47 53 0
47 54 0
47 55 0
47 56 0
47 57 0
47 58 0
47 59 0
47 60 0
47 61 0
47 62 0
47 63 0
47 64 0
47 65 51
47 66 14
47 67 96
47 68 33
47 69 79
47 70 20
47 71 33
47 72 66
47 73 91
47 74 80
47 75 99
47 76 40
47 77 60
47 78 51
47 79 82
47 80 90
47 81 33
47 82 1
47 83 34
47 84 24
47 85 89
47 86 96
47 87 79
47 88 77
47 89 11
47 90 90
47 91 56
47 92 9
47 93 7
47 94 13
47 95 68
47 96 49
47 97 99
47 98 6
47 99 36
47 100 71
47 101 13
47 102 27
47 103 54
47 104 26
47 105 57
47 106 43
47 107 86
47 108 83
47 109 89
47 110 43
47 111 16
47 112 94
47 113 67
47 114 90
47 115 37
47 116 40
47 117 69
47 118 99
47 119 99
47 120 76
47 121 14
47 122 92
47 123 51
47 124 3
47 125 19
47 126 35
47 127 100
47 128 98
47 129 86
47 130 68
48 48 0
48 49 0
48 50 0
48 51 0
48 52 0
48 53 0
48 54 0
48 55 0
48 56 0
48 57 0
48 58 0
48 59 0
48 60 0
48 61 0
48 62 0
48 63 0
48 64 0
48 65 7
48 66 24
48 67 70
48 68 84
48 69 31
48 70 96
48 71 89
48 72 21
48 73 68
48 74 90
48 75 37
48 76 95
48 77 2
48 78 93
48 79 39
48 80 45
48 81 80
48 82 12
48 83 10
48 84 66
48 85 5
48 86 74
48 87 81
48 88 75
48 89 68
48 90 98
48 91 8
48 92 7
48 93 24
48 94 27
48 95 71
48 96 14
48 97 83
48 98 3
48 99 37
48 100 70
48 101 31
48 102 83
48 103 12
48 104 84
48 105 11
48 106 24
48 107 32
48 108 51
48 109 65
48 110 31
48 111 87
48 112 77
48 113 80
48 114 22
48 115 93
48 116 19
48 117 76
48 118 2
48 119 72
48 120 15
48 121 34
48 122 13
48 123 20
48 124 46
48 125 21
48 126 11
48 127 71
48 128 50
48 129 85
48 130 52
49 49 0
49 50 0
49 51 0
49 52 0
49 53 0
49 54 0
49 55 0
49 56 0
49 57 0
49 58 0
49 59 0
49 60 0
49 61 0
49 62 0
49 63 0
49 64 0
49 65 79
49 66 3
49 67 50
49 68 67
49 69 1
49 70 100
49 71 54
49 72 17
49 73 53
49 74 69
49 75 29
49 76 72
49 77 14
49 78 97
49 79 47
49 80 71
49 81 54
49 82 38
49 83 75
49 84 12
49 85 73
49 86 12
49 87 1
49 88 23
49 89 41
49 90 68
49 91 98
49 92 32
49 93 41
49 94 93
49 95 40
49 96 66
49 97 94
49 98 81
49 99 39
49 100 92
49 101 40
49 102 51
49 103 25
49 104 53
49 105 17
49 106 79
49 107 100
49 108 77
49 109 38
49 110 47
49 111 1
49 112 20
49 113 26
49 114 57
49 115 3
49 116 82
49 117 79
49 118 25
49 119 77
49 120 2
49 121 74
49 122 13
49 123 55
49 124 31
49 125 77
49 126 40
49 127 65
49 128 22
49 129 54
49 130 78
50 50 0
50 51 0
50 52 0
50 53 0
50 54 0
50 55 0
50 56 0
50 57 0
50 58 0
50 59 0
50 60 0
50 61 0
50 62 0
50 63 0
50 64 0
50 65 84
50 66 75
50 67 66
50 68 41
50 69 56
50 70 92
50 71 51
50 72 15
50 73 64
50 74 59
50 75 33
50 76 66
50 77 76
50 78 16
50 79 71
50 80 22
50 81 83
50 82 28
50 83 1
50 84 9
50 85 94
50 86 61
50 87 30
50 88 95
50 89 59
50 90 32
50 91 45
50 92 65
50 93 20
50 94 80
50 95 14
50 96 97
50 97 38
50 98 91
50 99 91
50 100 6
50 101 3
50 102 11
50 103 81
50 104 57
50 105 59
50 106 29
50 107 23
50 108 73
50 109 63
50 110 27
50 111 76
50 112 68
50 113 34
50 114 23
50 115 71
50 116 51
50 117 85
50 118 98
50 119 38
50 120 65
50 121 75
50 122 37
50 123 70
50 124 45
50 125 17
50 126 12
50 127 85
50 128 73
50 129 80
50 130 65
51 51 0
51 52 0
51 53 0
51 54 0
51 55 0
51 56 0
51 57 0
51 58 0
51 59 0
51 60 0
51 61 0
51 62 0
51 63 0
51 64 0
51 65 94
51 66 29
51 67 95
51 68 17
51 69 37
51 70 78
51 71 59
51 72 82
51 73 96
51 74 20
51 75 23
51 76 92
51 77 70
51 78 94
51 79 11
51 80 47
51 81 53
51 82 9
51 83 56
51 84 21
51 85 92
51 86 94
51 87 58
51 88 35
51 89 56
51 90 43
51 91 22
51 92 29
51 93 94
51 94 14
51 95 65
51 96 7
51 97 30
51 98 100
51 99 51
51 100 38
51 101 37
51 102 42
51 103 79
51 104 79
51 105 61
51 106 100
51 107 29
51 108 22
51 109 81
51 110 65
51 111 29
51 112 94
51 113 75
51 114 17
51 115 9
51 116 42
51 117 82
51 118 69
51 119 85
51 120 8
51 121 29
51 122 34
51 123 62
51 124 80
51 125 7
51 126 73
51 127 91
51 128 28
51 129 91
51 130 49
52 52 0
52 53 0
52 54 0
52 55 0
52 56 0
52 57 0
52 58 0
52 59 0
52 60 0
52 61 0
52 62 0
52 63 0
52 64 0
52 65 23
52 66 17
52 67 91
52 68 70
52 69 74
52 70 17
52 71 96
52 72 37
52 73 38
52 74 69
52 75 44
52 76 78
52 77 74
52 78 1
52 79 57
52 80 86
52 81 50
52 82 27
52 83 18
52 84 12
52 85 3
52 86 97
52 87 83
52 88 95
52 89 27
52 90 75
52 91 88
52 92 98
52 93 22
52 94 60
52 95 61
52 96 63
52 97 44
52 98 85
52 99 91
52 100 7
52 101 56
52 102 33
52 103 73
52 104 56
52 105 27
52 106 80
52 107 65
52 108 100
52 109 60
52 110 90
52 111 88
52 112 49
52 113 87
52 114 17
52 115 93
52 116 67
52 117 4
52 118 56
52 119 98
52 120 70
52 121 71
52 122 67
52 123 91
52 124 16
52 125 59
52 126 44
52 127 36
52 128 46
52 129 57
52 130 24
53 53 0
53 54 0
53 55 0
53 56 0
53 57 0
53 58 0
53 59 0
53 60 0
53 61 0
53 62 0
53 63 0
53 64 0
53 65 40
53 66 95
53 67 78
53 68 70
53 69 67
53 70 97
53 71 34
53 72 35
53 73 45
53 74 59
53 75 6
53 76 37
53 77 74
53 78 97
53 79 37
53 80 47
53 81 51
53 82 9
53 83 67
53 84 1
53 85 20
53 86 88
53 87 32
53 88 76
53 89 25
53 90 84
53 91 28
53 92 17
53 93 97
53 94 9
53 95 62
53 96 10
53 97 38
53 98 83
53 99 82
53 100 17
53 101 95
53 102 40
53 103 93
53 104 82
53 105 10
53 106 93
53 107 14
53 108 63
53 109 30
53 110 49
53 111 40
53 112 76
53 113 36
53 114 100
53 115 48
53 116 62
53 117 5
53 118 3
53 119 48
53 120 17
53 121 26
53 122 30
53 123 98
53 124 94
53 125 16
53 126 83
53 127 73
53 128 41
53 129 37
53 130 83
54 54 0
54 55 0
54 56 0
54 57 0
54 58 0
54 59 0
54 60 0
54 61 0
54 62 0
54 63 0
54 64 0
54 65 4
54 66 64
54 67 80
54 68 52
54 69 49
54 70 84
54 71 64
54 72 3
54 73 94
54 74 73
54 75 9
54 76 26
54 77 37
54 78 44
54 79 26
54 80 70
54 81 80
54 82 93
54 83 63
54 84 89
54 85 1
54 86 74
54 87 34
54 88 55
54 89 27
54 90 10
54 91 25
54 92 80
54 93 88
54 94 71
54 95 64
54 96 98
54 97 97
54 98 6
54 99 80
54 100 78
54 101 100
54 102 65
54 103 10
54 104 90
54 105 40
54 106 21
54 107 15
54 108 43
54 109 68
54 110 84
54 111 10
54 112 76
54 113 99
54 114 4
54 115 9
54 116 79
54 117 76
54 118 4
54 119 50
54 120 2
54 121 70
54 122 4
54 123 51
54 124 79
54 125 54
54 126 97
54 127 57
54 128 89
54 129 92
54 130 20
55 55 0
55 56 0
55 57 0
55 58 0
55 59 0
55 60 0
55 61 0
55 62 0
55 63 0
55 64 0
55 65 21
55 66 19
55 67 80
55 68 30
55 69 40
55 70 2
55 71 95
55 72 58
55 73 22
55 74 79
55 75 37
55 76 92
55 77 75
55 78 84
55 79 97
55 80 16
55 81 66
55 82 85
55 83 53
55 84 14
55 85 44
55 86 47
55 87 69
55 88 17
55 89 19
55 90 56
55 91 2
55 92 93
55 93 9
55 94 70
55 95 82
55 96 92
55 97 63
55 98 92
55 99 31
55 100 3
55 101 87
55 102 94
55 103 77
55 104 91
55 105 100
55 106 77
55 107 81
55 108 7
55 109 23
55 110 89
55 111 57
55 112 58
55 113 74
55 114 36
55 115 98
55 116 6
55 117 95
55 118 23
55 119 55
55 120 97
55 121 96
55 122 24
55 123 6
55 124 64
55 125 72
55 126 53
55 127 12
55 128 60
55 129 70
55 130 55
56 56 0
56 57 0
56 58 0
56 59 0
56 60 0
56 61 0
56 62 0
56 63 0
56 64 0
56 65 90
56 66 78
56 67 3
56 68 91
56 69 21
56 70 65
56 71 83
56 72 36
56 73 84
56 74 9
56 75 66
56 76 98
56 77 88
56 78 39
56 79 18
56 80 58
56 81 13
56 82 96
56 83 90
56 84 48
56 85 80
56 86 23
56 87 31
56 88 9
56 89 90
56 90 19
56 91 41
56 92 15
56 93 49
56 94 35
56 95 26
56 96 95
56 97 22
56 98 17
56 99 4
56 100 22
56 101 57
56 102 10
56 103 23
56 104 64
56 105 66
56 106 98
56 107 41
56 108 46
56 109 22
56 110 55
56 111 63
56 112 90
56 113 61
56 114 38
56 115 17
56 116 38
56 117 10
56 118 26
56 119 23
56 120 95
56 121 85
56 122 60
56 123 12
56 124 59
56 125 6
56 126 51
56 127 98
56 128 12
56 129 28
56 130 45
57 57 0
57 58 0
57 59 0
57 60 0
57 61 0
57 62 0
57 63 0
57 64 0
57 65 26
57 66 82
57 67 51
57 68 11
57 69 96
57 70 98
57 71 5
57 72 9
57 73 69
57 74 83
57 75 55
57 76 49
57 77 53
57 78 60
57 79 34
57 80 51
57 81 28
57 82 83
57 83 48
57 84 53
57 85 27
57 86 46
57 87 37
57 88 68
57 89 70
57 90 98
57 91 9
57 92 59
57 93 35
57 94 23
57 95 91
57 96 42
57 97 52
57 98 100
57 99 40
57 100 51
57 101 45
57 102 41
57 103 99
57 104 27
57 105 94
57 106 23
57 107 5
57 108 41
57 109 31
57 110 72
57 111 50
57 112 24
57 113 14
57 114 95
57 115 91
57 116 6
57 117 92
57 118 22
57 119 30
57 120 40
57 121 95
57 122 93
57 123 35
57 124 61
57 125 70
57 126 57
57 127 42
57 128 49
57 129 49
57 130 90
58 58 0
58 59 0
58 60 0
58 61 0
58 62 0
58 63 0
58 64 0
58 65 51
58 66 41
58 67 98
58 68 42
58 69 33
58 70 37
58 71 12
58 72 40
58 73 9
58 74 67
58 75 69
58 76 99
58 77 98
58 78 24
58 79 21
58 80 21
58 81 34
58 82 60
58 83 7
58 84 62
58 85 99
58 86 87
58 87 84
58 88 89
58 89 8
58 90 87
58 91 86
58 92 95
58 93 84
58 94 80
58 95 39
58 96 75
58 97 93
58 98 31
58 99 81
58 100 21
58 101 55
58 102 83
58 103 11
58 104 34
58 105 50
58 106 98
58 107 67
58 108 52
58 109 85
58 110 82
58 111 97
58 112 91
58 113 62
58 114 26
58 115 73
58 116 98
58 117 64
58 118 88
58 119 2
58 120 33
58 121 38
58 122 44
58 123 17
58 124 76
58 125 68
58 126 21
58 127 64
58 128 11
58 129 2
58 130 24
59 59 0
59 60 0
59 61 0
59 62 0
59 63 0
59 64 0
59 65 16
59 66 94
59 67 28
59 68 15
59 69 80
59 70 100
59 71 15
59 72 18
59 73 34
59 74 95
59 75 45
59 76 47
59 77 44
59 78 25
59 79 53
59 80 28
59 81 51
59 82 76
59 83 50
59 84 2
59 85 59
59 86 1
59 87 88
59 88 33
59 89 10
59 90 2
59 91 67
59 92 48
59 93 30
59 94 31
59 95 11
59 96 89
59 97 36
59 98 9
59 99 71
59 100 33
59 101 52
59 102 16
59 103 14
59 104 54
59 105 91
59 106 24
59 107 4
59 108 73
59 109 17
59 110 68
59 111 5
59 112 48
59 113 8
59 114 83
59 115 89
59 116 10
59 117 34
59 118 47
59 119 46
59 120 62
59 121 33
59 122 1
59 123 73
59 124 58
59 125 80
59 126 56
59 127 50
59 128 33
59 129 37
59 130 61
60 60 0
60 61 0
60 62 0
60 63 0
60 64 0
60 65 97
60 66 85
60 67 16
60 68 37
60 69 81
60 70 99
60 71 39
60 72 99
60 73 40
60 74 63
60 75 15
60 76 92
60 77 17
60 78 31
60 79 65
60 80 70
60 81 25
60 82 15
60 83 93
60 84 92
60 85 22
60 86 94
60 87 68
60 88 73
60 89 67
60 90 39
60 91 82
60 92 7
60 93 75
60 94 45
60 95 69
60 96 5
60 97 22
60 98 57
60 99 34
60 100 32
60 101 93
60 102 75
60 103 81
60 104 56
60 105 87
60 106 66
60 107 37
60 108 80
60 109 9
60 110 97
60 111 74
60 112 98
60 113 22
60 114 96
60 115 25
60 116 27
60 117 79
60 118 60
60 119 10
60 120 62
60 121 14
60 122 97
60 123 61
60 124 42
60 125 78
60 126 31
60 127 10
60 128 27
60 129 70
60 130 20
61 61 0
61 62 0
61 63 0
61 64 0
61 65 73
61 66 8
61 67 39
61 68 57
61 69 86
61 70 29
61 71 12
61 72 68
61 73 83
61 74 94
61 75 10
61 76 73
61 77 95
61 78 81
61 79 25
61 80 38
61 81 81
61 82 79
61 83 51
61 84 62
61 85 97
61 86 75
61 87 32
61 88 78
61 89 9
61 90 84
61 91 28
61 92 6
61 93 99
61 94 45
61 95 45
61 96 45
61 97 79
61 98 93
61 99 9
61 100 34
61 101 29
61 102 15
61 103 5
61 104 8
61 105 46
61 106 82
61 107 36
61 108 18
61 109 51
61 110 39
61 111 75
61 112 49
61 113 35
61 114 11
61 115 96
61 116 75
61 117 65
61 118 94
61 119 16
61 120 30
61 121 47
61 122 37
61 123 41
61 124 43
61 125 64
61 126 68
61 127 64
61 128 62
61 129 58
61 130 20
62 62 0
62 63 0
62 64 0
62 65 37
62 66 17
62 67 2
62 68 81
62 69 84
62 70 9
62 71 79
62 72 25
62 73 45
62 74 63
62 75 29
62 76 33
62 77 26
62 78 89
62 79 26
62 80 51
62 81 41
62 82 92
62 83 29
62 84 39
62 85 19
62 86 44
62 87 86
62 88 92
62 89 37
62 90 13
62 91 83
62 92 45
62 93 31
62 94 7
62 95 42
62 96 65
62 97 88
62 98 29
62 99 81
62 100 45
62 101 86
62 102 88
62 103 29
62 104 20
62 105 77
62 106 92
62 107 15
62 108 28
62 109 97
62 110 49
62 111 4
62 112 21
62 113 98
62 114 37
62 115 39
62 116 66
62 117 88
62 118 6
62 119 81
62 120 78
62 121 62
62 122 83
62 123 52
62 124 94
62 125 41
62 126 26
62 127 85
62 128 76
62 129 47
62 130 36
63 63 0
63 64 0
63 65 27
63 66 39
63 67 10
63 68 68
63 69 23
63 70 7
63 71 12
63 72 45
63 73 26
63 74 74
63 75 82
63 76 37
63 77 57
63 78 76
63 79 89
63 80 20
63 81 97
63 82 4
63 83 36
63 84 3
63 85 33
63 86 41
63 87 30
63 88 31
63 89 49
63 90 46
63 91 6
63 92 85
63 93 64
63 94 76
63 95 85
63 96 89
63 97 86
63 98 72
63 99 2
63 100 50
63 101 70
63 102 71
63 103 65
63 104 61
63 105 69
63 106 33
63 107 42
63 108 33
63 109 10
63 110 75
63 111 1
63 112 31
63 113 68
63 114 67
63 115 28
63 116 34
63 117 60
63 118 54
63 119 51
63 120 87
63 121 5
63 122 75
63 123 20
63 124 11
63 125 90
63 126 92
63 127 64
63 128 54
63 129 39
63 130 13
64 64 0
64 65 64
64 66 97
64 67 77
64 68 67
64 69 78
64 70 54
64 71 93
64 72 59
64 73 70
64 74 46
64 75 12
64 76 22
64 77 49
64 78 94
64 79 71
64 80 69
64 81 57
64 82 28
64 83 42
64 84 87
64 85 82
64 86 41
64 87 7
64 88 94
64 89 36
64 90 17
64 91 43
64 92 66
64 93 4
64 94 82
64 95 36
64 96 9
64 97 9
64 98 10
64 99 79
64 100 37
64 101 22
64 102 13
64 103 50
64 104 18
64 105 7
64 106 23
64 107 83
64 108 16
64 109 65
64 110 74
64 111 77
64 112 7
64 113 80
64 114 8
64 115 24
64 116 44
64 117 75
64 118 20
64 119 20
64 120 67
64 121 17
64 122 18
64 123 24
64 124 99
64 125 1
64 126 59
64 127 69
64 128 39
64 129 96
64 130 40
65 65 0
65 66 0
65 67 0
65 68 0
65 69 0
65 70 0
65 71 0
65 72 0
65 73 0
65 74 0
65 75 0
65 76 0
65 77 0
65 78 0
65 79 0
65 80 0
65 81 0
65 82 0
65 83 0
65 84 0
65 85 0
65 86 0
65 87 0
65 88 0
65 89 0
65 90 0
65 91 0
65 92 0
65 93 0
65 94 0
65 95 0
65 96 0
65 97 0
65 98 0
65 99 0
65 100 1
65 101 29
65 102 10
65 103 73
65 104 67
65 105 86
65 106 25
65 107 40
65 108 76
65 109 69
65 110 35
65 111 4
65 112 61
65 113 100
65 114 100
65 115 72
65 116 100
65 117 85
65 118 75
65 119 100
65 120 65
65 121 26
65 122 9
65 123 88
65 124 82
65 125 65
65 126 8
65 127 80
65 128 58
65 129 91
65 130 95
66 66 0
66 67 0
66 68 0
66 69 0
66 70 0
66 71 0
66 72 0
66 73 0
66 74 0
66 75 0
66 76 0
66 77 0
66 78 0
66 79 0
66 80 0
66 81 0
66 82 0
66 83 0
66 84 0
66 85 0
66 86 0
66 87 0
66 88 0
66 89 0
66 90 0
66 91 0
66 92 0
66 93 0
66 94 0
66 95 0
66 96 0
66 97 0
66 98 0
66 99 0
66 100 64
66 101 23
66 102 52
66 103 67
66 104 98
66 105 38
66 106 6
66 107 61
66 108 29
66 109 84
66 110 19
66 111 67
66 112 52
66 113 64
66 114 91
66 115 74
66 116 60
66 117 12
66 118 47
66 119 42
66 120 11
66 121 75
66 122 21
66 123 45
66 124 4
66 125 32
66 126 52
66 127 50
66 128 89
66 129 32
66 130 70
67 67 0
67 68 0
67 69 0
67 70 0
67 71 0
67 72 0
67 73 0
67 74 0
67 75 0
67 76 0
67 77 0
67 78 0
67 79 0
67 80 0
67 81 0
67 82 0
67 83 0
67 84 0
67 85 0
67 86 0
67 87 0
67 88 0
67 89 0
67 90 0
67 91 0
67 92 0
67 93 0
67 94 0
67 95 0
67 96 0
67 97 0
67 98 0
67 99 0
67 100 57
67 101 75
67 102 58
67 103 53
67 104 29
67 105 40
67 106 56
67 107 56
67 108 46
67 109 77
67 110 58
67 111 37
67 112 65
67 113 63
67 114 11
67 115 92
67 116 58
67 117 98
67 118 44
67 119 57
67 120 80
67 121 58
67 122 69
67 123 83
67 124 41
67 125 42
67 126 55
67 127 9
67 128 56
67 129 98
67 130 36
68 68 0
68 69 0
68 70 0
68 71 0
68 72 0
68 73 0
68 74 0
68 75 0
68 76 0
68 77 0
68 78 0
68 79 0
68 80 0
68 81 0
68 82 0
68 83 0
68 84 0
68 85 0
68 86 0
68 87 0
68 88 0
68 89 0
68 90 0
68 91 0
68 92 0
68 93 0
68 94 0
68 95 0
68 96 0
68 97 0
68 98 0
68 99 0
68 100 39
68 101 28
68 102 92
68 103 66
68 104 98
68 105 11
68 106 43
68 107 3
68 108 84
68 109 97
68 110 69
68 111 59
68 112 78
68 113 96
68 114 72
68 115 36
68 116 100
68 117 60
68 118 32
68 119 82
68 120 65
68 121 52
68 122 31
68 123 75
68 124 77
68 125 79
68 126 21
68 127 82
68 128 56
68 129 34
68 130 79
69 69 0
69 70 0
69 71 0
69 72 0
69 73 0
69 74 0
69 75 0
69 76 0
69 77 0
69 78 0
69 79 0
69 80 0
69 81 0
69 82 0
69 83 0
69 84 0
69 85 0
69 86 0
69 87 0
69 88 0
69 89 0
69 90 0
69 91 0
69 92 0
69 93 0
69 94 0
69 95 0
69 96 0
69 97 0
69 98 0
69 99 0
69 100 28
69 101 91
69 102 27
69 103 84
69 104 100
69 105 37
69 106 19
69 107 88
69 108 40
69 109 48
69 110 61
69 111 37
69 112 90
69 113 4
69 114 89
69 115 30
69 116 85
69 117 22
69 118 89
69 119 63
69 120 81
69 121 82
69 122 51
69 123 52
69 124 12
69 125 6
69 126 17
69 127 63
69 128 46
69 129 21
69 130 67
70 70 0
70 71 0
70 72 0
70 73 0
70 74 0
70 75 0
70 76 0
70 77 0
70 78 0
70 79 0
70 80 0
70 81 0
70 82 0
70 83 0
70 84 0
70 85 0
70 86 0
70 87 0
70 88 0
70 89 0
70 90 0
70 91 0
70 92 0
70 93 0
70 94 0
70 95 0
70 96 0
70 97 0
70 98 0
70 99 0
70 100 100
70 101 30
70 102 56
70 103 26
70 104 75
70 105 40
70 106 76
70 107 11
70 108 5
70 109 56
70 110 67
70 111 74
70 112 32
70 113 59
70 114 93
70 115 12
70 116 12
70 117 88
70 118 35
70 119 100
70 120 14
70 121 3
70 122 67
70 123 77
70 124 23
70 125 30
70 126 86
70 127 90
70 128 77
70 129 86
70 130 3
71 71 0
71 72 0
71 73 0
71 74 0
71 75 0
71 76 0
71 77 0
71 78 0
71 79 0
71 80 0
71 81 0
71 82 0
71 83 0
71 84 0
71 85 0
71 86 0
71 87 0
71 88 0
71 89 0
71 90 0
71 91 0
71 92 0
71 93 0
71 94 0
71 95 0
71 96 0
71 97 0
71 98 0
71 99 0
71 100 69
71 101 62
71 102 84
71 103 62
71 104 42
71 105 52
71 106 81
71 107 81
71 108 8
71 109 96
71 110 65
71 111 6
71 112 44
71 113 87
71 114 8
71 115 26
71 116 65
71 117 59
71 118 3
71 119 94
71 120 45
71 121 98
71 122 28
71 123 77
71 124 70
71 125 78
71 126 32
71 127 42
71 128 91
71 129 62
71 130 63
72 72 0
72 73 0
72 74 0
72 75 0
72 76 0
72 77 0
72 78 0
72 79 0
72 80 0
72 81 0
72 82 0
72 83 0
72 84 0
72 85 0
72 86 0
72 87 0
72 88 0
72 89 0
72 90 0
72 91 0
72 92 0
72 93 0
72 94 0
72 95 0
72 96 0
72 97 0
72 98 0
72 99 0
72 100 88
72 101 46
72 102 68
72 103 76
72 104 31
72 105 90
72 106 20
72 107 84
72 108 77
72 109 97
72 110 44
72 111 96
72 112 95
72 113 39
72 114 6
72 115 42
72 116 67
72 117 72
72 118 36
72 119 16
72 120 100
72 121 72
72 122 47
72 123 41
72 124 96
72 125 46
72 126 32
72 127 62
72 128 5
72 129 30
72 130 76
73 73 0
73 74 0
73 75 0
73 76 0
73 77 0
73 78 0
73 79 0
73 80 0
73 81 0
73 82 0
73 83 0
73 84 0
73 85 0
73 86 0
73 87 0
73 88 0
73 89 0
73 90 0
73 91 0
73 92 0
73 93 0
73 94 0
73 95 0
73 96 0
73 97 0
73 98 0
73 99 0
73 100 77
73 101 10
73 102 75
73 103 74
73 104 100
73 105 50
73 106 38
73 107 47
73 108 48
73 109 29
73 110 72
73 111 89
73 112 82
73 113 18
73 114 36
73 115 73
73 116 60
73 117 44
73 118 56
73 119 75
73 120 29
73 121 76
73 122 78
73 123 5
73 124 42
73 125 97
73 126 92
73 127 37
73 128 48
73 129 96
73 130 53
74 74 0
74 75 0
74 76 0
74 77 0
74 78 0
74 79 0
74 80 0
74 81 0
74 82 0
74 83 0
74 84 0
74 85 0
74 86 0
74 87 0
74 88 0
74 89 0
74 90 0
74 91 0
74 92 0
74 93 0
74 94 0
74 95 0
74 96 0
74 97 0
74 98 0
74 99 0
74 100 71
74 101 83
74 102 99
74 103 55
74 104 16
74 105 50
74 106 96
74 107 22
74 108 28
74 109 66
74 110 67
74 111 75
74 112 87
74 113 1
74 114 89
74 115 90
74 116 19
74 117 63
74 118 21
74 119 46
74 120 21
74 121 64
74 122 14
74 123 30
74 124 87
74 125 70
74 126 62
74 127 29
74 128 41
74 129 90
74 130 62
75 75 0
75 76 0
75 77 0
75 78 0
75 79 0
75 80 0
75 81 0
75 82 0
75 83 0
75 84 0
75 85 0
75 86 0
75 87 0
75 88 0
75 89 0
75 90 0
75 91 0
75 92 0
75 93 0
75 94 0
75 95 0
75 96 0
75 97 0
75 98 0
75 99 0
75 100 8
75 101 57
75 102 33
75 103 97
75 104 96
75 105 46
75 106 1
75 107 11
75 108 67
75 109 24
75 110 33
75 111 88
75 112 31
75 113 15
75 114 55
75 115 7
75 116 74
75 117 36
75 118 14
75 119 10
75 120 2
75 121 17
75 122 83
75 123 75
75 124 13
75 125 89
75 126 25
75 127 100
75 128 49
75 129 49
75 130 92
76 76 0
76 77 0
76 78 0
76 79 0
76 80 0
76 81 0
76 82 0
76 83 0
76 84 0
76 85 0
76 86 0
76 87 0
76 88 0
76 89 0
76 90 0
76 91 0
76 92 0
76 93 0
76 94 0
76 95 0
76 96 0
76 97 0
76 98 0
76 99 0
76 100 31
76 101 73
76 102 16
76 103 88
76 104 10
76 105 100
76 106 12
76 107 60
76 108 79
76 109 80
76 110 78
76 111 18
76 112 68
76 113 76
76 114 95
76 115 3
76 116 25
76 117 10
76 118 2
76 119 86
76 120 51
76 121 7
76 122 39
76 123 29
76 124 94
76 125 5
76 126 81
76 127 88
76 128 78
76 129 4
76 130 36
77 77 0
77 78 0
77 79 0
77 80 0
77 81 0
77 82 0
77 83 0
77 84 0
77 85 0
77 86 0
77 87 0
77 88 0
77 89 0
77 90 0
77 91 0
77 92 0
77 93 0
77 94 0
77 95 0
77 96 0
77 97 0
77 98 0
77 99 0
77 100 18
77 101 96
77 102 70
77 103 100
77 104 24
77 105 60
77 106 28
77 107 67
77 108 33
77 109 82
77 110 53
77 111 99
77 112 48
77 113 34
77 114 21
77 115 1
77 116 96
77 117 81
77 118 36
77 119 63
77 120 62
77 121 91
77 122 63
77 123 79
77 124 93
77 125 11
77 126 44
77 127 81
77 128 23
77 129 78
77 130 9
78 78 0
78 79 0
78 80 0
78 81 0
78 82 0
78 83 0
78 84 0
78 85 0
78 86 0
78 87 0
78 88 0
78 89 0
78 90 0
78 91 0
78 92 0
78 93 0
78 94 0
78 95 0
78 96 0
78 97 0
78 98 0
78 99 0
78 100 5
78 101 76
78 102 92
78 103 90
78 104 43
78 105 4
78 106 40
78 107 12
78 108 70
78 109 23
78 110 35
78 111 3
78 112 79
78 113 100
78 114 56
78 115 28
78 116 44
78 117 60
78 118 15
78 119 84
78 120 15
78 121 60
78 122 68
78 123 68
78 124 69
78 125 45
78 126 91
78 127 53
78 128 21
78 129 61
78 130 87
79 79 0
79 80 0
79 81 0
79 82 0
79 83 0
79 84 0
79 85 0
79 86 0
79 87 0
79 88 0
79 89 0
79 90 0
79 91 0
79 92 0
79 93 0
79 94 0
79 95 0
79 96 0
79 97 0
79 98 0
79 99 0
79 100 30
79 101 70
79 102 71
79 103 12
79 104 74
79 105 87
79 106 49
79 107 78
79 108 79
79 109 48
79 110 61
79 111 83
79 112 40
79 113 82
79 114 6
79 115 45
79 116 59
79 117 68
79 118 93
79 119 2
79 120 44
79 121 44
79 122 12
79 123 76
79 124 19
79 125 66
79 126 44
79 127 30
79 128 57
79 129 7
79 130 47
80 80 0
80 81 0
80 82 0
80 83 0
80 84 0
80 85 0
80 86 0
80 87 0
80 88 0
80 89 0
80 90 0
80 91 0
80 92 0
80 93 0
80 94 0
80 95 0
80 96 0
80 97 0
80 98 0
80 99 0
80 100 56
80 101 61
80 102 62
80 103 45
80 104 23
80 105 72
80 106 24
80 107 10
80 108 62
80 109 59
80 110 39
80 111 41
80 112 80
80 113 91
80 114 43
80 115 69
80 116 20
80 117 35
80 118 65
80 119 29
80 120 94
80 121 42
80 122 28
80 123 91
80 124 33
80 125 92
80 126 52
80 127 2
80 128 42
80 129 71
80 130 93
81 81 0
81 82 0
81 83 0
81 84 0
81 85 0
81 86 0
81 87 0
81 88 0
81 89 0
81 90 0
81 91 0
81 92 0
81 93 0
81 94 0
81 95 0
81 96 0
81 97 0
81 98 0
81 99 0
81 100 16
81 101 83
81 102 22
81 103 62
81 104 35
81 105 21
81 106 86
81 107 24
81 108 4
81 109 64
81 110 74
81 111 51
81 112 94
81 113 90
81 114 61
81 115 71
81 116 37
81 117 87
81 118 84
81 119 51
81 120 75
81 121 100
81 122 89
81 123 31
81 124 65
81 125 49
81 126 34
81 127 21
81 128 91
81 129 89
81 130 79
82 82 0
82 83 0
82 84 0
82 85 0
82 86 0
82 87 0
82 88 0
82 89 0
82 90 0
82 91 0
82 92 0
82 93 0
82 94 0
82 95 0
82 96 0
82 97 0
82 98 0
82 99 0
82 100 23
82 101 41
82 102 38
82 103 51
82 104 16
82 105 69
82 106 19
82 107 95
82 108 49
82 109 2
82 110 83
82 111 13
82 112 26
82 113 52
82 114 96
82 115 20
82 116 49
82 117 3
82 118 28
82 119 25
82 120 11
82 121 90
82 122 87
82 123 2
82 124 70
82 125 1
82 126 65
82 127 11
82 128 28
82 129 54
82 130 39
83 83 0
83 84 0
83 85 0
83 86 0
83 87 0
83 88 0
83 89 0
83 90 0
83 91 0
83 92 0
83 93 0
83 94 0
83 95 0
83 96 0
83 97 0
83 98 0
83 99 0
83 100 69
83 101 91
83 102 1
83 103 42
83 104 58
83 105 78
83 106 75
83 107 85
83 108 20
83 109 31
83 110 57
83 111 33
83 112 20
83 113 29
83 114 35
83 115 10
83 116 15
83 117 18
83 118 87
83 119 68
83 120 7
83 121 43
83 122 56
83 123 71
83 124 55
83 125 21
83 126 67
83 127 77
83 128 85
83 129 5
83 130 93
84 84 0
84 85 0
84 86 0
84 87 0
84 88 0
84 89 0
84 90 0
84 91 0
84 92 0
84 93 0
84 94 0
84 95 0
84 96 0
84 97 0
84 98 0
84 99 0
84 100 7
84 101 25
84 102 79
84 103 89
84 104 40
84 105 37
84 106 74
84 107 78
84 108 21
84 109 72
84 110 11
84 111 24
84 112 48
84 113 74
84 114 65
84 115 79
84 116 29
84 117 78
84 118 42
84 119 64
84 120 23
84 121 94
84 122 9
84 123 92
84 124 21
84 125 42
84 126 44
84 127 24
84 128 57
84 129 13
84 130 8
85 85 0
85 86 0
85 87 0
85 88 0
85 89 0
85 90 0
85 91 0
85 92 0
85 93 0
85 94 0
85 95 0
85 96 0
85 97 0
85 98 0
85 99 0
85 100 71
85 101 45
85 102 68
85 103 7
85 104 12
85 105 82
85 106 29
85 107 54
85 108 60
85 109 33
85 110 27
85 111 1
85 112 84
85 113 90
85 114 8
85 115 89
85 116 44
85 117 80
85 118 69
85 119 41
85 120 62
85 121 9
85 122 74
85 123 40
85 124 42
85 125 69
85 126 70
85 127 50
85 128 40
85 129 61
85 130 90
86 86 0
86 87 0
86 88 0
86 89 0
86 90 0
86 91 0
86 92 0
86 93 0
86 94 0
86 95 0
86 96 0
86 97 0
86 98 0
86 99 0
86 100 85
86 101 48
86 102 10
86 103 98
86 104 57
86 105 51
86 106 53
86 107 1
86 108 5
86 109 22
86 110 41
86 111 49
86 112 25
86 113 68
86 114 61
86 115 66
86 116 45
86 117 2
86 118 27
86 119 21
86 120 90
86 121 31
86 122 10
86 123 91
86 124 12
86 125 18
86 126 13
86 127 16
86 128 40
86 129 38
86 130 53
87 87 0
87 88 0
87 89 0
87 90 0
87 91 0
87 92 0
87 93 0
87 94 0
87 95 0
87 96 0
87 97 0
87 98 0
87 99 0
87 100 34
87 101 5
87 102 72
87 103 53
87 104 97
87 105 23
87 106 69
87 107 61
87 108 20
87 109 59
87 110 41
87 111 28
87 112 39
87 113 54
87 114 61
87 115 74
87 116 48
87 117 97
87 118 17
87 119 15
87 120 5
87 121 14
87 122 44
87 123 14
87 124 92
87 125 1
87 126 80
87 127 31
87 128 63
87 129 38
87 130 43
88 88 0
88 89 0
88 90 0
88 91 0
88 92 0
88 93 0
88 94 0
88 95 0
88 96 0
88 97 0
88 98 0
88 99 0
88 100 89
88 101 27
88 102 11
88 103 51
88 104 67
88 105 79
88 106 17
88 107 3
88 108 5
88 109 33
88 110 77
88 111 31
88 112 86
88 113 72
88 114 85
88 115 71
88 116 94
88 117 90
88 118 73
88 119 93
88 120 71
88 121 22
88 122 36
88 123 39
88 124 65
88 125 38
88 126 28
88 127 96
88 128 55
88 129 55
88 130 31
89 89 0
89 90 0
89 91 0
89 92 0
89 93 0
89 94 0
89 95 0
89 96 0
89 97 0
89 98 0
89 99 0
89 100 98
89 101 92
89 102 62
89 103 59
89 104 93
89 105 15
89 106 3
89 107 4
89 108 25
89 109 71
89 110 29
89 111 85
89 112 6
89 113 4
89 114 56
89 115 18
89 116 89
89 117 63
89 118 35
89 119 21
89 120 70
89 121 36
89 122 38
89 123 61
89 124 12
89 125 66
89 126 5
89 127 35
89 128 54
89 129 40
89 130 76
90 90 0
90 91 0
90 92 0
90 93 0
90 94 0
90 95 0
90 96 0
90 97 0
90 98 0
90 99 0
90 100 68
90 101 64
90 102 68
90 103 79
90 104 60
90 105 58
90 106 69
90 107 17
90 108 72
90 109 86
90 110 6
90 111 16
90 112 37
90 113 4
90 114 45
90 115 51
90 116 12
90 117 35
90 118 98
90 119 92
90 120 26
90 121 48
90 122 73
90 123 59
90 124 85
90 125 6
90 126 15
90 127 73
90 128 28
90 129 94
90 130 86
91 91 0
91 92 0
91 93 0
91 94 0
91 95 0
91 96 0
91 97 0
91 98 0
91 99 0
91 100 47
91 101 64
91 102 68
91 103 67
91 104 61
91 105 5
91 106 51
91 107 26
91 108 38
91 109 85
91 110 18
91 111 9
91 112 86
91 113 44
91 114 91
91 115 10
91 116 2
91 117 60
91 118 10
91 119 43
91 120 73
91 121 19
91 122 91
91 123 87
91 124 100
91 125 19
91 126 38
91 127 79
91 128 62
91 129 26
91 130 8
92 92 0
92 93 0
92 94 0
92 95 0
92 96 0
92 97 0
92 98 0
92 99 0
92 100 22
92 101 3
92 102 56
92 103 31
92 104 50
92 105 74
92 106 95
92 107 10
92 108 17
92 109 52
92 110 90
92 111 30
92 112 66
92 113 26
92 114 86
92 115 89
92 116 2
92 117 4
92 118 25
92 119 10
92 120 33
92 121 38
92 122 76
92 123 11
92 124 37
92 125 42
92 126 96
92 127 68
92 128 13
92 129 63
92 130 25
93 93 0
93 94 0
93 95 0
93 96 0
93 97 0
93 98 0
93 99 0
93 100 52
93 101 43
93 102 28
93 103 72
93 104 100
93 105 34
93 106 56
93 107 75
93 108 88
93 109 91
93 110 94
93 111 40
93 112 50
93 113 83
93 114 89
93 115 67
93 116 96
93 117 81
93 118 78
93 119 48
93 120 90
93 121 50
93 122 55
93 123 37
93 124 100
93 125 39
93 126 80
93 127 52
93 128 34
93 129 58
93 130 13
94 94 0
94 95 0
94 96 0
94 97 0
94 98 0
94 99 0
94 100 89
94 101 10
94 102 42
94 103 30
94 104 48
94 105 20
94 106 41
94 107 16
94 108 46
94 109 81
94 110 43
94 111 61
94 112 63
94 113 25
94 114 81
94 115 59
94 116 15
94 117 6
94 118 48
94 119 46
94 120 29
94 121 35
94 122 53
94 123 63
94 124 74
94 125 27
94 126 86
94 127 62
94 128 74
94 129 51
94 130 90
95 95 0
95 96 0
95 97 0
95 98 0
95 99 0
95 100 16
95 101 95
95 102 98
95 103 58
95 104 74
95 105 51
95 106 42
95 107 96
95 108 69
95 109 87
95 110 57
95 111 17
95 112 99
95 113 74
95 114 64
95 115 28
95 116 40
95 117 46
95 118 85
95 119 90
95 120 18
95 121 12
95 122 80
95 123 5
95 124 67
95 125 83
95 126 26
95 127 41
95 128 28
95 129 87
95 130 65
96 96 0
96 97 0
96 98 0
96 99 0
96 100 89
96 101 44
96 102 37
96 103 4
96 104 19
96 105 43
96 106 70
96 107 31
96 108 55
96 109 89
96 110 70
96 111 25
96 112 18
96 113 71
96 114 66
96 115 22
96 116 80
96 117 43
96 118 17
96 119 44
96 120 55
96 121 1
96 122 8
96 123 45
96 124 63
96 125 23
96 126 9
96 127 78
96 128 48
96 129 11
96 130 47
97 97 0
97 98 0
97 99 0
97 100 76
97 101 67
97 102 12
97 103 21
97 104 16
97 105 46
97 106 73
97 107 40
97 108 71
97 109 46
97 110 90
97 111 19
97 112 43
97 113 18
97 114 93
97 115 86
97 116 100
97 117 73
97 118 26
97 119 51
97 120 18
97 121 64
97 122 96
97 123 62
97 124 20
97 125 72
97 126 99
97 127 10
97 128 48
97 129 36
97 130 26
98 98 0
98 99 0
98 100 69
98 101 21
98 102 16
98 103 9
98 104 45
98 105 46
98 106 2
98 107 1
98 108 98
98 109 89
98 110 88
98 111 25
98 112 70
98 113 44
98 114 47
98 115 21
98 116 59
98 117 25
98 118 67
98 119 95
98 120 92
98 121 53
98 122 77
98 123 77
98 124 73
98 125 90
98 126 70
98 127 54
98 128 56
98 129 82
98 130 57
99 99 0
99 100 45
99 101 34
99 102 8
99 103 16
99 104 3
99 105 11
99 106 31
99 107 59
99 108 46
99 109 68
99 110 1
99 111 19
99 112 30
99 113 23
99 114 77
99 115 23
99 116 44
99 117 85
99 118 98
99 119 86
99 120 11
99 121 36
99 122 24
99 123 93
99 124 58
99 125 34
99 126 58
99 127 38
99 128 61
99 129 2
99 130 33
100 100 0
100 101 0
100 102 0
100 103 0
100 104 0
100 105 0
100 106 0
100 107 0
100 108 0
100 109 0
100 110 0
100 111 0
100 112 0
100 113 0
100 114 0
100 115 0
100 116 0
100 117 0
100 118 0
100 119 0
100 120 0
100 121 0
100 122 0
100 123 0
100 124 0
100 125 0
100 126 0
100 127 0
100 128 0
100 129 0
100 130 0
101 101 0
101 102 0
101 103 0
101 104 0
101 105 0
101 106 0
101 107 0
101 108 0
101 109 0
101 110 0
101 111 0
101 112 0
101 113 0
101 114 0
101 115 0
101 116 0
101 117 0
101 118 0
101 119 0
101 120 0
101 121 0
101 122 0
101 123 0
101 124 0
101 125 0
101 126 0
101 127 0
101 128 0
101 129 0
101 130 0
102 102 0
102 103 0
102 104 0
102 105 0
102 106 0
102 107 0
102 108 0
102 109 0
102 110 0
102 111 0
102 112 0
102 113 0
102 114 0
102 115 0
102 116 0
102 117 0
102 118 0
102 119 0
102 120 0
102 121 0
102 122 0
102 123 0
102 124 0
102 125 0
102 126 0
102 127 0
102 128 0
102 129 0
102 130 0
103 103 0
103 104 0
103 105 0
103 106 0
103 107 0
103 108 0
103 109 0
103 110 0
103 111 0
103 112 0
103 113 0
103 114 0
103 115 0
103 116 0
103 117 0
103 118 0
103 119 0
103 120 0
103 121 0
103 122 0
103 123 0
103 124 0
103 125 0
103 126 0
103 127 0
103 128 0
103 129 0
103 130 0
104 104 0
104 105 0
104 106 0
104 107 0
104 108 0
104 109 0
104 110 0
104 111 0
104 112 0
104 113 0
104 114 0
104 115 0
104 116 0
104 117 0
104 118 0
104 119 0
104 120 0
104 121 0
104 122 0
104 123 0
104 124 0
104 125 0
104 126 0
104 127 0
104 128 0
104 129 0
104 130 0
105 105 0
105 106 0
105 107 0
105 108 0
105 109 0
105 110 0
105 111 0
105 112 0
105 113 0
105 114 0
105 115 0
105 116 0
105 117 0
105 118 0
105 119 0
105 120 0
105 121 0
105 122 0
105 123 0
105 124 0
105 125 0
105 126 0
105 127 0
105 128 0
105 129 0
105 130 0
106 106 0
106 107 0
106 108 0
106 109 0
106 110 0
106 111 0
106 112 0
106 113 0
106 114 0
106 115 0
106 116 0
106 117 0
106 118 0
106 119 0
106 120 0
106 121 0
106 122 0
106 123 0
106 124 0
106 125 0
106 126 0
106 127 0
106 128 0
106 129 0
106 130 0
107 107 0
107 108 0
107 109 0
107 110 0
107 111 0
107 112 0
107 113 0
107 114 0
107 115 0
107 116 0
107 117 0
107 118 0
107 119 0
107 120 0
107 121 0
107 122 0
107 123 0
107 124 0
107 125 0
107 126 0
107 127 0
107 128 0
107 129 0
107 130 0
108 108 0
108 109 0
108 110 0
108 111 0
108 112 0
108 113 0
108 114 0
108 115 0
108 116 0
108 117 0
108 118 0
108 119 0
108 120 0
108 121 0
108 122 0
108 123 0
108 124 0
108 125 0
108 126 0
108 127 0
108 128 0
108 129 0
108 130 0
109 109 0
109 110 0
109 111 0
109 112 0
109 113 0
109 114 0
109 115 0
109 116 0
109 117 0
109 118 0
109 119 0
109 120 0
109 121 0
109 122 0
109 123 0
109 124 0
109 125 0
109 126 0
109 127 0
109 128 0
109 129 0
109 130 0
110 110 0
110 111 0
110 112 0
110 113 0
110 114 0
110 115 0
110 116 0
110 117 0
110 118 0
110 119 0
110 120 0
110 121 0
110 122 0
110 123 0
110 124 0
110 125 0
110 126 0
110 127 0
110 128 0
110 129 0
110 130 0
111 111 0
111 112 0
111 113 0
111 114 0
111 115 0
111 116 0
111 117 0
111 118 0
111 119 0
111 120 0
111 121 0
111 122 0
111 123 0
111 124 0
111 125 0
111 126 0
111 127 0
111 128 0
111 129 0
111 130 0
112 112 0
112 113 0
112 114 0
112 115 0
112 116 0
112 117 0
112 118 0
112 119 0
112 120 0
112 121 0
112 122 0
112 123 0
112 124 0
112 125 0
112 126 0
112 127 0
112 128 0
112 129 0
112 130 0
113 113 0
113 114 0
113 115 0
113 116 0
113 117 0
113 118 0
113 119 0
113 120 0
113 121 0
113 122 0
113 123 0
113 124 0
113 125 0
113 126 0
113 127 0
113 128 0
113 129 0
113 130 0
114 114 0
114 115 0
114 116 0
114 117 0
114 118 0
114 119 0
114 120 0
114 121 0
114 122 0
114 123 0
114 124 0
114 125 0
114 126 0
114 127 0
114 128 0
114 129 0
114 130 0
115 115 0
115 116 0
115 117 0
115 118 0
115 119 0
115 120 0
115 121 0
115 122 0
115 123 0
115 124 0
115 125 0
115 126 0
115 127 0
115 128 0
115 129 0
115 130 0
116 116 0
116 117 0
116 118 0
116 119 0
116 120 0
116 121 0
116 122 0
116 123 0
116 124 0
116 125 0
116 126 0
116 127 0
116 128 0
116 129 0
116 130 0
117 117 0
117 118 0
117 119 0
117 120 0
117 121 0
117 122 0
117 123 0
117 124 0
117 125 0
117 126 0
117 127 0
117 128 0
117 129 0
117 130 0
118 118 0
118 119 0
118 120 0
118 121 0
118 122 0
118 123 0
118 124 0
118 125 0
118 126 0
118 127 0
118 128 0
118 129 0
118 130 0
119 119 0
119 120 0
119 121 0
119 122 0
119 123 0
119 124 0
119 125 0
119 126 0
119 127 0
119 128 0
119 129 0
119 130 0
120 120 0
120 121 0
120 122 0
120 123 0
120 124 0
120 125 0
120 126 0
120 127 0
120 128 0
120 129 0
120 130 0
121 121 0
121 122 0
121 123 0
121 124 0
121 125 0
121 126 0
121 127 0
121 128 0
121 129 0
121 130 0
122 122 0
122 123 0
122 124 0
122 125 0
122 126 0
122 127 0
122 128 0
122 129 0
122 130 0
123 123 0
123 124 0
123 125 0
123 126 0
123 127 0
123 128 0
123 129 0
123 130 0
124 124 0
124 125 0
124 126 0
124 127 0
124 128 0
124 129 0
124 130 0
125 125 0
125 126 0
125 127 0
125 128 0
125 129 0
125 130 0
126 126 0
126 127 0
126 128 0
126 129 0
126 130 0
127 127 0
127 128 0
127 129 0
127 130 0
128 128 0
128 129 0
128 130 0
129 129 0
129 130 0
130 130 0
