5
25
28
22
13
24
0 0 0
0 1 0
0 2 0
0 3 0
0 4 0
0 5 0
0 6 0
0 7 0
0 8 0
0 9 0
0 10 0
0 11 0
0 12 0
0 13 0
0 14 0
0 15 0
0 16 0
0 17 0
0 18 0
0 19 0
0 20 0
0 21 0
0 22 0
0 23 0
0 24 0
0 25 105
0 26 100
0 27 101
0 28 100
0 29 99
0 30 99
0 31 101
0 32 98
0 33 101
0 34 101
0 35 99
0 36 100
0 37 103
0 38 103
0 39 100
0 40 99
0 41 101
0 42 100
0 43 102
0 44 100
0 45 98
0 46 97
0 47 98
0 48 98
0 49 105
0 50 99
0 51 100
0 52 100
0 53 100
0 54 101
0 55 100
0 56 103
0 57 99
0 58 99
0 59 99
0 60 98
0 61 99
0 62 102
0 63 101
0 64 100
0 65 99
0 66 99
0 67 103
0 68 101
0 69 102
0 70 100
0 71 102
0 72 101
0 73 96
0 74 99
0 75 100
0 76 101
0 77 100
0 78 100
0 79 101
0 80 99
0 81 99
0 82 103
0 83 100
0 84 101
0 85 101
0 86 101
0 87 99
0 88 102
0 89 100
0 90 100
0 91 99
0 92 101
0 93 99
0 94 96
0 95 98
0 96 99
0 97 100
0 98 103
0 99 98
0 100 98
0 101 95
0 102 103
0 103 98
0 104 101
0 105 100
0 106 101
0 107 103
0 108 98
0 109 102
0 110 99
0 111 102
1 1 0
1 2 0
1 3 0
1 4 0
1 5 0
1 6 0
1 7 0
1 8 0
1 9 0
1 10 0
1 11 0
1 12 0
1 13 0
1 14 0
1 15 0
1 16 0
1 17 0
1 18 0
1 19 0
1 20 0
1 21 0
1 22 0
1 23 0
1 24 0
1 25 100
1 26 94
1 27 101
1 28 101
1 29 101
1 30 101
1 31 102
1 32 98
1 33 95
1 34 102
1 35 99
1 36 102
1 37 99
1 38 103
1 39 101
1 40 99
1 41 102
1 42 97
1 43 101
1 44 101
1 45 100
1 46 97
1 47 102
1 48 97
1 49 101
1 50 96
1 51 101
1 52 98
1 53 98
1 54 102
1 55 101
1 56 101
1 57 99
1 58 100
1 59 102
1 60 102
1 61 100
1 62 106
1 63 101
1 64 100
1 65 100
1 66 100
1 67 99
1 68 103
1 69 102
1 70 96
1 71 100
1 72 101
1 73 99
1 74 99
1 75 97
1 76 98
1 77 98
1 78 100
1 79 102
1 80 99
1 81 98
1 82 98
1 83 103
1 84 103
1 85 100
1 86 105
1 87 99
1 88 103
1 89 98
1 90 102
1 91 101
1 92 98
1 93 100
1 94 96
1 95 97
1 96 103
1 97 97
1 98 98
1 99 102
1 100 102
1 101 95
1 102 99
1 103 99
1 104 100
1 105 99
1 106 102
1 107 98
1 108 100
1 109 97
1 110 102
1 111 105
2 2 0
2 3 0
2 4 0
2 5 0
2 6 0
2 7 0
2 8 0
2 9 0
2 10 0
2 11 0
2 12 0
2 13 0
2 14 0
2 15 0
2 16 0
2 17 0
2 18 0
2 19 0
2 20 0
2 21 0
2 22 0
2 23 0
2 24 0
2 25 101
2 26 102
2 27 103
2 28 99
2 29 98
2 30 102
2 31 99
2 32 99
2 33 98
2 34 99
2 35 101
2 36 103
2 37 99
2 38 97
2 39 100
2 40 102
2 41 103
2 42 98
2 43 100
2 44 99
2 45 97
2 46 97
2 47 98
2 48 102
2 49 100
2 50 96
2 51 103
2 52 101
2 53 100
2 54 105
2 55 100
2 56 99
2 57 105
2 58 99
2 59 103
2 60 101
2 61 98
2 62 96
2 63 99
2 64 98
2 65 102
2 66 99
2 67 99
2 68 103
2 69 97
2 70 97
2 71 98
2 72 98
2 73 103
2 74 98
2 75 101
2 76 100
2 77 96
2 78 99
2 79 101
2 80 98
2 81 101
2 82 101
2 83 100
2 84 97
2 85 102
2 86 100
2 87 104
2 88 99
2 89 99
2 90 99
2 91 102
2 92 100
2 93 98
2 94 99
2 95 100
2 96 101
2 97 99
2 98 100
2 99 104
2 100 99
2 101 102
2 102 103
2 103 98
2 104 100
2 105 103
2 106 99
2 107 102
2 108 102
2 109 98
2 110 102
2 111 102
3 3 0
3 4 0
3 5 0
3 6 0
3 7 0
3 8 0
3 9 0
3 10 0
3 11 0
3 12 0
3 13 0
3 14 0
3 15 0
3 16 0
3 17 0
3 18 0
3 19 0
3 20 0
3 21 0
3 22 0
3 23 0
3 24 0
3 25 102
3 26 100
3 27 96
3 28 96
3 29 101
3 30 103
3 31 99
3 32 102
3 33 100
3 34 99
3 35 99
3 36 100
3 37 98
3 38 97
3 39 105
3 40 102
3 41 100
3 42 101
3 43 99
3 44 100
3 45 99
3 46 99
3 47 100
3 48 101
3 49 100
3 50 102
3 51 100
3 52 100
3 53 98
3 54 99
3 55 100
3 56 103
3 57 99
3 58 103
3 59 104
3 60 100
3 61 103
3 62 102
3 63 102
3 64 101
3 65 101
3 66 101
3 67 101
3 68 100
3 69 103
3 70 101
3 71 101
3 72 97
3 73 102
3 74 98
3 75 100
3 76 105
3 77 102
3 78 102
3 79 102
3 80 96
3 81 103
3 82 100
3 83 100
3 84 99
3 85 102
3 86 99
3 87 100
3 88 101
3 89 103
3 90 99
3 91 102
3 92 97
3 93 99
3 94 100
3 95 102
3 96 102
3 97 102
3 98 103
3 99 101
3 100 102
3 101 102
3 102 100
3 103 100
3 104 102
3 105 102
3 106 100
3 107 100
3 108 98
3 109 101
3 110 99
3 111 98
4 4 0
4 5 0
4 6 0
4 7 0
4 8 0
4 9 0
4 10 0
4 11 0
4 12 0
4 13 0
4 14 0
4 15 0
4 16 0
4 17 0
4 18 0
4 19 0
4 20 0
4 21 0
4 22 0
4 23 0
4 24 0
4 25 100
4 26 101
4 27 99
4 28 99
4 29 100
4 30 98
4 31 99
4 32 100
4 33 98
4 34 101
4 35 99
4 36 100
4 37 100
4 38 101
4 39 99
4 40 101
4 41 106
4 42 99
4 43 100
4 44 98
4 45 99
4 46 102
4 47 100
4 48 102
4 49 97
4 50 101
4 51 105
4 52 101
4 53 101
4 54 100
4 55 99
4 56 101
4 57 98
4 58 100
4 59 100
4 60 100
4 61 101
4 62 98
4 63 97
4 64 103
4 65 100
4 66 99
4 67 109
4 68 100
4 69 97
4 70 98
4 71 99
4 72 100
4 73 103
4 74 100
4 75 100
4 76 99
4 77 101
4 78 96
4 79 100
4 80 99
4 81 98
4 82 101
4 83 100
4 84 103
4 85 103
4 86 101
4 87 97
4 88 99
4 89 104
4 90 101
4 91 100
4 92 98
4 93 98
4 94 104
4 95 97
4 96 101
4 97 101
4 98 100
4 99 100
4 100 98
4 101 102
4 102 98
4 103 100
4 104 102
4 105 102
4 106 103
4 107 99
4 108 99
4 109 102
4 110 102
4 111 100
5 5 0
5 6 0
5 7 0
5 8 0
5 9 0
5 10 0
5 11 0
5 12 0
5 13 0
5 14 0
5 15 0
5 16 0
5 17 0
5 18 0
5 19 0
5 20 0
5 21 0
5 22 0
5 23 0
5 24 0
5 25 99
5 26 101
5 27 97
5 28 97
5 29 101
5 30 100
5 31 101
5 32 101
5 33 102
5 34 99
5 35 98
5 36 100
5 37 100
5 38 104
5 39 101
5 40 100
5 41 101
5 42 103
5 43 105
5 44 101
5 45 100
5 46 98
5 47 100
5 48 99
5 49 101
5 50 97
5 51 100
5 52 100
5 53 102
5 54 102
5 55 99
5 56 102
5 57 100
5 58 100
5 59 100
5 60 98
5 61 103
5 62 100
5 63 95
5 64 96
5 65 102
5 66 103
5 67 100
5 68 102
5 69 96
5 70 101
5 71 101
5 72 102
5 73 99
5 74 104
5 75 101
5 76 97
5 77 102
5 78 100
5 79 100
5 80 97
5 81 100
5 82 104
5 83 101
5 84 101
5 85 100
5 86 100
5 87 101
5 88 98
5 89 98
5 90 98
5 91 100
5 92 99
5 93 102
5 94 101
5 95 99
5 96 98
5 97 98
5 98 99
5 99 103
5 100 99
5 101 103
5 102 99
5 103 99
5 104 101
5 105 101
5 106 101
5 107 97
5 108 101
5 109 103
5 110 97
5 111 101
6 6 0
6 7 0
6 8 0
6 9 0
6 10 0
6 11 0
6 12 0
6 13 0
6 14 0
6 15 0
6 16 0
6 17 0
6 18 0
6 19 0
6 20 0
6 21 0
6 22 0
6 23 0
6 24 0
6 25 102
6 26 100
6 27 101
6 28 101
6 29 100
6 30 100
6 31 101
6 32 99
6 33 103
6 34 99
6 35 97
6 36 103
6 37 103
6 38 98
6 39 102
6 40 98
6 41 100
6 42 100
6 43 100
6 44 100
6 45 98
6 46 100
6 47 99
6 48 100
6 49 98
6 50 99
6 51 97
6 52 99
6 53 98
6 54 97
6 55 99
6 56 102
6 57 102
6 58 101
6 59 99
6 60 102
6 61 99
6 62 98
6 63 98
6 64 101
6 65 102
6 66 99
6 67 98
6 68 99
6 69 98
6 70 103
6 71 101
6 72 98
6 73 97
6 74 98
6 75 100
6 76 101
6 77 101
6 78 99
6 79 101
6 80 102
6 81 100
6 82 100
6 83 99
6 84 101
6 85 101
6 86 99
6 87 103
6 88 99
6 89 96
6 90 97
6 91 101
6 92 100
6 93 101
6 94 101
6 95 100
6 96 99
6 97 101
6 98 103
6 99 101
6 100 98
6 101 101
6 102 100
6 103 99
6 104 100
6 105 99
6 106 98
6 107 97
6 108 98
6 109 102
6 110 99
6 111 101
7 7 0
7 8 0
7 9 0
7 10 0
7 11 0
7 12 0
7 13 0
7 14 0
7 15 0
7 16 0
7 17 0
7 18 0
7 19 0
7 20 0
7 21 0
7 22 0
7 23 0
7 24 0
7 25 106
7 26 99
7 27 100
7 28 100
7 29 101
7 30 99
7 31 101
7 32 98
7 33 99
7 34 98
7 35 101
7 36 96
7 37 97
7 38 101
7 39 100
7 40 97
7 41 104
7 42 101
7 43 100
7 44 98
7 45 100
7 46 99
7 47 99
7 48 96
7 49 100
7 50 99
7 51 101
7 52 100
7 53 98
7 54 103
7 55 100
7 56 100
7 57 102
7 58 101
7 59 100
7 60 101
7 61 100
7 62 99
7 63 97
7 64 101
7 65 101
7 66 102
7 67 102
7 68 101
7 69 98
7 70 98
7 71 98
7 72 99
7 73 101
7 74 98
7 75 101
7 76 104
7 77 101
7 78 101
7 79 99
7 80 99
7 81 104
7 82 98
7 83 100
7 84 103
7 85 98
7 86 100
7 87 102
7 88 103
7 89 101
7 90 101
7 91 100
7 92 100
7 93 100
7 94 101
7 95 97
7 96 99
7 97 103
7 98 100
7 99 102
7 100 102
7 101 100
7 102 97
7 103 101
7 104 101
7 105 96
7 106 101
7 107 102
7 108 99
7 109 100
7 110 99
7 111 97
8 8 0
8 9 0
8 10 0
8 11 0
8 12 0
8 13 0
8 14 0
8 15 0
8 16 0
8 17 0
8 18 0
8 19 0
8 20 0
8 21 0
8 22 0
8 23 0
8 24 0
8 25 99
8 26 99
8 27 102
8 28 102
8 29 103
8 30 100
8 31 98
8 32 100
8 33 102
8 34 97
8 35 99
8 36 100
8 37 96
8 38 101
8 39 97
8 40 96
8 41 98
8 42 101
8 43 100
8 44 97
8 45 98
8 46 101
8 47 97
8 48 99
8 49 99
8 50 104
8 51 101
8 52 97
8 53 100
8 54 98
8 55 97
8 56 103
8 57 101
8 58 101
8 59 100
8 60 104
8 61 100
8 62 100
8 63 100
8 64 102
8 65 101
8 66 103
8 67 101
8 68 100
8 69 100
8 70 96
8 71 99
8 72 99
8 73 100
8 74 105
8 75 100
8 76 101
8 77 101
8 78 102
8 79 100
8 80 100
8 81 98
8 82 97
8 83 98
8 84 103
8 85 101
8 86 100
8 87 100
8 88 100
8 89 100
8 90 101
8 91 101
8 92 99
8 93 98
8 94 102
8 95 102
8 96 100
8 97 101
8 98 101
8 99 101
8 100 98
8 101 102
8 102 100
8 103 96
8 104 102
8 105 100
8 106 104
8 107 97
8 108 100
8 109 97
8 110 100
8 111 98
9 9 0
9 10 0
9 11 0
9 12 0
9 13 0
9 14 0
9 15 0
9 16 0
9 17 0
9 18 0
9 19 0
9 20 0
9 21 0
9 22 0
9 23 0
9 24 0
9 25 98
9 26 100
9 27 97
9 28 100
9 29 102
9 30 96
9 31 102
9 32 100
9 33 98
9 34 98
9 35 101
9 36 98
9 37 98
9 38 98
9 39 97
9 40 97
9 41 101
9 42 99
9 43 102
9 44 99
9 45 100
9 46 102
9 47 102
9 48 99
9 49 100
9 50 98
9 51 99
9 52 100
9 53 100
9 54 100
9 55 100
9 56 100
9 57 104
9 58 101
9 59 98
9 60 99
9 61 100
9 62 102
9 63 105
9 64 98
9 65 98
9 66 96
9 67 98
9 68 99
9 69 101
9 70 101
9 71 101
9 72 99
9 73 101
9 74 100
9 75 98
9 76 99
9 77 99
9 78 100
9 79 98
9 80 98
9 81 101
9 82 99
9 83 100
9 84 100
9 85 99
9 86 99
9 87 102
9 88 98
9 89 98
9 90 101
9 91 100
9 92 101
9 93 98
9 94 100
9 95 100
9 96 103
9 97 101
9 98 103
9 99 105
9 100 97
9 101 99
9 102 96
9 103 101
9 104 101
9 105 99
9 106 100
9 107 100
9 108 97
9 109 100
9 110 98
9 111 96
10 10 0
10 11 0
10 12 0
10 13 0
10 14 0
10 15 0
10 16 0
10 17 0
10 18 0
10 19 0
10 20 0
10 21 0
10 22 0
10 23 0
10 24 0
10 25 99
10 26 101
10 27 100
10 28 101
10 29 100
10 30 102
10 31 101
10 32 102
10 33 100
10 34 100
10 35 103
10 36 103
10 37 101
10 38 100
10 39 99
10 40 101
10 41 102
10 42 104
10 43 100
10 44 96
10 45 101
10 46 100
10 47 102
10 48 104
10 49 99
10 50 99
10 51 103
10 52 104
10 53 101
10 54 103
10 55 104
10 56 100
10 57 100
10 58 103
10 59 97
10 60 103
10 61 100
10 62 101
10 63 98
10 64 99
10 65 99
10 66 102
10 67 98
10 68 99
10 69 95
10 70 102
10 71 103
10 72 99
10 73 98
10 74 98
10 75 100
10 76 105
10 77 101
10 78 99
10 79 102
10 80 100
10 81 100
10 82 99
10 83 99
10 84 102
10 85 99
10 86 104
10 87 100
10 88 100
10 89 101
10 90 98
10 91 100
10 92 101
10 93 101
10 94 99
10 95 99
10 96 103
10 97 96
10 98 97
10 99 101
10 100 99
10 101 100
10 102 96
10 103 101
10 104 103
10 105 100
10 106 98
10 107 100
10 108 97
10 109 99
10 110 103
10 111 100
11 11 0
11 12 0
11 13 0
11 14 0
11 15 0
11 16 0
11 17 0
11 18 0
11 19 0
11 20 0
11 21 0
11 22 0
11 23 0
11 24 0
11 25 102
11 26 102
11 27 97
11 28 99
11 29 101
11 30 99
11 31 102
11 32 104
11 33 100
11 34 100
11 35 105
11 36 101
11 37 102
11 38 99
11 39 103
11 40 102
11 41 98
11 42 99
11 43 98
11 44 100
11 45 99
11 46 102
11 47 101
11 48 99
11 49 106
11 50 103
11 51 99
11 52 98
11 53 98
11 54 98
11 55 100
11 56 102
11 57 100
11 58 100
11 59 101
11 60 103
11 61 96
11 62 100
11 63 101
11 64 99
11 65 103
11 66 101
11 67 100
11 68 101
11 69 103
11 70 101
11 71 102
11 72 98
11 73 104
11 74 101
11 75 97
11 76 102
11 77 101
11 78 99
11 79 102
11 80 97
11 81 103
11 82 98
11 83 99
11 84 100
11 85 101
11 86 98
11 87 102
11 88 102
11 89 103
11 90 99
11 91 98
11 92 99
11 93 99
11 94 98
11 95 102
11 96 99
11 97 103
11 98 100
11 99 102
11 100 98
11 101 102
11 102 98
11 103 99
11 104 99
11 105 98
11 106 99
11 107 98
11 108 97
11 109 99
11 110 103
11 111 100
12 12 0
12 13 0
12 14 0
12 15 0
12 16 0
12 17 0
12 18 0
12 19 0
12 20 0
12 21 0
12 22 0
12 23 0
12 24 0
12 25 99
12 26 102
12 27 100
12 28 99
12 29 101
12 30 101
12 31 101
12 32 102
12 33 103
12 34 102
12 35 100
12 36 97
12 37 105
12 38 98
12 39 98
12 40 99
12 41 100
12 42 100
12 43 101
12 44 96
12 45 97
12 46 100
12 47 96
12 48 103
12 49 102
12 50 98
12 51 99
12 52 104
12 53 99
12 54 103
12 55 99
12 56 101
12 57 95
12 58 99
12 59 103
12 60 103
12 61 103
12 62 103
12 63 98
12 64 101
12 65 100
12 66 101
12 67 101
12 68 97
12 69 99
12 70 100
12 71 99
12 72 99
12 73 101
12 74 101
12 75 98
12 76 101
12 77 98
12 78 100
12 79 98
12 80 101
12 81 100
12 82 104
12 83 100
12 84 99
12 85 101
12 86 99
12 87 100
12 88 102
12 89 103
12 90 101
12 91 98
12 92 102
12 93 97
12 94 97
12 95 104
12 96 100
12 97 96
12 98 100
12 99 104
12 100 100
12 101 101
12 102 100
12 103 97
12 104 101
12 105 97
12 106 98
12 107 102
12 108 101
12 109 98
12 110 99
12 111 99
13 13 0
13 14 0
13 15 0
13 16 0
13 17 0
13 18 0
13 19 0
13 20 0
13 21 0
13 22 0
13 23 0
13 24 0
13 25 98
13 26 100
13 27 100
13 28 98
13 29 100
13 30 97
13 31 100
13 32 102
13 33 96
13 34 99
13 35 101
13 36 100
13 37 98
13 38 101
13 39 103
13 40 99
13 41 97
13 42 103
13 43 100
13 44 103
13 45 98
13 46 101
13 47 102
13 48 101
13 49 99
13 50 99
13 51 99
13 52 101
13 53 95
13 54 101
13 55 99
13 56 101
13 57 101
13 58 98
13 59 100
13 60 102
13 61 98
13 62 99
13 63 99
13 64 103
13 65 100
13 66 98
13 67 102
13 68 104
13 69 100
13 70 102
13 71 100
13 72 98
13 73 99
13 74 96
13 75 100
13 76 99
13 77 99
13 78 99
13 79 100
13 80 101
13 81 99
13 82 100
13 83 103
13 84 101
13 85 96
13 86 101
13 87 105
13 88 99
13 89 96
13 90 101
13 91 96
13 92 97
13 93 100
13 94 99
13 95 98
13 96 99
13 97 99
13 98 97
13 99 100
13 100 103
13 101 100
13 102 98
13 103 98
13 104 101
13 105 103
13 106 98
13 107 98
13 108 98
13 109 100
13 110 100
13 111 99
14 14 0
14 15 0
14 16 0
14 17 0
14 18 0
14 19 0
14 20 0
14 21 0
14 22 0
14 23 0
14 24 0
14 25 101
14 26 101
14 27 97
14 28 99
14 29 97
14 30 100
14 31 98
14 32 102
14 33 99
14 34 102
14 35 98
14 36 100
14 37 99
14 38 102
14 39 97
14 40 96
14 41 100
14 42 101
14 43 101
14 44 100
14 45 101
14 46 102
14 47 102
14 48 97
14 49 104
14 50 101
14 51 101
14 52 100
14 53 98
14 54 101
14 55 98
14 56 99
14 57 97
14 58 99
14 59 99
14 60 103
14 61 98
14 62 101
14 63 99
14 64 103
14 65 103
14 66 104
14 67 102
14 68 101
14 69 100
14 70 99
14 71 101
14 72 99
14 73 98
14 74 104
14 75 100
14 76 99
14 77 103
14 78 100
14 79 102
14 80 99
14 81 103
14 82 100
14 83 101
14 84 101
14 85 102
14 86 99
14 87 103
14 88 97
14 89 98
14 90 103
14 91 99
14 92 97
14 93 99
14 94 104
14 95 99
14 96 100
14 97 100
14 98 100
14 99 96
14 100 98
14 101 101
14 102 99
14 103 103
14 104 99
14 105 102
14 106 99
14 107 98
14 108 99
14 109 98
14 110 100
14 111 100
15 15 0
15 16 0
15 17 0
15 18 0
15 19 0
15 20 0
15 21 0
15 22 0
15 23 0
15 24 0
15 25 102
15 26 99
15 27 101
15 28 103
15 29 104
15 30 104
15 31 102
15 32 102
15 33 101
15 34 101
15 35 99
15 36 100
15 37 101
15 38 97
15 39 100
15 40 100
15 41 97
15 42 101
15 43 99
15 44 100
15 45 99
15 46 97
15 47 98
15 48 103
15 49 104
15 50 99
15 51 96
15 52 98
15 53 103
15 54 98
15 55 99
15 56 102
15 57 101
15 58 101
15 59 103
15 60 103
15 61 99
15 62 100
15 63 100
15 64 95
15 65 97
15 66 100
15 67 100
15 68 99
15 69 101
15 70 102
15 71 98
15 72 99
15 73 100
15 74 93
15 75 98
15 76 96
15 77 101
15 78 100
15 79 102
15 80 102
15 81 97
15 82 103
15 83 101
15 84 104
15 85 104
15 86 103
15 87 103
15 88 99
15 89 100
15 90 100
15 91 99
15 92 98
15 93 98
15 94 101
15 95 103
15 96 100
15 97 101
15 98 100
15 99 97
15 100 101
15 101 103
15 102 100
15 103 99
15 104 103
15 105 100
15 106 97
15 107 100
15 108 102
15 109 98
15 110 101
15 111 100
16 16 0
16 17 0
16 18 0
16 19 0
16 20 0
16 21 0
16 22 0
16 23 0
16 24 0
16 25 105
16 26 100
16 27 100
16 28 99
16 29 101
16 30 103
16 31 99
16 32 99
16 33 99
16 34 105
16 35 95
16 36 98
16 37 97
16 38 99
16 39 101
16 40 98
16 41 101
16 42 98
16 43 103
16 44 101
16 45 99
16 46 101
16 47 99
16 48 98
16 49 98
16 50 101
16 51 101
16 52 104
16 53 101
16 54 99
16 55 96
16 56 98
16 57 102
16 58 101
16 59 101
16 60 98
16 61 98
16 62 100
16 63 101
16 64 102
16 65 99
16 66 100
16 67 101
16 68 100
16 69 100
16 70 96
16 71 100
16 72 102
16 73 99
16 74 103
16 75 101
16 76 99
16 77 99
16 78 99
16 79 98
16 80 100
16 81 101
16 82 98
16 83 101
16 84 101
16 85 102
16 86 97
16 87 103
16 88 105
16 89 102
16 90 100
16 91 102
16 92 101
16 93 100
16 94 98
16 95 104
16 96 99
16 97 101
16 98 101
16 99 98
16 100 99
16 101 99
16 102 97
16 103 101
16 104 103
16 105 100
16 106 99
16 107 101
16 108 101
16 109 100
16 110 98
16 111 101
17 17 0
17 18 0
17 19 0
17 20 0
17 21 0
17 22 0
17 23 0
17 24 0
17 25 99
17 26 98
17 27 97
17 28 97
17 29 104
17 30 102
17 31 99
17 32 104
17 33 100
17 34 100
17 35 99
17 36 101
17 37 101
17 38 100
17 39 97
17 40 101
17 41 97
17 42 96
17 43 104
17 44 98
17 45 100
17 46 101
17 47 98
17 48 100
17 49 95
17 50 96
17 51 102
17 52 99
17 53 101
17 54 101
17 55 99
17 56 102
17 57 101
17 58 103
17 59 100
17 60 98
17 61 98
17 62 100
17 63 99
17 64 99
17 65 100
17 66 103
17 67 99
17 68 98
17 69 102
17 70 97
17 71 97
17 72 96
17 73 100
17 74 103
17 75 100
17 76 103
17 77 100
17 78 103
17 79 99
17 80 102
17 81 102
17 82 99
17 83 101
17 84 100
17 85 100
17 86 97
17 87 97
17 88 101
17 89 100
17 90 102
17 91 99
17 92 102
17 93 98
17 94 101
17 95 99
17 96 99
17 97 97
17 98 102
17 99 100
17 100 103
17 101 100
17 102 96
17 103 101
17 104 98
17 105 98
17 106 95
17 107 98
17 108 100
17 109 99
17 110 98
17 111 102
18 18 0
18 19 0
18 20 0
18 21 0
18 22 0
18 23 0
18 24 0
18 25 98
18 26 101
18 27 102
18 28 103
18 29 99
18 30 101
18 31 96
18 32 102
18 33 102
18 34 102
18 35 96
18 36 104
18 37 100
18 38 97
18 39 104
18 40 99
18 41 102
18 42 99
18 43 96
18 44 101
18 45 104
18 46 100
18 47 99
18 48 100
18 49 99
18 50 99
18 51 98
18 52 100
18 53 104
18 54 102
18 55 100
18 56 100
18 57 101
18 58 97
18 59 97
18 60 104
18 61 97
18 62 102
18 63 101
18 64 98
18 65 98
18 66 98
18 67 102
18 68 97
18 69 102
18 70 97
18 71 99
18 72 99
18 73 102
18 74 102
18 75 98
18 76 100
18 77 102
18 78 101
18 79 98
18 80 101
18 81 103
18 82 101
18 83 100
18 84 96
18 85 98
18 86 98
18 87 97
18 88 100
18 89 98
18 90 99
18 91 98
18 92 101
18 93 100
18 94 102
18 95 103
18 96 99
18 97 99
18 98 103
18 99 101
18 100 100
18 101 101
18 102 100
18 103 100
18 104 103
18 105 99
18 106 102
18 107 101
18 108 102
18 109 99
18 110 101
18 111 105
19 19 0
19 20 0
19 21 0
19 22 0
19 23 0
19 24 0
19 25 99
19 26 100
19 27 100
19 28 99
19 29 95
19 30 101
19 31 101
19 32 104
19 33 98
19 34 100
19 35 98
19 36 99
19 37 100
19 38 100
19 39 97
19 40 97
19 41 100
19 42 99
19 43 102
19 44 100
19 45 98
19 46 98
19 47 102
19 48 100
19 49 102
19 50 103
19 51 103
19 52 102
19 53 101
19 54 98
19 55 102
19 56 101
19 57 98
19 58 100
19 59 99
19 60 101
19 61 104
19 62 101
19 63 100
19 64 103
19 65 99
19 66 98
19 67 103
19 68 102
19 69 99
19 70 96
19 71 104
19 72 98
19 73 101
19 74 98
19 75 101
19 76 98
19 77 98
19 78 100
19 79 101
19 80 101
19 81 101
19 82 99
19 83 100
19 84 100
19 85 102
19 86 99
19 87 102
19 88 99
19 89 100
19 90 100
19 91 100
19 92 101
19 93 102
19 94 101
19 95 96
19 96 102
19 97 99
19 98 101
19 99 102
19 100 101
19 101 100
19 102 103
19 103 100
19 104 104
19 105 100
19 106 103
19 107 100
19 108 98
19 109 104
19 110 99
19 111 102
20 20 0
20 21 0
20 22 0
20 23 0
20 24 0
20 25 101
20 26 100
20 27 100
20 28 101
20 29 100
20 30 97
20 31 99
20 32 102
20 33 100
20 34 100
20 35 99
20 36 98
20 37 101
20 38 97
20 39 101
20 40 100
20 41 101
20 42 102
20 43 98
20 44 102
20 45 101
20 46 99
20 47 105
20 48 96
20 49 99
20 50 100
20 51 99
20 52 103
20 53 100
20 54 99
20 55 98
20 56 104
20 57 101
20 58 103
20 59 102
20 60 99
20 61 101
20 62 99
20 63 95
20 64 102
20 65 100
20 66 102
20 67 98
20 68 101
20 69 102
20 70 99
20 71 98
20 72 102
20 73 101
20 74 100
20 75 98
20 76 101
20 77 99
20 78 101
20 79 99
20 80 99
20 81 99
20 82 98
20 83 102
20 84 99
20 85 101
20 86 102
20 87 100
20 88 99
20 89 100
20 90 104
20 91 97
20 92 102
20 93 101
20 94 102
20 95 102
20 96 99
20 97 102
20 98 101
20 99 100
20 100 98
20 101 99
20 102 100
20 103 98
20 104 98
20 105 98
20 106 101
20 107 102
20 108 101
20 109 100
20 110 97
20 111 102
21 21 0
21 22 0
21 23 0
21 24 0
21 25 99
21 26 102
21 27 98
21 28 101
21 29 100
21 30 101
21 31 100
21 32 98
21 33 101
21 34 99
21 35 100
21 36 100
21 37 98
21 38 99
21 39 95
21 40 98
21 41 99
21 42 102
21 43 100
21 44 101
21 45 102
21 46 97
21 47 99
21 48 100
21 49 100
21 50 103
21 51 102
21 52 98
21 53 100
21 54 99
21 55 101
21 56 101
21 57 98
21 58 100
21 59 101
21 60 97
21 61 98
21 62 101
21 63 98
21 64 100
21 65 103
21 66 97
21 67 102
21 68 97
21 69 99
21 70 98
21 71 100
21 72 102
21 73 98
21 74 101
21 75 102
21 76 100
21 77 97
21 78 101
21 79 101
21 80 100
21 81 101
21 82 98
21 83 103
21 84 104
21 85 97
21 86 97
21 87 102
21 88 104
21 89 99
21 90 98
21 91 102
21 92 96
21 93 99
21 94 102
21 95 104
21 96 101
21 97 99
21 98 98
21 99 98
21 100 99
21 101 101
21 102 98
21 103 97
21 104 103
21 105 102
21 106 101
21 107 100
21 108 99
21 109 101
21 110 97
21 111 100
22 22 0
22 23 0
22 24 0
22 25 102
22 26 102
22 27 98
22 28 100
22 29 100
22 30 102
22 31 100
22 32 100
22 33 99
22 34 101
22 35 102
22 36 100
22 37 102
22 38 100
22 39 102
22 40 101
22 41 99
22 42 103
22 43 99
22 44 98
22 45 100
22 46 102
22 47 102
22 48 98
22 49 102
22 50 100
22 51 101
22 52 99
22 53 99
22 54 99
22 55 100
22 56 102
22 57 99
22 58 102
22 59 105
22 60 100
22 61 101
22 62 97
22 63 97
22 64 104
22 65 96
22 66 97
22 67 99
22 68 99
22 69 102
22 70 101
22 71 101
22 72 100
22 73 103
22 74 102
22 75 104
22 76 95
22 77 100
22 78 99
22 79 102
22 80 101
22 81 103
22 82 101
22 83 101
22 84 98
22 85 103
22 86 99
22 87 99
22 88 102
22 89 102
22 90 101
22 91 102
22 92 96
22 93 102
22 94 103
22 95 101
22 96 101
22 97 102
22 98 99
22 99 99
22 100 100
22 101 100
22 102 100
22 103 99
22 104 101
22 105 98
22 106 99
22 107 98
22 108 99
22 109 102
22 110 99
22 111 99
23 23 0
23 24 0
23 25 98
23 26 102
23 27 102
23 28 98
23 29 99
23 30 100
23 31 99
23 32 97
23 33 101
23 34 99
23 35 99
23 36 98
23 37 99
23 38 100
23 39 100
23 40 97
23 41 99
23 42 100
23 43 97
23 44 101
23 45 102
23 46 96
23 47 102
23 48 98
23 49 98
23 50 100
23 51 101
23 52 101
23 53 101
23 54 101
23 55 98
23 56 101
23 57 100
23 58 101
23 59 100
23 60 99
23 61 99
23 62 97
23 63 98
23 64 99
23 65 105
23 66 102
23 67 99
23 68 97
23 69 101
23 70 100
23 71 103
23 72 103
23 73 98
23 74 99
23 75 99
23 76 95
23 77 97
23 78 104
23 79 97
23 80 97
23 81 98
23 82 98
23 83 102
23 84 100
23 85 101
23 86 101
23 87 99
23 88 100
23 89 99
23 90 96
23 91 103
23 92 100
23 93 98
23 94 96
23 95 99
23 96 100
23 97 101
23 98 106
23 99 99
23 100 99
23 101 100
23 102 101
23 103 98
23 104 101
23 105 97
23 106 99
23 107 103
23 108 102
23 109 100
23 110 101
23 111 99
24 24 0
24 25 103
24 26 101
24 27 101
24 28 101
24 29 102
24 30 102
24 31 99
24 32 101
24 33 99
24 34 97
24 35 98
24 36 100
24 37 99
24 38 99
24 39 103
24 40 102
24 41 103
24 42 100
24 43 98
24 44 100
24 45 103
24 46 104
24 47 96
24 48 99
24 49 101
24 50 99
24 51 98
24 52 102
24 53 100
24 54 98
24 55 102
24 56 97
24 57 98
24 58 102
24 59 99
24 60 96
24 61 101
24 62 96
24 63 99
24 64 100
24 65 98
24 66 103
24 67 101
24 68 100
24 69 100
24 70 100
24 71 105
24 72 101
24 73 103
24 74 96
24 75 104
24 76 99
24 77 100
24 78 101
24 79 100
24 80 97
24 81 102
24 82 100
24 83 99
24 84 99
24 85 103
24 86 101
24 87 97
24 88 102
24 89 101
24 90 103
24 91 99
24 92 97
24 93 99
24 94 98
24 95 98
24 96 101
24 97 102
24 98 99
24 99 97
24 100 102
24 101 97
24 102 99
24 103 98
24 104 99
24 105 97
24 106 101
24 107 98
24 108 101
24 109 102
24 110 101
24 111 98
25 25 0
25 26 0
25 27 0
25 28 0
25 29 0
25 30 0
25 31 0
25 32 0
25 33 0
25 34 0
25 35 0
25 36 0
25 37 0
25 38 0
25 39 0
25 40 0
25 41 0
25 42 0
25 43 0
25 44 0
25 45 0
25 46 0
25 47 0
25 48 0
25 49 0
25 50 0
25 51 0
25 52 0
25 53 103
25 54 102
25 55 98
25 56 101
25 57 100
25 58 97
25 59 99
25 60 101
25 61 100
25 62 99
25 63 97
25 64 100
25 65 100
25 66 101
25 67 103
25 68 103
25 69 99
25 70 99
25 71 102
25 72 101
25 73 98
25 74 100
25 75 98
25 76 101
25 77 102
25 78 95
25 79 105
25 80 98
25 81 102
25 82 103
25 83 103
25 84 100
25 85 98
25 86 102
25 87 98
25 88 99
25 89 100
25 90 101
25 91 102
25 92 99
25 93 102
25 94 102
25 95 98
25 96 97
25 97 100
25 98 102
25 99 103
25 100 100
25 101 98
25 102 98
25 103 99
25 104 101
25 105 101
25 106 100
25 107 97
25 108 102
25 109 102
25 110 97
25 111 101
26 26 0
26 27 0
26 28 0
26 29 0
26 30 0
26 31 0
26 32 0
26 33 0
26 34 0
26 35 0
26 36 0
26 37 0
26 38 0
26 39 0
26 40 0
26 41 0
26 42 0
26 43 0
26 44 0
26 45 0
26 46 0
26 47 0
26 48 0
26 49 0
26 50 0
26 51 0
26 52 0
26 53 104
26 54 101
26 55 102
26 56 102
26 57 103
26 58 100
26 59 96
26 60 101
26 61 98
26 62 96
26 63 101
26 64 101
26 65 99
26 66 100
26 67 100
26 68 99
26 69 100
26 70 101
26 71 102
26 72 100
26 73 100
26 74 98
26 75 99
26 76 99
26 77 100
26 78 101
26 79 97
26 80 101
26 81 98
26 82 101
26 83 99
26 84 97
26 85 104
26 86 103
26 87 101
26 88 102
26 89 100
26 90 102
26 91 103
26 92 102
26 93 99
26 94 99
26 95 96
26 96 100
26 97 101
26 98 106
26 99 102
26 100 101
26 101 102
26 102 100
26 103 99
26 104 101
26 105 101
26 106 101
26 107 100
26 108 103
26 109 100
26 110 100
26 111 96
27 27 0
27 28 0
27 29 0
27 30 0
27 31 0
27 32 0
27 33 0
27 34 0
27 35 0
27 36 0
27 37 0
27 38 0
27 39 0
27 40 0
27 41 0
27 42 0
27 43 0
27 44 0
27 45 0
27 46 0
27 47 0
27 48 0
27 49 0
27 50 0
27 51 0
27 52 0
27 53 100
27 54 98
27 55 100
27 56 101
27 57 102
27 58 102
27 59 101
27 60 100
27 61 103
27 62 99
27 63 98
27 64 100
27 65 104
27 66 101
27 67 100
27 68 99
27 69 104
27 70 100
27 71 96
27 72 104
27 73 101
27 74 98
27 75 99
27 76 102
27 77 97
27 78 104
27 79 98
27 80 96
27 81 99
27 82 95
27 83 99
27 84 99
27 85 100
27 86 98
27 87 105
27 88 99
27 89 98
27 90 101
27 91 102
27 92 103
27 93 102
27 94 100
27 95 99
27 96 100
27 97 103
27 98 98
27 99 100
27 100 101
27 101 100
27 102 99
27 103 101
27 104 100
27 105 102
27 106 96
27 107 105
27 108 101
27 109 97
27 110 100
27 111 98
28 28 0
28 29 0
28 30 0
28 31 0
28 32 0
28 33 0
28 34 0
28 35 0
28 36 0
28 37 0
28 38 0
28 39 0
28 40 0
28 41 0
28 42 0
28 43 0
28 44 0
28 45 0
28 46 0
28 47 0
28 48 0
28 49 0
28 50 0
28 51 0
28 52 0
28 53 103
28 54 98
28 55 101
28 56 99
28 57 98
28 58 101
28 59 99
28 60 98
28 61 99
28 62 102
28 63 101
28 64 100
28 65 96
28 66 101
28 67 102
28 68 100
28 69 98
28 70 102
28 71 97
28 72 99
28 73 101
28 74 102
28 75 102
28 76 99
28 77 99
28 78 99
28 79 101
28 80 102
28 81 100
28 82 102
28 83 98
28 84 100
28 85 100
28 86 102
28 87 102
28 88 101
28 89 97
28 90 98
28 91 96
28 92 97
28 93 99
28 94 101
28 95 99
28 96 99
28 97 98
28 98 99
28 99 101
28 100 102
28 101 97
28 102 100
28 103 99
28 104 99
28 105 102
28 106 100
28 107 97
28 108 102
28 109 99
28 110 101
28 111 100
29 29 0
29 30 0
29 31 0
29 32 0
29 33 0
29 34 0
29 35 0
29 36 0
29 37 0
29 38 0
29 39 0
29 40 0
29 41 0
29 42 0
29 43 0
29 44 0
29 45 0
29 46 0
29 47 0
29 48 0
29 49 0
29 50 0
29 51 0
29 52 0
29 53 100
29 54 103
29 55 101
29 56 102
29 57 99
29 58 99
29 59 99
29 60 102
29 61 99
29 62 98
29 63 98
29 64 99
29 65 98
29 66 98
29 67 94
29 68 100
29 69 101
29 70 99
29 71 100
29 72 102
29 73 96
29 74 95
29 75 98
29 76 96
29 77 101
29 78 101
29 79 101
29 80 102
29 81 101
29 82 101
29 83 101
29 84 101
29 85 100
29 86 97
29 87 101
29 88 104
29 89 98
29 90 100
29 91 100
29 92 98
29 93 101
29 94 101
29 95 99
29 96 100
29 97 103
29 98 101
29 99 100
29 100 99
29 101 101
29 102 99
29 103 96
29 104 100
29 105 100
29 106 103
29 107 100
29 108 100
29 109 102
29 110 99
29 111 101
30 30 0
30 31 0
30 32 0
30 33 0
30 34 0
30 35 0
30 36 0
30 37 0
30 38 0
30 39 0
30 40 0
30 41 0
30 42 0
30 43 0
30 44 0
30 45 0
30 46 0
30 47 0
30 48 0
30 49 0
30 50 0
30 51 0
30 52 0
30 53 97
30 54 100
30 55 97
30 56 99
30 57 103
30 58 97
30 59 98
30 60 101
30 61 100
30 62 100
30 63 100
30 64 102
30 65 100
30 66 99
30 67 102
30 68 100
30 69 99
30 70 102
30 71 98
30 72 101
30 73 101
30 74 98
30 75 97
30 76 96
30 77 100
30 78 96
30 79 98
30 80 97
30 81 99
30 82 99
30 83 102
30 84 97
30 85 104
30 86 98
30 87 100
30 88 101
30 89 101
30 90 102
30 91 99
30 92 102
30 93 102
30 94 103
30 95 104
30 96 102
30 97 100
30 98 99
30 99 99
30 100 101
30 101 99
30 102 99
30 103 103
30 104 102
30 105 98
30 106 101
30 107 95
30 108 102
30 109 97
30 110 101
30 111 98
31 31 0
31 32 0
31 33 0
31 34 0
31 35 0
31 36 0
31 37 0
31 38 0
31 39 0
31 40 0
31 41 0
31 42 0
31 43 0
31 44 0
31 45 0
31 46 0
31 47 0
31 48 0
31 49 0
31 50 0
31 51 0
31 52 0
31 53 99
31 54 99
31 55 100
31 56 97
31 57 107
31 58 102
31 59 102
31 60 102
31 61 103
31 62 102
31 63 102
31 64 98
31 65 97
31 66 101
31 67 102
31 68 101
31 69 98
31 70 101
31 71 100
31 72 100
31 73 100
31 74 100
31 75 99
31 76 103
31 77 101
31 78 99
31 79 99
31 80 99
31 81 103
31 82 100
31 83 102
31 84 101
31 85 99
31 86 100
31 87 104
31 88 100
31 89 101
31 90 101
31 91 96
31 92 95
31 93 98
31 94 100
31 95 97
31 96 101
31 97 102
31 98 100
31 99 102
31 100 100
31 101 100
31 102 93
31 103 100
31 104 98
31 105 99
31 106 100
31 107 100
31 108 98
31 109 104
31 110 100
31 111 99
32 32 0
32 33 0
32 34 0
32 35 0
32 36 0
32 37 0
32 38 0
32 39 0
32 40 0
32 41 0
32 42 0
32 43 0
32 44 0
32 45 0
32 46 0
32 47 0
32 48 0
32 49 0
32 50 0
32 51 0
32 52 0
32 53 98
32 54 102
32 55 102
32 56 100
32 57 95
32 58 99
32 59 99
32 60 96
32 61 97
32 62 102
32 63 102
32 64 98
32 65 102
32 66 98
32 67 100
32 68 100
32 69 99
32 70 97
32 71 101
32 72 100
32 73 100
32 74 100
32 75 100
32 76 100
32 77 96
32 78 98
32 79 102
32 80 97
32 81 99
32 82 101
32 83 103
32 84 99
32 85 101
32 86 98
32 87 100
32 88 102
32 89 100
32 90 95
32 91 102
32 92 96
32 93 98
32 94 101
32 95 97
32 96 95
32 97 99
32 98 101
32 99 99
32 100 102
32 101 101
32 102 101
32 103 98
32 104 101
32 105 101
32 106 99
32 107 100
32 108 102
32 109 102
32 110 102
32 111 102
33 33 0
33 34 0
33 35 0
33 36 0
33 37 0
33 38 0
33 39 0
33 40 0
33 41 0
33 42 0
33 43 0
33 44 0
33 45 0
33 46 0
33 47 0
33 48 0
33 49 0
33 50 0
33 51 0
33 52 0
33 53 99
33 54 101
33 55 100
33 56 99
33 57 97
33 58 101
33 59 99
33 60 97
33 61 101
33 62 97
33 63 97
33 64 100
33 65 99
33 66 98
33 67 100
33 68 101
33 69 97
33 70 102
33 71 103
33 72 103
33 73 102
33 74 96
33 75 103
33 76 103
33 77 99
33 78 98
33 79 100
33 80 100
33 81 100
33 82 99
33 83 102
33 84 102
33 85 97
33 86 100
33 87 102
33 88 100
33 89 98
33 90 97
33 91 103
33 92 100
33 93 98
33 94 99
33 95 99
33 96 103
33 97 96
33 98 98
33 99 102
33 100 98
33 101 99
33 102 99
33 103 98
33 104 100
33 105 99
33 106 100
33 107 103
33 108 95
33 109 98
33 110 102
33 111 99
34 34 0
34 35 0
34 36 0
34 37 0
34 38 0
34 39 0
34 40 0
34 41 0
34 42 0
34 43 0
34 44 0
34 45 0
34 46 0
34 47 0
34 48 0
34 49 0
34 50 0
34 51 0
34 52 0
34 53 99
34 54 99
34 55 101
34 56 98
34 57 100
34 58 97
34 59 97
34 60 98
34 61 97
34 62 102
34 63 102
34 64 104
34 65 101
34 66 98
34 67 99
34 68 99
34 69 99
34 70 102
34 71 101
34 72 100
34 73 98
34 74 99
34 75 102
34 76 99
34 77 99
34 78 99
34 79 102
34 80 98
34 81 98
34 82 97
34 83 103
34 84 99
34 85 102
34 86 99
34 87 102
34 88 101
34 89 99
34 90 99
34 91 101
34 92 98
34 93 100
34 94 105
34 95 101
34 96 104
34 97 101
34 98 100
34 99 102
34 100 101
34 101 101
34 102 102
34 103 103
34 104 100
34 105 98
34 106 99
34 107 99
34 108 98
34 109 98
34 110 100
34 111 101
35 35 0
35 36 0
35 37 0
35 38 0
35 39 0
35 40 0
35 41 0
35 42 0
35 43 0
35 44 0
35 45 0
35 46 0
35 47 0
35 48 0
35 49 0
35 50 0
35 51 0
35 52 0
35 53 99
35 54 99
35 55 99
35 56 98
35 57 103
35 58 102
35 59 98
35 60 98
35 61 100
35 62 101
35 63 99
35 64 102
35 65 99
35 66 97
35 67 99
35 68 103
35 69 100
35 70 100
35 71 102
35 72 100
35 73 99
35 74 102
35 75 101
35 76 103
35 77 99
35 78 103
35 79 100
35 80 99
35 81 102
35 82 98
35 83 96
35 84 101
35 85 100
35 86 100
35 87 102
35 88 100
35 89 100
35 90 98
35 91 100
35 92 100
35 93 100
35 94 101
35 95 98
35 96 99
35 97 101
35 98 101
35 99 98
35 100 97
35 101 102
35 102 101
35 103 98
35 104 96
35 105 99
35 106 98
35 107 101
35 108 100
35 109 98
35 110 103
35 111 101
36 36 0
36 37 0
36 38 0
36 39 0
36 40 0
36 41 0
36 42 0
36 43 0
36 44 0
36 45 0
36 46 0
36 47 0
36 48 0
36 49 0
36 50 0
36 51 0
36 52 0
36 53 101
36 54 97
36 55 105
36 56 100
36 57 98
36 58 99
36 59 101
36 60 103
36 61 97
36 62 100
36 63 99
36 64 99
36 65 102
36 66 101
36 67 99
36 68 99
36 69 103
36 70 100
36 71 99
36 72 95
36 73 99
36 74 99
36 75 100
36 76 96
36 77 102
36 78 99
36 79 94
36 80 100
36 81 101
36 82 102
36 83 97
36 84 99
36 85 99
36 86 100
36 87 99
36 88 102
36 89 102
36 90 100
36 91 102
36 92 97
36 93 101
36 94 103
36 95 100
36 96 102
36 97 103
36 98 102
36 99 97
36 100 102
36 101 101
36 102 99
36 103 101
36 104 104
36 105 100
36 106 98
36 107 103
36 108 99
36 109 101
36 110 99
36 111 101
37 37 0
37 38 0
37 39 0
37 40 0
37 41 0
37 42 0
37 43 0
37 44 0
37 45 0
37 46 0
37 47 0
37 48 0
37 49 0
37 50 0
37 51 0
37 52 0
37 53 100
37 54 99
37 55 100
37 56 99
37 57 101
37 58 101
37 59 102
37 60 97
37 61 99
37 62 101
37 63 105
37 64 100
37 65 99
37 66 101
37 67 98
37 68 101
37 69 101
37 70 100
37 71 100
37 72 98
37 73 99
37 74 101
37 75 100
37 76 100
37 77 102
37 78 99
37 79 100
37 80 100
37 81 95
37 82 102
37 83 101
37 84 100
37 85 98
37 86 99
37 87 98
37 88 98
37 89 101
37 90 98
37 91 96
37 92 104
37 93 102
37 94 98
37 95 100
37 96 103
37 97 97
37 98 99
37 99 100
37 100 99
37 101 100
37 102 100
37 103 103
37 104 98
37 105 97
37 106 101
37 107 101
37 108 100
37 109 101
37 110 94
37 111 98
38 38 0
38 39 0
38 40 0
38 41 0
38 42 0
38 43 0
38 44 0
38 45 0
38 46 0
38 47 0
38 48 0
38 49 0
38 50 0
38 51 0
38 52 0
38 53 98
38 54 96
38 55 98
38 56 100
38 57 100
38 58 99
38 59 100
38 60 100
38 61 100
38 62 100
38 63 99
38 64 101
38 65 100
38 66 100
38 67 102
38 68 101
38 69 102
38 70 103
38 71 101
38 72 100
38 73 100
38 74 103
38 75 102
38 76 98
38 77 101
38 78 100
38 79 101
38 80 101
38 81 101
38 82 99
38 83 99
38 84 98
38 85 97
38 86 102
38 87 102
38 88 98
38 89 100
38 90 98
38 91 101
38 92 97
38 93 101
38 94 99
38 95 100
38 96 98
38 97 101
38 98 101
38 99 101
38 100 100
38 101 99
38 102 99
38 103 100
38 104 94
38 105 100
38 106 100
38 107 103
38 108 98
38 109 98
38 110 101
38 111 100
39 39 0
39 40 0
39 41 0
39 42 0
39 43 0
39 44 0
39 45 0
39 46 0
39 47 0
39 48 0
39 49 0
39 50 0
39 51 0
39 52 0
39 53 99
39 54 100
39 55 103
39 56 100
39 57 98
39 58 101
39 59 102
39 60 100
39 61 97
39 62 101
39 63 97
39 64 103
39 65 99
39 66 102
39 67 100
39 68 99
39 69 102
39 70 102
39 71 98
39 72 101
39 73 99
39 74 98
39 75 98
39 76 98
39 77 99
39 78 102
39 79 96
39 80 102
39 81 104
39 82 99
39 83 98
39 84 100
39 85 100
39 86 102
39 87 99
39 88 102
39 89 98
39 90 103
39 91 101
39 92 103
39 93 100
39 94 101
39 95 102
39 96 101
39 97 98
39 98 98
39 99 100
39 100 100
39 101 104
39 102 102
39 103 99
39 104 100
39 105 100
39 106 96
39 107 100
39 108 101
39 109 99
39 110 99
39 111 104
40 40 0
40 41 0
40 42 0
40 43 0
40 44 0
40 45 0
40 46 0
40 47 0
40 48 0
40 49 0
40 50 0
40 51 0
40 52 0
40 53 99
40 54 100
40 55 101
40 56 99
40 57 98
40 58 101
40 59 101
40 60 102
40 61 99
40 62 101
40 63 100
40 64 100
40 65 102
40 66 101
40 67 100
40 68 102
40 69 97
40 70 98
40 71 98
40 72 103
40 73 102
40 74 99
40 75 103
40 76 102
40 77 98
40 78 101
40 79 96
40 80 101
40 81 101
40 82 97
40 83 103
40 84 98
40 85 100
40 86 98
40 87 99
40 88 104
40 89 97
40 90 101
40 91 99
40 92 102
40 93 99
40 94 102
40 95 104
40 96 104
40 97 99
40 98 102
40 99 98
40 100 100
40 101 97
40 102 99
40 103 101
40 104 101
40 105 98
40 106 105
40 107 102
40 108 100
40 109 97
40 110 97
40 111 102
41 41 0
41 42 0
41 43 0
41 44 0
41 45 0
41 46 0
41 47 0
41 48 0
41 49 0
41 50 0
41 51 0
41 52 0
41 53 105
41 54 103
41 55 101
41 56 101
41 57 100
41 58 98
41 59 100
41 60 100
41 61 97
41 62 101
41 63 98
41 64 100
41 65 100
41 66 98
41 67 96
41 68 105
41 69 97
41 70 99
41 71 101
41 72 106
41 73 101
41 74 101
41 75 103
41 76 96
41 77 100
41 78 100
41 79 104
41 80 100
41 81 100
41 82 100
41 83 98
41 84 97
41 85 103
41 86 99
41 87 99
41 88 98
41 89 100
41 90 98
41 91 100
41 92 99
41 93 97
41 94 101
41 95 101
41 96 100
41 97 96
41 98 98
41 99 100
41 100 101
41 101 102
41 102 100
41 103 100
41 104 102
41 105 100
41 106 101
41 107 100
41 108 100
41 109 99
41 110 99
41 111 101
42 42 0
42 43 0
42 44 0
42 45 0
42 46 0
42 47 0
42 48 0
42 49 0
42 50 0
42 51 0
42 52 0
42 53 103
42 54 101
42 55 102
42 56 101
42 57 99
42 58 100
42 59 96
42 60 97
42 61 102
42 62 95
42 63 101
42 64 96
42 65 100
42 66 98
42 67 98
42 68 99
42 69 99
42 70 102
42 71 98
42 72 102
42 73 97
42 74 96
42 75 104
42 76 98
42 77 99
42 78 99
42 79 102
42 80 99
42 81 103
42 82 106
42 83 95
42 84 100
42 85 101
42 86 99
42 87 98
42 88 98
42 89 100
42 90 101
42 91 99
42 92 99
42 93 104
42 94 99
42 95 102
42 96 96
42 97 103
42 98 100
42 99 98
42 100 98
42 101 101
42 102 99
42 103 98
42 104 102
42 105 101
42 106 103
42 107 103
42 108 103
42 109 101
42 110 100
42 111 100
43 43 0
43 44 0
43 45 0
43 46 0
43 47 0
43 48 0
43 49 0
43 50 0
43 51 0
43 52 0
43 53 102
43 54 100
43 55 100
43 56 99
43 57 104
43 58 97
43 59 98
43 60 102
43 61 100
43 62 102
43 63 100
43 64 100
43 65 101
43 66 100
43 67 104
43 68 100
43 69 101
43 70 102
43 71 102
43 72 98
43 73 99
43 74 98
43 75 100
43 76 100
43 77 97
43 78 102
43 79 102
43 80 100
43 81 98
43 82 97
43 83 100
43 84 98
43 85 100
43 86 103
43 87 101
43 88 99
43 89 102
43 90 97
43 91 100
43 92 98
43 93 99
43 94 101
43 95 100
43 96 102
43 97 98
43 98 101
43 99 105
43 100 100
43 101 102
43 102 100
43 103 99
43 104 99
43 105 98
43 106 97
43 107 102
43 108 99
43 109 102
43 110 98
43 111 101
44 44 0
44 45 0
44 46 0
44 47 0
44 48 0
44 49 0
44 50 0
44 51 0
44 52 0
44 53 98
44 54 102
44 55 102
44 56 101
44 57 98
44 58 101
44 59 98
44 60 100
44 61 99
44 62 104
44 63 101
44 64 100
44 65 99
44 66 98
44 67 102
44 68 103
44 69 101
44 70 98
44 71 101
44 72 98
44 73 100
44 74 102
44 75 98
44 76 103
44 77 100
44 78 101
44 79 99
44 80 99
44 81 98
44 82 98
44 83 103
44 84 98
44 85 100
44 86 101
44 87 100
44 88 103
44 89 101
44 90 103
44 91 102
44 92 99
44 93 96
44 94 97
44 95 101
44 96 100
44 97 98
44 98 102
44 99 101
44 100 101
44 101 97
44 102 100
44 103 100
44 104 100
44 105 101
44 106 97
44 107 96
44 108 100
44 109 100
44 110 98
44 111 101
45 45 0
45 46 0
45 47 0
45 48 0
45 49 0
45 50 0
45 51 0
45 52 0
45 53 98
45 54 99
45 55 100
45 56 99
45 57 100
45 58 100
45 59 106
45 60 98
45 61 103
45 62 102
45 63 100
45 64 101
45 65 101
45 66 102
45 67 99
45 68 99
45 69 102
45 70 98
45 71 103
45 72 96
45 73 98
45 74 100
45 75 98
45 76 100
45 77 98
45 78 98
45 79 101
45 80 97
45 81 97
45 82 99
45 83 101
45 84 98
45 85 98
45 86 103
45 87 99
45 88 99
45 89 97
45 90 102
45 91 99
45 92 101
45 93 102
45 94 97
45 95 100
45 96 101
45 97 99
45 98 99
45 99 103
45 100 99
45 101 100
45 102 94
45 103 102
45 104 99
45 105 102
45 106 99
45 107 101
45 108 97
45 109 101
45 110 102
45 111 101
46 46 0
46 47 0
46 48 0
46 49 0
46 50 0
46 51 0
46 52 0
46 53 98
46 54 100
46 55 101
46 56 98
46 57 97
46 58 100
46 59 104
46 60 101
46 61 102
46 62 98
46 63 100
46 64 99
46 65 105
46 66 102
46 67 100
46 68 98
46 69 98
46 70 97
46 71 98
46 72 97
46 73 104
46 74 103
46 75 101
46 76 101
46 77 98
46 78 102
46 79 100
46 80 101
46 81 102
46 82 100
46 83 102
46 84 99
46 85 97
46 86 99
46 87 102
46 88 101
46 89 101
46 90 101
46 91 101
46 92 100
46 93 99
46 94 103
46 95 102
46 96 97
46 97 105
46 98 98
46 99 100
46 100 102
46 101 96
46 102 99
46 103 99
46 104 102
46 105 99
46 106 94
46 107 99
46 108 98
46 109 102
46 110 98
46 111 100
47 47 0
47 48 0
47 49 0
47 50 0
47 51 0
47 52 0
47 53 99
47 54 102
47 55 101
47 56 98
47 57 98
47 58 100
47 59 100
47 60 98
47 61 99
47 62 100
47 63 100
47 64 105
47 65 102
47 66 100
47 67 102
47 68 99
47 69 101
47 70 101
47 71 100
47 72 97
47 73 100
47 74 100
47 75 103
47 76 101
47 77 96
47 78 100
47 79 100
47 80 102
47 81 99
47 82 101
47 83 98
47 84 100
47 85 100
47 86 99
47 87 101
47 88 100
47 89 99
47 90 103
47 91 103
47 92 103
47 93 97
47 94 95
47 95 99
47 96 98
47 97 97
47 98 100
47 99 101
47 100 100
47 101 99
47 102 102
47 103 101
47 104 101
47 105 102
47 106 99
47 107 102
47 108 100
47 109 100
47 110 101
47 111 104
48 48 0
48 49 0
48 50 0
48 51 0
48 52 0
48 53 98
48 54 100
48 55 99
48 56 100
48 57 100
48 58 98
48 59 103
48 60 104
48 61 99
48 62 100
48 63 104
48 64 99
48 65 102
48 66 99
48 67 100
48 68 100
48 69 100
48 70 101
48 71 104
48 72 96
48 73 101
48 74 99
48 75 98
48 76 101
48 77 101
48 78 100
48 79 99
48 80 97
48 81 102
48 82 99
48 83 100
48 84 100
48 85 98
48 86 99
48 87 100
48 88 99
48 89 100
48 90 102
48 91 99
48 92 99
48 93 99
48 94 100
48 95 102
48 96 100
48 97 104
48 98 98
48 99 99
48 100 98
48 101 99
48 102 100
48 103 97
48 104 102
48 105 101
48 106 99
48 107 98
48 108 100
48 109 102
48 110 100
48 111 97
49 49 0
49 50 0
49 51 0
49 52 0
49 53 100
49 54 100
49 55 98
49 56 103
49 57 98
49 58 99
49 59 100
49 60 100
49 61 100
49 62 100
49 63 100
49 64 101
49 65 102
49 66 98
49 67 102
49 68 99
49 69 101
49 70 103
49 71 102
49 72 100
49 73 103
49 74 103
49 75 98
49 76 101
49 77 100
49 78 95
49 79 102
49 80 100
49 81 99
49 82 99
49 83 101
49 84 102
49 85 101
49 86 102
49 87 100
49 88 99
49 89 100
49 90 98
49 91 100
49 92 102
49 93 101
49 94 102
49 95 104
49 96 100
49 97 100
49 98 100
49 99 99
49 100 98
49 101 99
49 102 100
49 103 98
49 104 100
49 105 101
49 106 105
49 107 102
49 108 101
49 109 98
49 110 99
49 111 101
50 50 0
50 51 0
50 52 0
50 53 101
50 54 100
50 55 101
50 56 97
50 57 102
50 58 98
50 59 100
50 60 103
50 61 103
50 62 100
50 63 98
50 64 101
50 65 102
50 66 99
50 67 101
50 68 101
50 69 97
50 70 100
50 71 98
50 72 98
50 73 100
50 74 98
50 75 96
50 76 99
50 77 97
50 78 102
50 79 103
50 80 100
50 81 98
50 82 98
50 83 101
50 84 96
50 85 99
50 86 103
50 87 102
50 88 99
50 89 101
50 90 100
50 91 102
50 92 101
50 93 99
50 94 99
50 95 101
50 96 101
50 97 100
50 98 101
50 99 99
50 100 101
50 101 100
50 102 102
50 103 101
50 104 102
50 105 103
50 106 102
50 107 98
50 108 102
50 109 99
50 110 100
50 111 101
51 51 0
51 52 0
51 53 98
51 54 99
51 55 99
51 56 102
51 57 103
51 58 100
51 59 99
51 60 99
51 61 102
51 62 98
51 63 99
51 64 99
51 65 100
51 66 101
51 67 100
51 68 99
51 69 100
51 70 104
51 71 96
51 72 100
51 73 97
51 74 98
51 75 101
51 76 98
51 77 98
51 78 99
51 79 104
51 80 99
51 81 100
51 82 101
51 83 103
51 84 100
51 85 99
51 86 100
51 87 99
51 88 102
51 89 104
51 90 99
51 91 97
51 92 101
51 93 99
51 94 99
51 95 99
51 96 99
51 97 98
51 98 99
51 99 98
51 100 99
51 101 102
51 102 103
51 103 100
51 104 102
51 105 100
51 106 101
51 107 102
51 108 101
51 109 98
51 110 97
51 111 101
52 52 0
52 53 96
52 54 96
52 55 100
52 56 101
52 57 98
52 58 96
52 59 100
52 60 102
52 61 102
52 62 100
52 63 100
52 64 98
52 65 103
52 66 99
52 67 96
52 68 100
52 69 101
52 70 100
52 71 99
52 72 101
52 73 102
52 74 103
52 75 99
52 76 103
52 77 99
52 78 99
52 79 100
52 80 101
52 81 103
52 82 102
52 83 104
52 84 101
52 85 99
52 86 103
52 87 103
52 88 104
52 89 101
52 90 99
52 91 100
52 92 100
52 93 99
52 94 99
52 95 101
52 96 100
52 97 104
52 98 98
52 99 99
52 100 102
52 101 102
52 102 101
52 103 97
52 104 99
52 105 102
52 106 101
52 107 98
52 108 101
52 109 98
52 110 99
52 111 100
53 53 0
53 54 0
53 55 0
53 56 0
53 57 0
53 58 0
53 59 0
53 60 0
53 61 0
53 62 0
53 63 0
53 64 0
53 65 0
53 66 0
53 67 0
53 68 0
53 69 0
53 70 0
53 71 0
53 72 0
53 73 0
53 74 0
53 75 102
53 76 103
53 77 96
53 78 100
53 79 100
53 80 97
53 81 99
53 82 103
53 83 101
53 84 100
53 85 98
53 86 98
53 87 100
53 88 99
53 89 101
53 90 103
53 91 102
53 92 99
53 93 103
53 94 99
53 95 100
53 96 100
53 97 100
53 98 100
53 99 102
53 100 96
53 101 101
53 102 95
53 103 99
53 104 99
53 105 101
53 106 100
53 107 102
53 108 100
53 109 101
53 110 97
53 111 100
54 54 0
54 55 0
54 56 0
54 57 0
54 58 0
54 59 0
54 60 0
54 61 0
54 62 0
54 63 0
54 64 0
54 65 0
54 66 0
54 67 0
54 68 0
54 69 0
54 70 0
54 71 0
54 72 0
54 73 0
54 74 0
54 75 99
54 76 101
54 77 100
54 78 98
54 79 101
54 80 101
54 81 99
54 82 95
54 83 98
54 84 101
54 85 100
54 86 98
54 87 101
54 88 103
54 89 99
54 90 99
54 91 103
54 92 100
54 93 101
54 94 100
54 95 99
54 96 98
54 97 101
54 98 102
54 99 98
54 100 96
54 101 102
54 102 99
54 103 99
54 104 99
54 105 100
54 106 99
54 107 97
54 108 101
54 109 103
54 110 100
54 111 99
55 55 0
55 56 0
55 57 0
55 58 0
55 59 0
55 60 0
55 61 0
55 62 0
55 63 0
55 64 0
55 65 0
55 66 0
55 67 0
55 68 0
55 69 0
55 70 0
55 71 0
55 72 0
55 73 0
55 74 0
55 75 101
55 76 102
55 77 97
55 78 100
55 79 98
55 80 96
55 81 96
55 82 101
55 83 98
55 84 99
55 85 99
55 86 102
55 87 103
55 88 100
55 89 102
55 90 100
55 91 99
55 92 101
55 93 103
55 94 98
55 95 101
55 96 97
55 97 101
55 98 98
55 99 100
55 100 99
55 101 98
55 102 102
55 103 99
55 104 104
55 105 101
55 106 97
55 107 99
55 108 98
55 109 102
55 110 102
55 111 99
56 56 0
56 57 0
56 58 0
56 59 0
56 60 0
56 61 0
56 62 0
56 63 0
56 64 0
56 65 0
56 66 0
56 67 0
56 68 0
56 69 0
56 70 0
56 71 0
56 72 0
56 73 0
56 74 0
56 75 97
56 76 102
56 77 98
56 78 98
56 79 99
56 80 97
56 81 99
56 82 100
56 83 98
56 84 101
56 85 99
56 86 100
56 87 96
56 88 96
56 89 102
56 90 94
56 91 99
56 92 102
56 93 102
56 94 99
56 95 100
56 96 101
56 97 100
56 98 98
56 99 98
56 100 102
56 101 99
56 102 99
56 103 101
56 104 100
56 105 101
56 106 99
56 107 98
56 108 100
56 109 100
56 110 101
56 111 101
57 57 0
57 58 0
57 59 0
57 60 0
57 61 0
57 62 0
57 63 0
57 64 0
57 65 0
57 66 0
57 67 0
57 68 0
57 69 0
57 70 0
57 71 0
57 72 0
57 73 0
57 74 0
57 75 100
57 76 103
57 77 101
57 78 103
57 79 99
57 80 98
57 81 101
57 82 99
57 83 99
57 84 102
57 85 99
57 86 96
57 87 103
57 88 100
57 89 101
57 90 101
57 91 99
57 92 98
57 93 97
57 94 100
57 95 100
57 96 103
57 97 98
57 98 98
57 99 97
57 100 100
57 101 101
57 102 102
57 103 103
57 104 101
57 105 97
57 106 100
57 107 103
57 108 100
57 109 98
57 110 98
57 111 99
58 58 0
58 59 0
58 60 0
58 61 0
58 62 0
58 63 0
58 64 0
58 65 0
58 66 0
58 67 0
58 68 0
58 69 0
58 70 0
58 71 0
58 72 0
58 73 0
58 74 0
58 75 102
58 76 102
58 77 100
58 78 101
58 79 97
58 80 102
58 81 99
58 82 98
58 83 99
58 84 101
58 85 99
58 86 100
58 87 101
58 88 101
58 89 97
58 90 100
58 91 100
58 92 99
58 93 105
58 94 102
58 95 97
58 96 101
58 97 99
58 98 100
58 99 101
58 100 101
58 101 100
58 102 99
58 103 103
58 104 100
58 105 100
58 106 100
58 107 101
58 108 98
58 109 102
58 110 99
58 111 100
59 59 0
59 60 0
59 61 0
59 62 0
59 63 0
59 64 0
59 65 0
59 66 0
59 67 0
59 68 0
59 69 0
59 70 0
59 71 0
59 72 0
59 73 0
59 74 0
59 75 99
59 76 103
59 77 100
59 78 103
59 79 99
59 80 101
59 81 98
59 82 97
59 83 100
59 84 98
59 85 102
59 86 99
59 87 102
59 88 99
59 89 103
59 90 103
59 91 100
59 92 103
59 93 99
59 94 98
59 95 99
59 96 97
59 97 100
59 98 98
59 99 101
59 100 95
59 101 98
59 102 99
59 103 100
59 104 98
59 105 103
59 106 101
59 107 92
59 108 100
59 109 97
59 110 104
59 111 100
60 60 0
60 61 0
60 62 0
60 63 0
60 64 0
60 65 0
60 66 0
60 67 0
60 68 0
60 69 0
60 70 0
60 71 0
60 72 0
60 73 0
60 74 0
60 75 101
60 76 101
60 77 96
60 78 103
60 79 100
60 80 97
60 81 101
60 82 99
60 83 100
60 84 99
60 85 102
60 86 99
60 87 99
60 88 98
60 89 100
60 90 101
60 91 100
60 92 98
60 93 100
60 94 101
60 95 106
60 96 103
60 97 99
60 98 102
60 99 102
60 100 103
60 101 101
60 102 100
60 103 100
60 104 103
60 105 102
60 106 97
60 107 101
60 108 101
60 109 101
60 110 101
60 111 102
61 61 0
61 62 0
61 63 0
61 64 0
61 65 0
61 66 0
61 67 0
61 68 0
61 69 0
61 70 0
61 71 0
61 72 0
61 73 0
61 74 0
61 75 100
61 76 99
61 77 101
61 78 100
61 79 104
61 80 104
61 81 101
61 82 98
61 83 100
61 84 104
61 85 99
61 86 102
61 87 97
61 88 101
61 89 102
61 90 99
61 91 101
61 92 99
61 93 100
61 94 98
61 95 97
61 96 99
61 97 98
61 98 101
61 99 104
61 100 99
61 101 101
61 102 97
61 103 99
61 104 97
61 105 97
61 106 103
61 107 98
61 108 103
61 109 101
61 110 99
61 111 102
62 62 0
62 63 0
62 64 0
62 65 0
62 66 0
62 67 0
62 68 0
62 69 0
62 70 0
62 71 0
62 72 0
62 73 0
62 74 0
62 75 99
62 76 101
62 77 96
62 78 97
62 79 102
62 80 102
62 81 101
62 82 99
62 83 102
62 84 103
62 85 102
62 86 99
62 87 101
62 88 102
62 89 99
62 90 105
62 91 100
62 92 102
62 93 99
62 94 104
62 95 102
62 96 105
62 97 99
62 98 102
62 99 97
62 100 98
62 101 103
62 102 101
62 103 100
62 104 100
62 105 103
62 106 96
62 107 99
62 108 101
62 109 99
62 110 98
62 111 101
63 63 0
63 64 0
63 65 0
63 66 0
63 67 0
63 68 0
63 69 0
63 70 0
63 71 0
63 72 0
63 73 0
63 74 0
63 75 104
63 76 100
63 77 99
63 78 100
63 79 100
63 80 94
63 81 100
63 82 102
63 83 101
63 84 97
63 85 100
63 86 101
63 87 99
63 88 100
63 89 99
63 90 100
63 91 101
63 92 102
63 93 101
63 94 101
63 95 100
63 96 100
63 97 103
63 98 99
63 99 98
63 100 103
63 101 99
63 102 99
63 103 105
63 104 102
63 105 102
63 106 99
63 107 97
63 108 99
63 109 97
63 110 99
63 111 101
64 64 0
64 65 0
64 66 0
64 67 0
64 68 0
64 69 0
64 70 0
64 71 0
64 72 0
64 73 0
64 74 0
64 75 98
64 76 98
64 77 99
64 78 99
64 79 105
64 80 99
64 81 95
64 82 99
64 83 96
64 84 100
64 85 98
64 86 102
64 87 100
64 88 101
64 89 98
64 90 100
64 91 99
64 92 100
64 93 98
64 94 100
64 95 100
64 96 102
64 97 102
64 98 98
64 99 100
64 100 101
64 101 100
64 102 101
64 103 100
64 104 97
64 105 99
64 106 100
64 107 99
64 108 102
64 109 102
64 110 100
64 111 101
65 65 0
65 66 0
65 67 0
65 68 0
65 69 0
65 70 0
65 71 0
65 72 0
65 73 0
65 74 0
65 75 100
65 76 97
65 77 98
65 78 101
65 79 100
65 80 101
65 81 100
65 82 100
65 83 98
65 84 102
65 85 102
65 86 103
65 87 102
65 88 100
65 89 97
65 90 102
65 91 105
65 92 102
65 93 98
65 94 101
65 95 98
65 96 100
65 97 100
65 98 101
65 99 98
65 100 105
65 101 101
65 102 101
65 103 99
65 104 95
65 105 101
65 106 102
65 107 103
65 108 98
65 109 97
65 110 98
65 111 100
66 66 0
66 67 0
66 68 0
66 69 0
66 70 0
66 71 0
66 72 0
66 73 0
66 74 0
66 75 96
66 76 99
66 77 101
66 78 100
66 79 101
66 80 100
66 81 102
66 82 103
66 83 103
66 84 99
66 85 103
66 86 101
66 87 98
66 88 99
66 89 102
66 90 101
66 91 101
66 92 104
66 93 102
66 94 102
66 95 99
66 96 99
66 97 98
66 98 100
66 99 101
66 100 100
66 101 98
66 102 102
66 103 99
66 104 99
66 105 99
66 106 97
66 107 99
66 108 99
66 109 95
66 110 101
66 111 101
67 67 0
67 68 0
67 69 0
67 70 0
67 71 0
67 72 0
67 73 0
67 74 0
67 75 101
67 76 102
67 77 98
67 78 101
67 79 97
67 80 101
67 81 102
67 82 100
67 83 96
67 84 99
67 85 97
67 86 101
67 87 100
67 88 98
67 89 99
67 90 98
67 91 96
67 92 98
67 93 103
67 94 99
67 95 103
67 96 98
67 97 98
67 98 101
67 99 103
67 100 101
67 101 97
67 102 99
67 103 95
67 104 101
67 105 100
67 106 100
67 107 96
67 108 100
67 109 101
67 110 101
67 111 99
68 68 0
68 69 0
68 70 0
68 71 0
68 72 0
68 73 0
68 74 0
68 75 100
68 76 100
68 77 102
68 78 100
68 79 101
68 80 99
68 81 101
68 82 102
68 83 98
68 84 104
68 85 99
68 86 103
68 87 100
68 88 97
68 89 99
68 90 97
68 91 102
68 92 102
68 93 100
68 94 99
68 95 96
68 96 98
68 97 99
68 98 101
68 99 98
68 100 101
68 101 102
68 102 97
68 103 100
68 104 104
68 105 100
68 106 103
68 107 101
68 108 101
68 109 100
68 110 104
68 111 104
69 69 0
69 70 0
69 71 0
69 72 0
69 73 0
69 74 0
69 75 100
69 76 100
69 77 99
69 78 102
69 79 99
69 80 98
69 81 100
69 82 100
69 83 105
69 84 102
69 85 103
69 86 101
69 87 99
69 88 99
69 89 97
69 90 99
69 91 104
69 92 102
69 93 99
69 94 99
69 95 101
69 96 100
69 97 100
69 98 101
69 99 103
69 100 98
69 101 102
69 102 99
69 103 99
69 104 100
69 105 101
69 106 97
69 107 101
69 108 102
69 109 99
69 110 100
69 111 99
70 70 0
70 71 0
70 72 0
70 73 0
70 74 0
70 75 101
70 76 98
70 77 98
70 78 98
70 79 101
70 80 99
70 81 101
70 82 98
70 83 99
70 84 100
70 85 99
70 86 101
70 87 98
70 88 101
70 89 102
70 90 100
70 91 101
70 92 100
70 93 97
70 94 99
70 95 101
70 96 100
70 97 96
70 98 99
70 99 99
70 100 102
70 101 100
70 102 100
70 103 103
70 104 100
70 105 98
70 106 101
70 107 101
70 108 98
70 109 100
70 110 102
70 111 100
71 71 0
71 72 0
71 73 0
71 74 0
71 75 103
71 76 102
71 77 103
71 78 102
71 79 101
71 80 102
71 81 99
71 82 98
71 83 101
71 84 100
71 85 100
71 86 99
71 87 102
71 88 96
71 89 100
71 90 98
71 91 97
71 92 100
71 93 102
71 94 101
71 95 99
71 96 99
71 97 102
71 98 102
71 99 101
71 100 100
71 101 102
71 102 100
71 103 95
71 104 100
71 105 102
71 106 100
71 107 97
71 108 103
71 109 97
71 110 100
71 111 97
72 72 0
72 73 0
72 74 0
72 75 99
72 76 101
72 77 101
72 78 101
72 79 101
72 80 100
72 81 98
72 82 102
72 83 99
72 84 98
72 85 103
72 86 100
72 87 103
72 88 101
72 89 101
72 90 100
72 91 102
72 92 101
72 93 99
72 94 101
72 95 99
72 96 100
72 97 100
72 98 100
72 99 98
72 100 100
72 101 100
72 102 99
72 103 99
72 104 97
72 105 102
72 106 101
72 107 103
72 108 98
72 109 100
72 110 98
72 111 100
73 73 0
73 74 0
73 75 103
73 76 102
73 77 100
73 78 97
73 79 101
73 80 99
73 81 97
73 82 102
73 83 101
73 84 95
73 85 104
73 86 98
73 87 101
73 88 100
73 89 101
73 90 96
73 91 99
73 92 102
73 93 100
73 94 100
73 95 98
73 96 105
73 97 98
73 98 99
73 99 101
73 100 101
73 101 99
73 102 101
73 103 100
73 104 95
73 105 103
73 106 100
73 107 96
73 108 102
73 109 101
73 110 97
73 111 98
74 74 0
74 75 102
74 76 101
74 77 98
74 78 99
74 79 104
74 80 101
74 81 98
74 82 102
74 83 97
74 84 100
74 85 98
74 86 98
74 87 96
74 88 103
74 89 103
74 90 103
74 91 97
74 92 102
74 93 103
74 94 98
74 95 101
74 96 99
74 97 100
74 98 100
74 99 103
74 100 102
74 101 99
74 102 96
74 103 101
74 104 98
74 105 102
74 106 100
74 107 100
74 108 98
74 109 100
74 110 103
74 111 101
75 75 0
75 76 0
75 77 0
75 78 0
75 79 0
75 80 0
75 81 0
75 82 0
75 83 0
75 84 0
75 85 0
75 86 0
75 87 0
75 88 102
75 89 99
75 90 99
75 91 100
75 92 103
75 93 96
75 94 100
75 95 100
75 96 101
75 97 98
75 98 98
75 99 102
75 100 99
75 101 100
75 102 102
75 103 99
75 104 100
75 105 102
75 106 99
75 107 98
75 108 99
75 109 102
75 110 97
75 111 101
76 76 0
76 77 0
76 78 0
76 79 0
76 80 0
76 81 0
76 82 0
76 83 0
76 84 0
76 85 0
76 86 0
76 87 0
76 88 97
76 89 103
76 90 100
76 91 98
76 92 101
76 93 100
76 94 99
76 95 96
76 96 102
76 97 100
76 98 100
76 99 100
76 100 102
76 101 100
76 102 103
76 103 102
76 104 98
76 105 102
76 106 100
76 107 100
76 108 96
76 109 101
76 110 98
76 111 99
77 77 0
77 78 0
77 79 0
77 80 0
77 81 0
77 82 0
77 83 0
77 84 0
77 85 0
77 86 0
77 87 0
77 88 100
77 89 102
77 90 98
77 91 101
77 92 100
77 93 103
77 94 102
77 95 101
77 96 101
77 97 99
77 98 103
77 99 101
77 100 98
77 101 98
77 102 102
77 103 100
77 104 100
77 105 99
77 106 100
77 107 104
77 108 100
77 109 100
77 110 99
77 111 105
78 78 0
78 79 0
78 80 0
78 81 0
78 82 0
78 83 0
78 84 0
78 85 0
78 86 0
78 87 0
78 88 100
78 89 100
78 90 102
78 91 101
78 92 98
78 93 102
78 94 100
78 95 99
78 96 100
78 97 100
78 98 101
78 99 100
78 100 100
78 101 107
78 102 100
78 103 98
78 104 100
78 105 99
78 106 99
78 107 101
78 108 99
78 109 98
78 110 100
78 111 103
79 79 0
79 80 0
79 81 0
79 82 0
79 83 0
79 84 0
79 85 0
79 86 0
79 87 0
79 88 101
79 89 100
79 90 96
79 91 101
79 92 101
79 93 99
79 94 99
79 95 104
79 96 98
79 97 101
79 98 101
79 99 99
79 100 100
79 101 101
79 102 100
79 103 98
79 104 102
79 105 98
79 106 101
79 107 102
79 108 101
79 109 98
79 110 101
79 111 100
80 80 0
80 81 0
80 82 0
80 83 0
80 84 0
80 85 0
80 86 0
80 87 0
80 88 103
80 89 99
80 90 103
80 91 99
80 92 98
80 93 102
80 94 98
80 95 100
80 96 102
80 97 103
80 98 101
80 99 99
80 100 99
80 101 99
80 102 99
80 103 102
80 104 99
80 105 98
80 106 103
80 107 99
80 108 97
80 109 98
80 110 98
80 111 98
81 81 0
81 82 0
81 83 0
81 84 0
81 85 0
81 86 0
81 87 0
81 88 98
81 89 100
81 90 103
81 91 95
81 92 98
81 93 102
81 94 96
81 95 102
81 96 101
81 97 98
81 98 102
81 99 102
81 100 100
81 101 100
81 102 100
81 103 99
81 104 103
81 105 97
81 106 100
81 107 97
81 108 96
81 109 102
81 110 101
81 111 100
82 82 0
82 83 0
82 84 0
82 85 0
82 86 0
82 87 0
82 88 100
82 89 102
82 90 100
82 91 101
82 92 100
82 93 100
82 94 99
82 95 101
82 96 100
82 97 102
82 98 99
82 99 97
82 100 99
82 101 101
82 102 99
82 103 101
82 104 103
82 105 101
82 106 101
82 107 99
82 108 101
82 109 100
82 110 100
82 111 103
83 83 0
83 84 0
83 85 0
83 86 0
83 87 0
83 88 100
83 89 99
83 90 98
83 91 99
83 92 102
83 93 101
83 94 100
83 95 103
83 96 98
83 97 100
83 98 101
83 99 101
83 100 101
83 101 98
83 102 101
83 103 104
83 104 96
83 105 103
83 106 101
83 107 101
83 108 99
83 109 97
83 110 98
83 111 97
84 84 0
84 85 0
84 86 0
84 87 0
84 88 98
84 89 101
84 90 98
84 91 103
84 92 98
84 93 97
84 94 101
84 95 100
84 96 98
84 97 101
84 98 103
84 99 100
84 100 98
84 101 98
84 102 101
84 103 99
84 104 99
84 105 100
84 106 100
84 107 99
84 108 101
84 109 99
84 110 98
84 111 102
85 85 0
85 86 0
85 87 0
85 88 101
85 89 98
85 90 99
85 91 100
85 92 97
85 93 98
85 94 99
85 95 99
85 96 102
85 97 100
85 98 99
85 99 95
85 100 99
85 101 99
85 102 98
85 103 101
85 104 101
85 105 102
85 106 97
85 107 96
85 108 99
85 109 98
85 110 101
85 111 105
86 86 0
86 87 0
86 88 103
86 89 99
86 90 99
86 91 101
86 92 103
86 93 99
86 94 99
86 95 96
86 96 99
86 97 102
86 98 102
86 99 101
86 100 97
86 101 98
86 102 101
86 103 99
86 104 101
86 105 101
86 106 98
86 107 101
86 108 107
86 109 102
86 110 98
86 111 99
87 87 0
87 88 97
87 89 99
87 90 100
87 91 104
87 92 100
87 93 102
87 94 99
87 95 101
87 96 101
87 97 98
87 98 103
87 99 100
87 100 101
87 101 101
87 102 101
87 103 103
87 104 99
87 105 104
87 106 101
87 107 100
87 108 97
87 109 101
87 110 98
87 111 102
88 88 0
88 89 0
88 90 0
88 91 0
88 92 0
88 93 0
88 94 0
88 95 0
88 96 0
88 97 0
88 98 0
88 99 0
88 100 0
88 101 0
88 102 0
88 103 0
88 104 0
88 105 0
88 106 0
88 107 0
88 108 0
88 109 0
88 110 0
88 111 0
89 89 0
89 90 0
89 91 0
89 92 0
89 93 0
89 94 0
89 95 0
89 96 0
89 97 0
89 98 0
89 99 0
89 100 0
89 101 0
89 102 0
89 103 0
89 104 0
89 105 0
89 106 0
89 107 0
89 108 0
89 109 0
89 110 0
89 111 0
90 90 0
90 91 0
90 92 0
90 93 0
90 94 0
90 95 0
90 96 0
90 97 0
90 98 0
90 99 0
90 100 0
90 101 0
90 102 0
90 103 0
90 104 0
90 105 0
90 106 0
90 107 0
90 108 0
90 109 0
90 110 0
90 111 0
91 91 0
91 92 0
91 93 0
91 94 0
91 95 0
91 96 0
91 97 0
91 98 0
91 99 0
91 100 0
91 101 0
91 102 0
91 103 0
91 104 0
91 105 0
91 106 0
91 107 0
91 108 0
91 109 0
91 110 0
91 111 0
92 92 0
92 93 0
92 94 0
92 95 0
92 96 0
92 97 0
92 98 0
92 99 0
92 100 0
92 101 0
92 102 0
92 103 0
92 104 0
92 105 0
92 106 0
92 107 0
92 108 0
92 109 0
92 110 0
92 111 0
93 93 0
93 94 0
93 95 0
93 96 0
93 97 0
93 98 0
93 99 0
93 100 0
93 101 0
93 102 0
93 103 0
93 104 0
93 105 0
93 106 0
93 107 0
93 108 0
93 109 0
93 110 0
93 111 0
94 94 0
94 95 0
94 96 0
94 97 0
94 98 0
94 99 0
94 100 0
94 101 0
94 102 0
94 103 0
94 104 0
94 105 0
94 106 0
94 107 0
94 108 0
94 109 0
94 110 0
94 111 0
95 95 0
95 96 0
95 97 0
95 98 0
95 99 0
95 100 0
95 101 0
95 102 0
95 103 0
95 104 0
95 105 0
95 106 0
95 107 0
95 108 0
95 109 0
95 110 0
95 111 0
96 96 0
96 97 0
96 98 0
96 99 0
96 100 0
96 101 0
96 102 0
96 103 0
96 104 0
96 105 0
96 106 0
96 107 0
96 108 0
96 109 0
96 110 0
96 111 0
97 97 0
97 98 0
97 99 0
97 100 0
97 101 0
97 102 0
97 103 0
97 104 0
97 105 0
97 106 0
97 107 0
97 108 0
97 109 0
97 110 0
97 111 0
98 98 0
98 99 0
98 100 0
98 101 0
98 102 0
98 103 0
98 104 0
98 105 0
98 106 0
98 107 0
98 108 0
98 109 0
98 110 0
98 111 0
99 99 0
99 100 0
99 101 0
99 102 0
99 103 0
99 104 0
99 105 0
99 106 0
99 107 0
99 108 0
99 109 0
99 110 0
99 111 0
100 100 0
100 101 0
100 102 0
100 103 0
100 104 0
100 105 0
100 106 0
100 107 0
100 108 0
100 109 0
100 110 0
100 111 0
101 101 0
101 102 0
101 103 0
101 104 0
101 105 0
101 106 0
101 107 0
101 108 0
101 109 0
101 110 0
101 111 0
102 102 0
102 103 0
102 104 0
102 105 0
102 106 0
102 107 0
102 108 0
102 109 0
102 110 0
102 111 0
103 103 0
103 104 0
103 105 0
103 106 0
103 107 0
103 108 0
103 109 0
103 110 0
103 111 0
104 104 0
104 105 0
104 106 0
104 107 0
104 108 0
104 109 0
104 110 0
104 111 0
105 105 0
105 106 0
105 107 0
105 108 0
105 109 0
105 110 0
105 111 0
106 106 0
106 107 0
106 108 0
106 109 0
106 110 0
106 111 0
107 107 0
107 108 0
107 109 0
107 110 0
107 111 0
108 108 0
108 109 0
108 110 0
108 111 0
109 109 0
109 110 0
109 111 0
110 110 0
110 111 0
111 111 0
