5
10
10
10
10
10
0 0 0
0 1 0
0 2 0
0 3 0
0 4 0
0 5 0
0 6 0
0 7 0
0 8 0
0 9 0
0 10 9
0 11 30
0 12 20
0 13 28
0 14 25
0 15 42
0 16 9
0 17 17
0 18 12
0 19 19
0 20 7
0 21 31
0 22 40
0 23 46
0 24 7
0 25 30
0 26 11
0 27 49
0 28 18
0 29 18
0 30 5
0 31 29
0 32 20
0 33 2
0 34 6
0 35 5
0 36 29
0 37 46
0 38 23
0 39 24
0 40 43
0 41 40
0 42 42
0 43 15
0 44 47
0 45 4
0 46 18
0 47 28
0 48 33
0 49 39
1 1 0
1 2 0
1 3 0
1 4 0
1 5 0
1 6 0
1 7 0
1 8 0
1 9 0
1 10 3
1 11 16
1 12 4
1 13 31
1 14 32
1 15 12
1 16 39
1 17 42
1 18 19
1 19 26
1 20 12
1 21 13
1 22 46
1 23 5
1 24 25
1 25 44
1 26 30
1 27 26
1 28 25
1 29 28
1 30 10
1 31 40
1 32 24
1 33 45
1 34 1
1 35 37
1 36 16
1 37 26
1 38 42
1 39 35
1 40 46
1 41 15
1 42 28
1 43 49
1 44 11
1 45 17
1 46 14
1 47 21
1 48 5
1 49 30
2 2 0
2 3 0
2 4 0
2 5 0
2 6 0
2 7 0
2 8 0
2 9 0
2 10 43
2 11 48
2 12 49
2 13 44
2 14 18
2 15 14
2 16 27
2 17 9
2 18 16
2 19 14
2 20 46
2 21 3
2 22 30
2 23 36
2 24 46
2 25 40
2 26 42
2 27 44
2 28 14
2 29 14
2 30 42
2 31 29
2 32 7
2 33 20
2 34 25
2 35 49
2 36 47
2 37 8
2 38 15
2 39 49
2 40 2
2 41 36
2 42 38
2 43 43
2 44 27
2 45 46
2 46 28
2 47 15
2 48 9
2 49 33
3 3 0
3 4 0
3 5 0
3 6 0
3 7 0
3 8 0
3 9 0
3 10 1
3 11 19
3 12 12
3 13 50
3 14 18
3 15 25
3 16 7
3 17 34
3 18 9
3 19 46
3 20 39
3 21 4
3 22 19
3 23 49
3 24 46
3 25 34
3 26 16
3 27 6
3 28 49
3 29 41
3 30 41
3 31 31
3 32 45
3 33 37
3 34 14
3 35 39
3 36 16
3 37 14
3 38 17
3 39 23
3 40 43
3 41 20
3 42 15
3 43 24
3 44 49
3 45 38
3 46 21
3 47 39
3 48 5
3 49 36
4 4 0
4 5 0
4 6 0
4 7 0
4 8 0
4 9 0
4 10 24
4 11 13
4 12 8
4 13 33
4 14 23
4 15 44
4 16 33
4 17 13
4 18 3
4 19 18
4 20 37
4 21 50
4 22 16
4 23 46
4 24 31
4 25 38
4 26 38
4 27 9
4 28 45
4 29 46
4 30 17
4 31 38
4 32 34
4 33 33
4 34 45
4 35 24
4 36 28
4 37 28
4 38 27
4 39 6
4 40 44
4 41 35
4 42 50
4 43 14
4 44 34
4 45 34
4 46 43
4 47 23
4 48 32
4 49 50
5 5 0
5 6 0
5 7 0
5 8 0
5 9 0
5 10 49
5 11 19
5 12 45
5 13 40
5 14 13
5 15 2
5 16 30
5 17 27
5 18 25
5 19 23
5 20 16
5 21 8
5 22 34
5 23 24
5 24 42
5 25 35
5 26 45
5 27 12
5 28 25
5 29 17
5 30 43
5 31 26
5 32 40
5 33 8
5 34 2
5 35 42
5 36 22
5 37 30
5 38 39
5 39 18
5 40 13
5 41 30
5 42 35
5 43 43
5 44 11
5 45 7
5 46 5
5 47 36
5 48 48
5 49 2
6 6 0
6 7 0
6 8 0
6 9 0
6 10 37
6 11 34
6 12 43
6 13 19
6 14 34
6 15 39
6 16 40
6 17 30
6 18 9
6 19 18
6 20 11
6 21 9
6 22 40
6 23 1
6 24 27
6 25 32
6 26 9
6 27 32
6 28 31
6 29 38
6 30 30
6 31 34
6 32 12
6 33 18
6 34 25
6 35 4
6 36 17
6 37 24
6 38 23
6 39 49
6 40 31
6 41 12
6 42 26
6 43 48
6 44 27
6 45 15
6 46 27
6 47 38
6 48 40
6 49 44
7 7 0
7 8 0
7 9 0
7 10 45
7 11 47
7 12 44
7 13 17
7 14 3
7 15 1
7 16 42
7 17 8
7 18 37
7 19 34
7 20 32
7 21 24
7 22 37
7 23 2
7 24 43
7 25 45
7 26 4
7 27 28
7 28 16
7 29 34
7 30 48
7 31 50
7 32 14
7 33 49
7 34 1
7 35 8
7 36 12
7 37 4
7 38 34
7 39 9
7 40 21
7 41 31
7 42 27
7 43 49
7 44 20
7 45 1
7 46 44
7 47 28
7 48 44
7 49 47
8 8 0
8 9 0
8 10 39
8 11 18
8 12 38
8 13 49
8 14 42
8 15 2
8 16 4
8 17 36
8 18 29
8 19 13
8 20 43
8 21 31
8 22 15
8 23 20
8 24 2
8 25 6
8 26 7
8 27 25
8 28 27
8 29 43
8 30 18
8 31 36
8 32 33
8 33 23
8 34 44
8 35 35
8 36 30
8 37 27
8 38 36
8 39 2
8 40 48
8 41 36
8 42 50
8 43 9
8 44 26
8 45 11
8 46 32
8 47 21
8 48 26
8 49 1
9 9 0
9 10 50
9 11 45
9 12 10
9 13 28
9 14 12
9 15 2
9 16 40
9 17 50
9 18 10
9 19 44
9 20 18
9 21 17
9 22 19
9 23 3
9 24 29
9 25 24
9 26 31
9 27 43
9 28 24
9 29 36
9 30 25
9 31 27
9 32 22
9 33 4
9 34 43
9 35 23
9 36 14
9 37 5
9 38 49
9 39 29
9 40 40
9 41 41
9 42 37
9 43 25
9 44 44
9 45 24
9 46 23
9 47 11
9 48 46
9 49 3
10 10 0
10 11 0
10 12 0
10 13 0
10 14 0
10 15 0
10 16 0
10 17 0
10 18 0
10 19 0
10 20 17
10 21 6
10 22 25
10 23 46
10 24 42
10 25 9
10 26 4
10 27 28
10 28 5
10 29 28
10 30 45
10 31 38
10 32 16
10 33 35
10 34 2
10 35 42
10 36 44
10 37 42
10 38 37
10 39 30
10 40 35
10 41 48
10 42 32
10 43 48
10 44 1
10 45 40
10 46 42
10 47 23
10 48 50
10 49 49
11 11 0
11 12 0
11 13 0
11 14 0
11 15 0
11 16 0
11 17 0
11 18 0
11 19 0
11 20 33
11 21 28
11 22 46
11 23 50
11 24 39
11 25 32
11 26 14
11 27 40
11 28 32
11 29 26
11 30 39
11 31 44
11 32 47
11 33 26
11 34 13
11 35 20
11 36 4
11 37 35
11 38 50
11 39 31
11 40 33
11 41 39
11 42 40
11 43 6
11 44 24
11 45 19
11 46 4
11 47 46
11 48 18
11 49 29
12 12 0
12 13 0
12 14 0
12 15 0
12 16 0
12 17 0
12 18 0
12 19 0
12 20 29
12 21 21
12 22 4
12 23 36
12 24 26
12 25 44
12 26 8
12 27 7
12 28 36
12 29 23
12 30 20
12 31 46
12 32 47
12 33 36
12 34 47
12 35 37
12 36 38
12 37 44
12 38 5
12 39 34
12 40 33
12 41 44
12 42 39
12 43 12
12 44 23
12 45 18
12 46 41
12 47 6
12 48 12
12 49 19
13 13 0
13 14 0
13 15 0
13 16 0
13 17 0
13 18 0
13 19 0
13 20 27
13 21 16
13 22 37
13 23 44
13 24 37
13 25 42
13 26 10
13 27 27
13 28 17
13 29 12
13 30 33
13 31 40
13 32 20
13 33 11
13 34 7
13 35 46
13 36 37
13 37 5
13 38 6
13 39 29
13 40 1
13 41 37
13 42 21
13 43 41
13 44 16
13 45 26
13 46 46
13 47 28
13 48 34
13 49 18
14 14 0
14 15 0
14 16 0
14 17 0
14 18 0
14 19 0
14 20 42
14 21 1
14 22 18
14 23 18
14 24 5
14 25 10
14 26 6
14 27 40
14 28 35
14 29 13
14 30 9
14 31 34
14 32 10
14 33 15
14 34 20
14 35 48
14 36 14
14 37 16
14 38 37
14 39 16
14 40 46
14 41 4
14 42 49
14 43 2
14 44 39
14 45 38
14 46 3
14 47 13
14 48 33
14 49 25
15 15 0
15 16 0
15 17 0
15 18 0
15 19 0
15 20 6
15 21 4
15 22 12
15 23 44
15 24 4
15 25 22
15 26 31
15 27 20
15 28 1
15 29 14
15 30 11
15 31 34
15 32 34
15 33 40
15 34 4
15 35 2
15 36 36
15 37 36
15 38 9
15 39 13
15 40 49
15 41 13
15 42 10
15 43 38
15 44 19
15 45 20
15 46 47
15 47 20
15 48 40
15 49 25
16 16 0
16 17 0
16 18 0
16 19 0
16 20 8
16 21 48
16 22 3
16 23 25
16 24 39
16 25 25
16 26 38
16 27 30
16 28 15
16 29 49
16 30 15
16 31 47
16 32 50
16 33 28
16 34 34
16 35 36
16 36 36
16 37 6
16 38 16
16 39 44
16 40 6
16 41 11
16 42 6
16 43 38
16 44 41
16 45 27
16 46 21
16 47 19
16 48 25
16 49 12
17 17 0
17 18 0
17 19 0
17 20 47
17 21 25
17 22 28
17 23 38
17 24 36
17 25 1
17 26 14
17 27 36
17 28 17
17 29 35
17 30 35
17 31 2
17 32 47
17 33 30
17 34 28
17 35 30
17 36 12
17 37 6
17 38 25
17 39 21
17 40 38
17 41 31
17 42 9
17 43 35
17 44 42
17 45 37
17 46 17
17 47 29
17 48 12
17 49 36
18 18 0
18 19 0
18 20 24
18 21 21
18 22 16
18 23 2
18 24 27
18 25 46
18 26 8
18 27 13
18 28 44
18 29 2
18 30 6
18 31 48
18 32 5
18 33 46
18 34 1
18 35 21
18 36 40
18 37 45
18 38 20
18 39 23
18 40 35
18 41 5
18 42 7
18 43 33
18 44 31
18 45 18
18 46 15
18 47 43
18 48 28
18 49 30
19 19 0
19 20 1
19 21 14
19 22 5
19 23 8
19 24 6
19 25 15
19 26 22
19 27 7
19 28 13
19 29 39
19 30 15
19 31 7
19 32 34
19 33 47
19 34 1
19 35 3
19 36 50
19 37 44
19 38 45
19 39 25
19 40 1
19 41 31
19 42 30
19 43 15
19 44 2
19 45 18
19 46 13
19 47 29
19 48 24
19 49 32
20 20 0
20 21 0
20 22 0
20 23 0
20 24 0
20 25 0
20 26 0
20 27 0
20 28 0
20 29 0
20 30 50
20 31 26
20 32 45
20 33 28
20 34 20
20 35 48
20 36 11
20 37 19
20 38 23
20 39 11
20 40 27
20 41 11
20 42 5
20 43 32
20 44 34
20 45 37
20 46 4
20 47 19
20 48 34
20 49 30
21 21 0
21 22 0
21 23 0
21 24 0
21 25 0
21 26 0
21 27 0
21 28 0
21 29 0
21 30 20
21 31 27
21 32 25
21 33 37
21 34 7
21 35 44
21 36 32
21 37 48
21 38 30
21 39 19
21 40 1
21 41 50
21 42 20
21 43 5
21 44 4
21 45 22
21 46 8
21 47 38
21 48 41
21 49 7
22 22 0
22 23 0
22 24 0
22 25 0
22 26 0
22 27 0
22 28 0
22 29 0
22 30 15
22 31 43
22 32 36
22 33 40
22 34 16
22 35 9
22 36 6
22 37 10
22 38 8
22 39 2
22 40 35
22 41 19
22 42 24
22 43 43
22 44 19
22 45 27
22 46 44
22 47 41
22 48 5
22 49 8
23 23 0
23 24 0
23 25 0
23 26 0
23 27 0
23 28 0
23 29 0
23 30 38
23 31 24
23 32 27
23 33 16
23 34 7
23 35 19
23 36 12
23 37 38
23 38 26
23 39 24
23 40 4
23 41 14
23 42 29
23 43 45
23 44 5
23 45 22
23 46 36
23 47 4
23 48 6
23 49 12
24 24 0
24 25 0
24 26 0
24 27 0
24 28 0
24 29 0
24 30 18
24 31 22
24 32 11
24 33 30
24 34 6
24 35 41
24 36 34
24 37 10
24 38 3
24 39 24
24 40 6
24 41 47
24 42 24
24 43 41
24 44 9
24 45 11
24 46 23
24 47 39
24 48 33
24 49 36
25 25 0
25 26 0
25 27 0
25 28 0
25 29 0
25 30 26
25 31 38
25 32 14
25 33 48
25 34 24
25 35 11
25 36 28
25 37 2
25 38 34
25 39 36
25 40 26
25 41 9
25 42 30
25 43 31
25 44 13
25 45 33
25 46 40
25 47 33
25 48 1
25 49 25
26 26 0
26 27 0
26 28 0
26 29 0
26 30 5
26 31 17
26 32 35
26 33 20
26 34 43
26 35 29
26 36 20
26 37 32
26 38 2
26 39 36
26 40 4
26 41 47
26 42 27
26 43 33
26 44 13
26 45 44
26 46 28
26 47 48
26 48 46
26 49 4
27 27 0
27 28 0
27 29 0
27 30 49
27 31 2
27 32 30
27 33 17
27 34 17
27 35 18
27 36 49
27 37 21
27 38 13
27 39 48
27 40 8
27 41 9
27 42 30
27 43 48
27 44 6
27 45 34
27 46 25
27 47 37
27 48 8
27 49 1
28 28 0
28 29 0
28 30 6
28 31 23
28 32 13
28 33 46
28 34 31
28 35 31
28 36 30
28 37 31
28 38 35
28 39 11
28 40 7
28 41 44
28 42 5
28 43 37
28 44 23
28 45 18
28 46 8
28 47 43
28 48 13
28 49 18
29 29 0
29 30 4
29 31 29
29 32 41
29 33 8
29 34 50
29 35 24
29 36 3
29 37 5
29 38 13
29 39 39
29 40 8
29 41 21
29 42 6
29 43 45
29 44 6
29 45 8
29 46 28
29 47 48
29 48 7
29 49 43
30 30 0
30 31 0
30 32 0
30 33 0
30 34 0
30 35 0
30 36 0
30 37 0
30 38 0
30 39 0
30 40 49
30 41 26
30 42 15
30 43 37
30 44 19
30 45 48
30 46 26
30 47 42
30 48 24
30 49 37
31 31 0
31 32 0
31 33 0
31 34 0
31 35 0
31 36 0
31 37 0
31 38 0
31 39 0
31 40 24
31 41 45
31 42 46
31 43 20
31 44 43
31 45 10
31 46 11
31 47 34
31 48 2
31 49 46
32 32 0
32 33 0
32 34 0
32 35 0
32 36 0
32 37 0
32 38 0
32 39 0
32 40 38
32 41 33
32 42 36
32 43 22
32 44 17
32 45 12
32 46 25
32 47 18
32 48 35
32 49 38
33 33 0
33 34 0
33 35 0
33 36 0
33 37 0
33 38 0
33 39 0
33 40 20
33 41 13
33 42 25
33 43 48
33 44 31
33 45 11
33 46 10
33 47 14
33 48 13
33 49 38
34 34 0
34 35 0
34 36 0
34 37 0
34 38 0
34 39 0
34 40 20
34 41 12
34 42 21
34 43 38
34 44 31
34 45 9
34 46 13
34 47 5
34 48 34
34 49 43
35 35 0
35 36 0
35 37 0
35 38 0
35 39 0
35 40 21
35 41 47
35 42 8
35 43 5
35 44 17
35 45 50
35 46 8
35 47 34
35 48 34
35 49 23
36 36 0
36 37 0
36 38 0
36 39 0
36 40 5
36 41 45
36 42 40
36 43 19
36 44 49
36 45 23
36 46 20
36 47 7
36 48 16
36 49 18
37 37 0
37 38 0
37 39 0
37 40 38
37 41 45
37 42 6
37 43 39
37 44 9
37 45 32
37 46 39
37 47 42
37 48 29
37 49 44
38 38 0
38 39 0
38 40 41
38 41 15
38 42 26
38 43 44
38 44 28
38 45 26
38 46 38
38 47 28
38 48 45
38 49 41
39 39 0
39 40 23
39 41 22
39 42 30
39 43 44
39 44 36
39 45 23
39 46 4
39 47 17
39 48 28
39 49 28
40 40 0
40 41 0
40 42 0
40 43 0
40 44 0
40 45 0
40 46 0
40 47 0
40 48 0
40 49 0
41 41 0
41 42 0
41 43 0
41 44 0
41 45 0
41 46 0
41 47 0
41 48 0
41 49 0
42 42 0
42 43 0
42 44 0
42 45 0
42 46 0
42 47 0
42 48 0
42 49 0
43 43 0
43 44 0
43 45 0
43 46 0
43 47 0
43 48 0
43 49 0
44 44 0
44 45 0
44 46 0
44 47 0
44 48 0
44 49 0
45 45 0
45 46 0
45 47 0
45 48 0
45 49 0
46 46 0
46 47 0
46 48 0
46 49 0
47 47 0
47 48 0
47 49 0
48 48 0
48 49 0
49 49 0
