5
20
17
13
21
11
0 0 0
0 1 0
0 2 0
0 3 0
0 4 0
0 5 0
0 6 0
0 7 0
0 8 0
0 9 0
0 10 0
0 11 0
0 12 0
0 13 0
0 14 0
0 15 0
0 16 0
0 17 0
0 18 0
0 19 0
0 20 26
0 21 65
0 22 29
0 23 51
0 24 17
0 25 22
0 26 12
0 27 84
0 28 57
0 29 76
0 30 40
0 31 92
0 32 51
0 33 25
0 34 10
0 35 96
0 36 28
0 37 62
0 38 78
0 39 98
0 40 67
0 41 88
0 42 90
0 43 94
0 44 15
0 45 76
0 46 13
0 47 33
0 48 34
0 49 52
0 50 7
0 51 7
0 52 57
0 53 31
0 54 40
0 55 5
0 56 82
0 57 86
0 58 64
0 59 59
0 60 76
0 61 58
0 62 14
0 63 44
0 64 13
0 65 8
0 66 27
0 67 66
0 68 42
0 69 21
0 70 6
0 71 33
0 72 70
0 73 84
0 74 98
0 75 33
0 76 27
0 77 3
0 78 57
0 79 20
0 80 24
0 81 38
1 1 0
1 2 0
1 3 0
1 4 0
1 5 0
1 6 0
1 7 0
1 8 0
1 9 0
1 10 0
1 11 0
1 12 0
1 13 0
1 14 0
1 15 0
1 16 0
1 17 0
1 18 0
1 19 0
1 20 42
1 21 84
1 22 55
1 23 2
1 24 71
1 25 59
1 26 92
1 27 51
1 28 62
1 29 61
1 30 54
1 31 76
1 32 55
1 33 94
1 34 34
1 35 13
1 36 59
1 37 36
1 38 41
1 39 14
1 40 65
1 41 1
1 42 73
1 43 35
1 44 85
1 45 86
1 46 56
1 47 54
1 48 62
1 49 66
1 50 74
1 51 7
1 52 62
1 53 91
1 54 81
1 55 81
1 56 52
1 57 77
1 58 18
1 59 96
1 60 81
1 61 38
1 62 70
1 63 9
1 64 39
1 65 32
1 66 16
1 67 3
1 68 42
1 69 97
1 70 58
1 71 34
1 72 26
1 73 51
1 74 65
1 75 15
1 76 91
1 77 94
1 78 75
1 79 20
1 80 42
1 81 76
2 2 0
2 3 0
2 4 0
2 5 0
2 6 0
2 7 0
2 8 0
2 9 0
2 10 0
2 11 0
2 12 0
2 13 0
2 14 0
2 15 0
2 16 0
2 17 0
2 18 0
2 19 0
2 20 92
2 21 72
2 22 28
2 23 57
2 24 28
2 25 95
2 26 99
2 27 66
2 28 68
2 29 53
2 30 76
2 31 1
2 32 58
2 33 78
2 34 16
2 35 2
2 36 71
2 37 79
2 38 53
2 39 13
2 40 19
2 41 55
2 42 65
2 43 63
2 44 31
2 45 95
2 46 43
2 47 65
2 48 80
2 49 95
2 50 94
2 51 90
2 52 55
2 53 73
2 54 19
2 55 87
2 56 82
2 57 95
2 58 44
2 59 100
2 60 84
2 61 24
2 62 29
2 63 95
2 64 24
2 65 12
2 66 61
2 67 3
2 68 94
2 69 20
2 70 55
2 71 21
2 72 9
2 73 92
2 74 49
2 75 100
2 76 2
2 77 86
2 78 36
2 79 64
2 80 10
2 81 90
3 3 0
3 4 0
3 5 0
3 6 0
3 7 0
3 8 0
3 9 0
3 10 0
3 11 0
3 12 0
3 13 0
3 14 0
3 15 0
3 16 0
3 17 0
3 18 0
3 19 0
3 20 54
3 21 87
3 22 56
3 23 33
3 24 83
3 25 56
3 26 38
3 27 38
3 28 34
3 29 49
3 30 15
3 31 7
3 32 25
3 33 75
3 34 6
3 35 90
3 36 78
3 37 41
3 38 55
3 39 19
3 40 26
3 41 84
3 42 24
3 43 39
3 44 48
3 45 23
3 46 32
3 47 2
3 48 29
3 49 95
3 50 2
3 51 74
3 52 88
3 53 46
3 54 6
3 55 92
3 56 15
3 57 68
3 58 38
3 59 17
3 60 99
3 61 56
3 62 78
3 63 65
3 64 100
3 65 24
3 66 19
3 67 37
3 68 24
3 69 94
3 70 97
3 71 73
3 72 38
3 73 34
3 74 73
3 75 66
3 76 91
3 77 63
3 78 48
3 79 75
3 80 39
3 81 9
4 4 0
4 5 0
4 6 0
4 7 0
4 8 0
4 9 0
4 10 0
4 11 0
4 12 0
4 13 0
4 14 0
4 15 0
4 16 0
4 17 0
4 18 0
4 19 0
4 20 92
4 21 9
4 22 57
4 23 47
4 24 92
4 25 2
4 26 24
4 27 40
4 28 54
4 29 5
4 30 77
4 31 99
4 32 48
4 33 73
4 34 30
4 35 67
4 36 24
4 37 87
4 38 100
4 39 67
4 40 63
4 41 46
4 42 79
4 43 70
4 44 21
4 45 44
4 46 6
4 47 51
4 48 14
4 49 15
4 50 31
4 51 33
4 52 69
4 53 80
4 54 61
4 55 31
4 56 69
4 57 66
4 58 62
4 59 73
4 60 53
4 61 50
4 62 97
4 63 91
4 64 54
4 65 74
4 66 76
4 67 91
4 68 93
4 69 11
4 70 4
4 71 72
4 72 17
4 73 38
4 74 18
4 75 5
4 76 24
4 77 65
4 78 3
4 79 30
4 80 77
4 81 20
5 5 0
5 6 0
5 7 0
5 8 0
5 9 0
5 10 0
5 11 0
5 12 0
5 13 0
5 14 0
5 15 0
5 16 0
5 17 0
5 18 0
5 19 0
5 20 69
5 21 51
5 22 33
5 23 19
5 24 83
5 25 58
5 26 78
5 27 46
5 28 59
5 29 9
5 30 81
5 31 19
5 32 71
5 33 99
5 34 72
5 35 41
5 36 12
5 37 60
5 38 78
5 39 89
5 40 73
5 41 98
5 42 5
5 43 94
5 44 89
5 45 70
5 46 91
5 47 54
5 48 99
5 49 15
5 50 20
5 51 4
5 52 59
5 53 40
5 54 57
5 55 13
5 56 36
5 57 12
5 58 27
5 59 88
5 60 48
5 61 85
5 62 69
5 63 32
5 64 90
5 65 30
5 66 85
5 67 66
5 68 71
5 69 57
5 70 31
5 71 89
5 72 26
5 73 67
5 74 67
5 75 30
5 76 40
5 77 46
5 78 31
5 79 43
5 80 16
5 81 54
6 6 0
6 7 0
6 8 0
6 9 0
6 10 0
6 11 0
6 12 0
6 13 0
6 14 0
6 15 0
6 16 0
6 17 0
6 18 0
6 19 0
6 20 72
6 21 32
6 22 61
6 23 85
6 24 20
6 25 6
6 26 27
6 27 7
6 28 22
6 29 70
6 30 89
6 31 20
6 32 90
6 33 44
6 34 43
6 35 6
6 36 88
6 37 6
6 38 29
6 39 29
6 40 32
6 41 46
6 42 13
6 43 29
6 44 100
6 45 66
6 46 14
6 47 64
6 48 8
6 49 28
6 50 59
6 51 42
6 52 64
6 53 19
6 54 100
6 55 73
6 56 20
6 57 48
6 58 27
6 59 56
6 60 25
6 61 8
6 62 67
6 63 33
6 64 32
6 65 60
6 66 4
6 67 43
6 68 50
6 69 52
6 70 62
6 71 84
6 72 62
6 73 84
6 74 66
6 75 58
6 76 73
6 77 49
6 78 84
6 79 98
6 80 26
6 81 99
7 7 0
7 8 0
7 9 0
7 10 0
7 11 0
7 12 0
7 13 0
7 14 0
7 15 0
7 16 0
7 17 0
7 18 0
7 19 0
7 20 14
7 21 7
7 22 13
7 23 99
7 24 57
7 25 31
7 26 17
7 27 19
7 28 72
7 29 74
7 30 85
7 31 31
7 32 83
7 33 47
7 34 60
7 35 76
7 36 18
7 37 6
7 38 44
7 39 49
7 40 96
7 41 86
7 42 50
7 43 54
7 44 78
7 45 20
7 46 30
7 47 1
7 48 94
7 49 60
7 50 81
7 51 36
7 52 88
7 53 66
7 54 23
7 55 92
7 56 94
7 57 9
7 58 78
7 59 12
7 60 93
7 61 96
7 62 57
7 63 2
7 64 15
7 65 3
7 66 32
7 67 88
7 68 58
7 69 41
7 70 46
7 71 31
7 72 15
7 73 78
7 74 12
7 75 56
7 76 20
7 77 65
7 78 56
7 79 66
7 80 12
7 81 11
8 8 0
8 9 0
8 10 0
8 11 0
8 12 0
8 13 0
8 14 0
8 15 0
8 16 0
8 17 0
8 18 0
8 19 0
8 20 6
8 21 90
8 22 75
8 23 56
8 24 82
8 25 69
8 26 2
8 27 96
8 28 55
8 29 63
8 30 67
8 31 10
8 32 61
8 33 59
8 34 56
8 35 59
8 36 93
8 37 64
8 38 62
8 39 14
8 40 53
8 41 21
8 42 16
8 43 95
8 44 20
8 45 3
8 46 89
8 47 20
8 48 97
8 49 2
8 50 1
8 51 33
8 52 77
8 53 44
8 54 2
8 55 69
8 56 25
8 57 3
8 58 52
8 59 4
8 60 44
8 61 15
8 62 94
8 63 79
8 64 82
8 65 34
8 66 83
8 67 11
8 68 88
8 69 77
8 70 5
8 71 43
8 72 93
8 73 26
8 74 73
8 75 48
8 76 8
8 77 83
8 78 56
8 79 62
8 80 63
8 81 51
9 9 0
9 10 0
9 11 0
9 12 0
9 13 0
9 14 0
9 15 0
9 16 0
9 17 0
9 18 0
9 19 0
9 20 59
9 21 27
9 22 64
9 23 93
9 24 4
9 25 81
9 26 72
9 27 39
9 28 1
9 29 38
9 30 59
9 31 31
9 32 71
9 33 78
9 34 54
9 35 18
9 36 34
9 37 23
9 38 61
9 39 87
9 40 32
9 41 44
9 42 40
9 43 27
9 44 84
9 45 18
9 46 62
9 47 9
9 48 64
9 49 39
9 50 18
9 51 24
9 52 67
9 53 49
9 54 28
9 55 64
9 56 43
9 57 89
9 58 62
9 59 83
9 60 47
9 61 12
9 62 79
9 63 30
9 64 47
9 65 97
9 66 84
9 67 14
9 68 81
9 69 93
9 70 54
9 71 99
9 72 13
9 73 4
9 74 100
9 75 56
9 76 7
9 77 48
9 78 53
9 79 20
9 80 53
9 81 10
10 10 0
10 11 0
10 12 0
10 13 0
10 14 0
10 15 0
10 16 0
10 17 0
10 18 0
10 19 0
10 20 47
10 21 17
10 22 83
10 23 30
10 24 12
10 25 59
10 26 97
10 27 29
10 28 1
10 29 68
10 30 47
10 31 68
10 32 68
10 33 15
10 34 1
10 35 29
10 36 20
10 37 72
10 38 89
10 39 32
10 40 85
10 41 72
10 42 9
10 43 15
10 44 83
10 45 24
10 46 76
10 47 65
10 48 76
10 49 23
10 50 58
10 51 36
10 52 34
10 53 84
10 54 52
10 55 47
10 56 83
10 57 24
10 58 60
10 59 50
10 60 34
10 61 68
10 62 92
10 63 52
10 64 94
10 65 17
10 66 8
10 67 82
10 68 82
10 69 30
10 70 74
10 71 72
10 72 12
10 73 14
10 74 72
10 75 63
10 76 57
10 77 50
10 78 22
10 79 17
10 80 44
10 81 75
11 11 0
11 12 0
11 13 0
11 14 0
11 15 0
11 16 0
11 17 0
11 18 0
11 19 0
11 20 99
11 21 26
11 22 88
11 23 40
11 24 97
11 25 23
11 26 74
11 27 84
11 28 7
11 29 60
11 30 43
11 31 49
11 32 51
11 33 50
11 34 85
11 35 15
11 36 31
11 37 80
11 38 90
11 39 80
11 40 48
11 41 37
11 42 67
11 43 64
11 44 11
11 45 65
11 46 31
11 47 83
11 48 6
11 49 9
11 50 77
11 51 57
11 52 95
11 53 94
11 54 39
11 55 32
11 56 38
11 57 25
11 58 27
11 59 26
11 60 47
11 61 4
11 62 46
11 63 1
11 64 52
11 65 45
11 66 46
11 67 35
11 68 72
11 69 24
11 70 38
11 71 87
11 72 28
11 73 83
11 74 21
11 75 50
11 76 78
11 77 8
11 78 53
11 79 90
11 80 74
11 81 8
12 12 0
12 13 0
12 14 0
12 15 0
12 16 0
12 17 0
12 18 0
12 19 0
12 20 94
12 21 69
12 22 13
12 23 1
12 24 32
12 25 22
12 26 47
12 27 21
12 28 16
12 29 41
12 30 63
12 31 26
12 32 46
12 33 4
12 34 91
12 35 2
12 36 100
12 37 9
12 38 36
12 39 81
12 40 74
12 41 61
12 42 53
12 43 78
12 44 70
12 45 40
12 46 97
12 47 16
12 48 49
12 49 86
12 50 66
12 51 98
12 52 48
12 53 9
12 54 8
12 55 3
12 56 77
12 57 52
12 58 18
12 59 75
12 60 46
12 61 55
12 62 53
12 63 57
12 64 93
12 65 64
12 66 93
12 67 21
12 68 18
12 69 11
12 70 11
12 71 85
12 72 19
12 73 53
12 74 24
12 75 78
12 76 29
12 77 15
12 78 56
12 79 86
12 80 21
12 81 72
13 13 0
13 14 0
13 15 0
13 16 0
13 17 0
13 18 0
13 19 0
13 20 28
13 21 88
13 22 33
13 23 94
13 24 45
13 25 25
13 26 25
13 27 86
13 28 94
13 29 54
13 30 89
13 31 50
13 32 21
13 33 38
13 34 24
13 35 99
13 36 20
13 37 21
13 38 83
13 39 47
13 40 36
13 41 12
13 42 94
13 43 16
13 44 6
13 45 89
13 46 81
13 47 27
13 48 99
13 49 15
13 50 59
13 51 74
13 52 86
13 53 61
13 54 88
13 55 40
13 56 4
13 57 84
13 58 44
13 59 78
13 60 73
13 61 1
13 62 12
13 63 83
13 64 17
13 65 60
13 66 85
13 67 80
13 68 42
13 69 63
13 70 90
13 71 92
13 72 30
13 73 99
13 74 100
13 75 15
13 76 93
13 77 21
13 78 11
13 79 60
13 80 75
13 81 29
14 14 0
14 15 0
14 16 0
14 17 0
14 18 0
14 19 0
14 20 52
14 21 25
14 22 88
14 23 76
14 24 15
14 25 80
14 26 8
14 27 70
14 28 18
14 29 52
14 30 25
14 31 72
14 32 76
14 33 97
14 34 50
14 35 22
14 36 99
14 37 18
14 38 41
14 39 31
14 40 73
14 41 10
14 42 46
14 43 27
14 44 77
14 45 81
14 46 86
14 47 77
14 48 82
14 49 55
14 50 33
14 51 74
14 52 8
14 53 84
14 54 79
14 55 70
14 56 60
14 57 46
14 58 16
14 59 96
14 60 67
14 61 29
14 62 59
14 63 39
14 64 40
14 65 46
14 66 93
14 67 20
14 68 69
14 69 92
14 70 89
14 71 1
14 72 73
14 73 32
14 74 17
14 75 98
14 76 28
14 77 7
14 78 82
14 79 62
14 80 65
14 81 27
15 15 0
15 16 0
15 17 0
15 18 0
15 19 0
15 20 6
15 21 68
15 22 98
15 23 4
15 24 83
15 25 25
15 26 47
15 27 11
15 28 40
15 29 93
15 30 25
15 31 86
15 32 58
15 33 74
15 34 90
15 35 45
15 36 80
15 37 53
15 38 98
15 39 29
15 40 87
15 41 86
15 42 41
15 43 80
15 44 82
15 45 10
15 46 49
15 47 62
15 48 56
15 49 37
15 50 7
15 51 95
15 52 69
15 53 65
15 54 20
15 55 46
15 56 60
15 57 17
15 58 84
15 59 52
15 60 17
15 61 18
15 62 1
15 63 5
15 64 76
15 65 11
15 66 65
15 67 27
15 68 57
15 69 83
15 70 27
15 71 48
15 72 69
15 73 77
15 74 27
15 75 85
15 76 57
15 77 28
15 78 40
15 79 49
15 80 29
15 81 54
16 16 0
16 17 0
16 18 0
16 19 0
16 20 60
16 21 60
16 22 68
16 23 62
16 24 91
16 25 44
16 26 12
16 27 18
16 28 90
16 29 28
16 30 15
16 31 3
16 32 60
16 33 93
16 34 51
16 35 55
16 36 52
16 37 100
16 38 40
16 39 47
16 40 14
16 41 12
16 42 94
16 43 29
16 44 87
16 45 86
16 46 22
16 47 49
16 48 93
16 49 81
16 50 75
16 51 14
16 52 9
16 53 50
16 54 8
16 55 28
16 56 17
16 57 51
16 58 87
16 59 70
16 60 36
16 61 95
16 62 17
16 63 27
16 64 22
16 65 79
16 66 34
16 67 43
16 68 24
16 69 34
16 70 38
16 71 20
16 72 92
16 73 47
16 74 16
16 75 24
16 76 84
16 77 78
16 78 23
16 79 37
16 80 55
16 81 54
17 17 0
17 18 0
17 19 0
17 20 8
17 21 59
17 22 42
17 23 85
17 24 93
17 25 39
17 26 65
17 27 72
17 28 19
17 29 29
17 30 45
17 31 96
17 32 7
17 33 33
17 34 13
17 35 93
17 36 84
17 37 93
17 38 1
17 39 73
17 40 77
17 41 39
17 42 60
17 43 85
17 44 2
17 45 98
17 46 7
17 47 50
17 48 97
17 49 92
17 50 58
17 51 6
17 52 76
17 53 33
17 54 58
17 55 99
17 56 100
17 57 11
17 58 75
17 59 68
17 60 38
17 61 43
17 62 97
17 63 70
17 64 84
17 65 79
17 66 60
17 67 63
17 68 67
17 69 58
17 70 9
17 71 86
17 72 5
17 73 29
17 74 20
17 75 56
17 76 98
17 77 70
17 78 69
17 79 46
17 80 41
17 81 38
18 18 0
18 19 0
18 20 57
18 21 51
18 22 81
18 23 65
18 24 6
18 25 55
18 26 20
18 27 13
18 28 68
18 29 25
18 30 82
18 31 1
18 32 68
18 33 17
18 34 91
18 35 71
18 36 100
18 37 66
18 38 2
18 39 73
18 40 50
18 41 44
18 42 67
18 43 62
18 44 45
18 45 3
18 46 26
18 47 12
18 48 6
18 49 7
18 50 1
18 51 99
18 52 21
18 53 57
18 54 59
18 55 9
18 56 31
18 57 95
18 58 73
18 59 64
18 60 3
18 61 55
18 62 71
18 63 83
18 64 64
18 65 78
18 66 49
18 67 76
18 68 9
18 69 26
18 70 86
18 71 68
18 72 7
18 73 12
18 74 67
18 75 13
18 76 62
18 77 5
18 78 17
18 79 18
18 80 9
18 81 28
19 19 0
19 20 73
19 21 2
19 22 58
19 23 27
19 24 87
19 25 47
19 26 91
19 27 16
19 28 99
19 29 56
19 30 23
19 31 27
19 32 72
19 33 99
19 34 68
19 35 27
19 36 10
19 37 99
19 38 63
19 39 15
19 40 15
19 41 18
19 42 84
19 43 89
19 44 31
19 45 51
19 46 31
19 47 45
19 48 44
19 49 39
19 50 43
19 51 11
19 52 22
19 53 43
19 54 91
19 55 32
19 56 40
19 57 84
19 58 82
19 59 65
19 60 43
19 61 58
19 62 29
19 63 29
19 64 43
19 65 72
19 66 42
19 67 65
19 68 7
19 69 80
19 70 13
19 71 9
19 72 88
19 73 11
19 74 52
19 75 7
19 76 1
19 77 45
19 78 51
19 79 57
19 80 82
19 81 74
20 20 0
20 21 0
20 22 0
20 23 0
20 24 0
20 25 0
20 26 0
20 27 0
20 28 0
20 29 0
20 30 0
20 31 0
20 32 0
20 33 0
20 34 0
20 35 0
20 36 0
20 37 75
20 38 49
20 39 60
20 40 32
20 41 100
20 42 72
20 43 62
20 44 71
20 45 84
20 46 58
20 47 53
20 48 37
20 49 99
20 50 97
20 51 15
20 52 63
20 53 38
20 54 49
20 55 90
20 56 33
20 57 71
20 58 57
20 59 95
20 60 26
20 61 46
20 62 44
20 63 15
20 64 84
20 65 40
20 66 8
20 67 12
20 68 56
20 69 36
20 70 3
20 71 68
20 72 71
20 73 47
20 74 80
20 75 27
20 76 4
20 77 88
20 78 70
20 79 13
20 80 41
20 81 68
21 21 0
21 22 0
21 23 0
21 24 0
21 25 0
21 26 0
21 27 0
21 28 0
21 29 0
21 30 0
21 31 0
21 32 0
21 33 0
21 34 0
21 35 0
21 36 0
21 37 74
21 38 83
21 39 21
21 40 33
21 41 95
21 42 66
21 43 66
21 44 94
21 45 21
21 46 80
21 47 28
21 48 37
21 49 65
21 50 63
21 51 44
21 52 30
21 53 80
21 54 47
21 55 52
21 56 88
21 57 87
21 58 8
21 59 32
21 60 7
21 61 23
21 62 67
21 63 97
21 64 89
21 65 89
21 66 50
21 67 11
21 68 95
21 69 87
21 70 70
21 71 19
21 72 90
21 73 7
21 74 58
21 75 90
21 76 4
21 77 96
21 78 31
21 79 94
21 80 10
21 81 60
22 22 0
22 23 0
22 24 0
22 25 0
22 26 0
22 27 0
22 28 0
22 29 0
22 30 0
22 31 0
22 32 0
22 33 0
22 34 0
22 35 0
22 36 0
22 37 18
22 38 81
22 39 84
22 40 19
22 41 66
22 42 29
22 43 71
22 44 2
22 45 46
22 46 48
22 47 19
22 48 23
22 49 34
22 50 38
22 51 99
22 52 65
22 53 52
22 54 96
22 55 24
22 56 12
22 57 41
22 58 54
22 59 70
22 60 29
22 61 3
22 62 44
22 63 18
22 64 52
22 65 82
22 66 92
22 67 86
22 68 33
22 69 60
22 70 15
22 71 37
22 72 80
22 73 61
22 74 69
22 75 68
22 76 39
22 77 50
22 78 39
22 79 18
22 80 1
22 81 4
23 23 0
23 24 0
23 25 0
23 26 0
23 27 0
23 28 0
23 29 0
23 30 0
23 31 0
23 32 0
23 33 0
23 34 0
23 35 0
23 36 0
23 37 17
23 38 39
23 39 48
23 40 42
23 41 4
23 42 31
23 43 48
23 44 78
23 45 82
23 46 54
23 47 47
23 48 19
23 49 93
23 50 97
23 51 89
23 52 98
23 53 47
23 54 98
23 55 62
23 56 55
23 57 25
23 58 83
23 59 74
23 60 14
23 61 22
23 62 19
23 63 98
23 64 87
23 65 26
23 66 25
23 67 50
23 68 91
23 69 12
23 70 12
23 71 67
23 72 1
23 73 41
23 74 51
23 75 98
23 76 3
23 77 91
23 78 98
23 79 91
23 80 77
23 81 57
24 24 0
24 25 0
24 26 0
24 27 0
24 28 0
24 29 0
24 30 0
24 31 0
24 32 0
24 33 0
24 34 0
24 35 0
24 36 0
24 37 94
24 38 51
24 39 58
24 40 24
24 41 74
24 42 35
24 43 64
24 44 84
24 45 88
24 46 81
24 47 1
24 48 36
24 49 64
24 50 42
24 51 87
24 52 17
24 53 27
24 54 71
24 55 44
24 56 53
24 57 8
24 58 43
24 59 21
24 60 88
24 61 26
24 62 96
24 63 36
24 64 24
24 65 9
24 66 56
24 67 66
24 68 82
24 69 24
24 70 42
24 71 22
24 72 43
24 73 84
24 74 16
24 75 67
24 76 95
24 77 23
24 78 56
24 79 72
24 80 88
24 81 46
25 25 0
25 26 0
25 27 0
25 28 0
25 29 0
25 30 0
25 31 0
25 32 0
25 33 0
25 34 0
25 35 0
25 36 0
25 37 59
25 38 86
25 39 15
25 40 98
25 41 95
25 42 71
25 43 7
25 44 40
25 45 75
25 46 42
25 47 84
25 48 16
25 49 32
25 50 86
25 51 22
25 52 93
25 53 9
25 54 46
25 55 24
25 56 71
25 57 94
25 58 3
25 59 8
25 60 17
25 61 45
25 62 35
25 63 44
25 64 87
25 65 85
25 66 32
25 67 66
25 68 72
25 69 49
25 70 94
25 71 89
25 72 87
25 73 82
25 74 25
25 75 89
25 76 99
25 77 53
25 78 21
25 79 19
25 80 26
25 81 90
26 26 0
26 27 0
26 28 0
26 29 0
26 30 0
26 31 0
26 32 0
26 33 0
26 34 0
26 35 0
26 36 0
26 37 50
26 38 48
26 39 90
26 40 42
26 41 7
26 42 82
26 43 97
26 44 17
26 45 83
26 46 85
26 47 56
26 48 100
26 49 22
26 50 76
26 51 15
26 52 34
26 53 74
26 54 16
26 55 42
26 56 2
26 57 7
26 58 40
26 59 32
26 60 99
26 61 63
26 62 15
26 63 2
26 64 42
26 65 68
26 66 51
26 67 63
26 68 36
26 69 12
26 70 66
26 71 79
26 72 75
26 73 44
26 74 42
26 75 7
26 76 10
26 77 10
26 78 45
26 79 47
26 80 81
26 81 47
27 27 0
27 28 0
27 29 0
27 30 0
27 31 0
27 32 0
27 33 0
27 34 0
27 35 0
27 36 0
27 37 38
27 38 87
27 39 19
27 40 75
27 41 22
27 42 76
27 43 13
27 44 52
27 45 6
27 46 77
27 47 48
27 48 5
27 49 2
27 50 90
27 51 87
27 52 50
27 53 73
27 54 57
27 55 58
27 56 30
27 57 20
27 58 80
27 59 6
27 60 25
27 61 91
27 62 58
27 63 37
27 64 27
27 65 91
27 66 24
27 67 12
27 68 94
27 69 9
27 70 49
27 71 96
27 72 70
27 73 76
27 74 21
27 75 24
27 76 68
27 77 20
27 78 36
27 79 71
27 80 40
27 81 10
28 28 0
28 29 0
28 30 0
28 31 0
28 32 0
28 33 0
28 34 0
28 35 0
28 36 0
28 37 48
28 38 75
28 39 24
28 40 21
28 41 79
28 42 53
28 43 84
28 44 67
28 45 41
28 46 68
28 47 7
28 48 57
28 49 94
28 50 85
28 51 72
28 52 84
28 53 34
28 54 100
28 55 88
28 56 70
28 57 28
28 58 12
28 59 66
28 60 84
28 61 54
28 62 39
28 63 6
28 64 83
28 65 21
28 66 30
28 67 83
28 68 68
28 69 60
28 70 10
28 71 41
28 72 66
28 73 61
28 74 32
28 75 70
28 76 62
28 77 74
28 78 3
28 79 31
28 80 97
28 81 53
29 29 0
29 30 0
29 31 0
29 32 0
29 33 0
29 34 0
29 35 0
29 36 0
29 37 50
29 38 58
29 39 85
29 40 23
29 41 73
29 42 78
29 43 54
29 44 34
29 45 70
29 46 45
29 47 23
29 48 65
29 49 11
29 50 17
29 51 33
29 52 53
29 53 59
29 54 11
29 55 50
29 56 36
29 57 47
29 58 47
29 59 50
29 60 73
29 61 53
29 62 30
29 63 93
29 64 52
29 65 32
29 66 28
29 67 35
29 68 50
29 69 2
29 70 70
29 71 63
29 72 60
29 73 29
29 74 43
29 75 6
29 76 16
29 77 95
29 78 22
29 79 43
29 80 90
29 81 58
30 30 0
30 31 0
30 32 0
30 33 0
30 34 0
30 35 0
30 36 0
30 37 100
30 38 29
30 39 53
30 40 65
30 41 83
30 42 52
30 43 18
30 44 85
30 45 69
30 46 86
30 47 26
30 48 69
30 49 35
30 50 40
30 51 95
30 52 6
30 53 81
30 54 100
30 55 8
30 56 89
30 57 82
30 58 55
30 59 29
30 60 74
30 61 33
30 62 13
30 63 63
30 64 30
30 65 47
30 66 24
30 67 25
30 68 59
30 69 38
30 70 6
30 71 56
30 72 35
30 73 88
30 74 79
30 75 96
30 76 52
30 77 35
30 78 12
30 79 83
30 80 10
30 81 21
31 31 0
31 32 0
31 33 0
31 34 0
31 35 0
31 36 0
31 37 39
31 38 65
31 39 80
31 40 52
31 41 1
31 42 93
31 43 42
31 44 92
31 45 48
31 46 2
31 47 81
31 48 70
31 49 78
31 50 86
31 51 81
31 52 80
31 53 95
31 54 17
31 55 78
31 56 30
31 57 12
31 58 9
31 59 86
31 60 51
31 61 98
31 62 42
31 63 71
31 64 32
31 65 70
31 66 72
31 67 19
31 68 20
31 69 60
31 70 3
31 71 53
31 72 9
31 73 15
31 74 26
31 75 7
31 76 73
31 77 59
31 78 41
31 79 80
31 80 31
31 81 51
32 32 0
32 33 0
32 34 0
32 35 0
32 36 0
32 37 63
32 38 4
32 39 91
32 40 68
32 41 75
32 42 2
32 43 93
32 44 52
32 45 16
32 46 72
32 47 17
32 48 47
32 49 28
32 50 46
32 51 18
32 52 8
32 53 52
32 54 40
32 55 27
32 56 61
32 57 88
32 58 79
32 59 74
32 60 75
32 61 47
32 62 70
32 63 86
32 64 65
32 65 97
32 66 40
32 67 48
32 68 66
32 69 97
32 70 76
32 71 2
32 72 69
32 73 57
32 74 55
32 75 70
32 76 75
32 77 23
32 78 36
32 79 15
32 80 61
32 81 1
33 33 0
33 34 0
33 35 0
33 36 0
33 37 89
33 38 21
33 39 41
33 40 87
33 41 71
33 42 35
33 43 77
33 44 64
33 45 10
33 46 64
33 47 67
33 48 98
33 49 53
33 50 69
33 51 8
33 52 70
33 53 99
33 54 23
33 55 14
33 56 19
33 57 17
33 58 8
33 59 4
33 60 42
33 61 81
33 62 57
33 63 98
33 64 73
33 65 3
33 66 82
33 67 98
33 68 25
33 69 16
33 70 53
33 71 97
33 72 51
33 73 23
33 74 89
33 75 26
33 76 32
33 77 40
33 78 74
33 79 66
33 80 26
33 81 62
34 34 0
34 35 0
34 36 0
34 37 52
34 38 60
34 39 86
34 40 9
34 41 43
34 42 48
34 43 92
34 44 66
34 45 71
34 46 95
34 47 68
34 48 85
34 49 73
34 50 59
34 51 81
34 52 24
34 53 97
34 54 15
34 55 35
34 56 41
34 57 8
34 58 69
34 59 82
34 60 48
34 61 33
34 62 64
34 63 93
34 64 73
34 65 38
34 66 64
34 67 15
34 68 29
34 69 90
34 70 37
34 71 79
34 72 70
34 73 48
34 74 46
34 75 33
34 76 79
34 77 100
34 78 71
34 79 33
34 80 85
34 81 87
35 35 0
35 36 0
35 37 6
35 38 80
35 39 24
35 40 36
35 41 43
35 42 43
35 43 82
35 44 57
35 45 92
35 46 53
35 47 55
35 48 33
35 49 100
35 50 77
35 51 60
35 52 36
35 53 83
35 54 40
35 55 37
35 56 44
35 57 46
35 58 56
35 59 45
35 60 53
35 61 75
35 62 98
35 63 67
35 64 100
35 65 49
35 66 69
35 67 23
35 68 55
35 69 21
35 70 5
35 71 65
35 72 70
35 73 22
35 74 38
35 75 39
35 76 88
35 77 46
35 78 73
35 79 90
35 80 26
35 81 33
36 36 0
36 37 26
36 38 91
36 39 32
36 40 87
36 41 97
36 42 95
36 43 86
36 44 39
36 45 35
36 46 68
36 47 49
36 48 5
36 49 84
36 50 2
36 51 31
36 52 93
36 53 32
36 54 70
36 55 45
36 56 63
36 57 6
36 58 8
36 59 83
36 60 9
36 61 85
36 62 50
36 63 56
36 64 83
36 65 19
36 66 32
36 67 57
36 68 49
36 69 56
36 70 74
36 71 93
36 72 93
36 73 65
36 74 92
36 75 79
36 76 1
36 77 86
36 78 9
36 79 35
36 80 98
36 81 100
37 37 0
37 38 0
37 39 0
37 40 0
37 41 0
37 42 0
37 43 0
37 44 0
37 45 0
37 46 0
37 47 0
37 48 0
37 49 0
37 50 93
37 51 70
37 52 17
37 53 88
37 54 60
37 55 94
37 56 18
37 57 96
37 58 31
37 59 61
37 60 81
37 61 78
37 62 23
37 63 74
37 64 76
37 65 59
37 66 98
37 67 56
37 68 20
37 69 46
37 70 12
37 71 12
37 72 38
37 73 37
37 74 68
37 75 34
37 76 49
37 77 73
37 78 45
37 79 77
37 80 55
37 81 9
38 38 0
38 39 0
38 40 0
38 41 0
38 42 0
38 43 0
38 44 0
38 45 0
38 46 0
38 47 0
38 48 0
38 49 0
38 50 63
38 51 29
38 52 19
38 53 40
38 54 13
38 55 65
38 56 46
38 57 48
38 58 26
38 59 13
38 60 81
38 61 52
38 62 96
38 63 47
38 64 91
38 65 45
38 66 94
38 67 12
38 68 62
38 69 27
38 70 24
38 71 87
38 72 41
38 73 50
38 74 40
38 75 32
38 76 2
38 77 2
38 78 85
38 79 52
38 80 29
38 81 87
39 39 0
39 40 0
39 41 0
39 42 0
39 43 0
39 44 0
39 45 0
39 46 0
39 47 0
39 48 0
39 49 0
39 50 42
39 51 72
39 52 53
39 53 76
39 54 82
39 55 38
39 56 85
39 57 96
39 58 91
39 59 42
39 60 61
39 61 9
39 62 83
39 63 51
39 64 12
39 65 81
39 66 31
39 67 47
39 68 7
39 69 45
39 70 59
39 71 13
39 72 64
39 73 77
39 74 61
39 75 14
39 76 70
39 77 12
39 78 10
39 79 62
39 80 45
39 81 40
40 40 0
40 41 0
40 42 0
40 43 0
40 44 0
40 45 0
40 46 0
40 47 0
40 48 0
40 49 0
40 50 9
40 51 46
40 52 4
40 53 29
40 54 65
40 55 15
40 56 88
40 57 94
40 58 9
40 59 63
40 60 22
40 61 91
40 62 49
40 63 61
40 64 58
40 65 61
40 66 19
40 67 81
40 68 82
40 69 72
40 70 50
40 71 76
40 72 74
40 73 41
40 74 36
40 75 37
40 76 30
40 77 17
40 78 32
40 79 3
40 80 4
40 81 5
41 41 0
41 42 0
41 43 0
41 44 0
41 45 0
41 46 0
41 47 0
41 48 0
41 49 0
41 50 93
41 51 28
41 52 98
41 53 66
41 54 54
41 55 51
41 56 36
41 57 97
41 58 45
41 59 37
41 60 20
41 61 68
41 62 85
41 63 9
41 64 57
41 65 40
41 66 98
41 67 55
41 68 56
41 69 44
41 70 5
41 71 72
41 72 86
41 73 73
41 74 15
41 75 14
41 76 6
41 77 55
41 78 78
41 79 6
41 80 47
41 81 65
42 42 0
42 43 0
42 44 0
42 45 0
42 46 0
42 47 0
42 48 0
42 49 0
42 50 78
42 51 72
42 52 9
42 53 50
42 54 58
42 55 80
42 56 17
42 57 56
42 58 66
42 59 90
42 60 85
42 61 95
42 62 34
42 63 20
42 64 22
42 65 68
42 66 20
42 67 63
42 68 55
42 69 50
42 70 66
42 71 85
42 72 91
42 73 48
42 74 84
42 75 78
42 76 48
42 77 11
42 78 24
42 79 74
42 80 37
42 81 34
43 43 0
43 44 0
43 45 0
43 46 0
43 47 0
43 48 0
43 49 0
43 50 87
43 51 38
43 52 92
43 53 36
43 54 77
43 55 32
43 56 57
43 57 57
43 58 78
43 59 7
43 60 47
43 61 77
43 62 57
43 63 27
43 64 81
43 65 97
43 66 65
43 67 81
43 68 16
43 69 75
43 70 33
43 71 7
43 72 69
43 73 37
43 74 83
43 75 54
43 76 72
43 77 58
43 78 2
43 79 39
43 80 8
43 81 83
44 44 0
44 45 0
44 46 0
44 47 0
44 48 0
44 49 0
44 50 56
44 51 84
44 52 11
44 53 71
44 54 85
44 55 52
44 56 87
44 57 60
44 58 62
44 59 95
44 60 88
44 61 33
44 62 23
44 63 87
44 64 79
44 65 84
44 66 23
44 67 56
44 68 68
44 69 91
44 70 94
44 71 17
44 72 97
44 73 42
44 74 25
44 75 17
44 76 84
44 77 89
44 78 40
44 79 75
44 80 17
44 81 19
45 45 0
45 46 0
45 47 0
45 48 0
45 49 0
45 50 87
45 51 41
45 52 75
45 53 4
45 54 37
45 55 27
45 56 90
45 57 97
45 58 3
45 59 93
45 60 21
45 61 95
45 62 95
45 63 13
45 64 24
45 65 74
45 66 4
45 67 29
45 68 15
45 69 90
45 70 84
45 71 74
45 72 79
45 73 41
45 74 55
45 75 72
45 76 28
45 77 64
45 78 100
45 79 60
45 80 58
45 81 60
46 46 0
46 47 0
46 48 0
46 49 0
46 50 31
46 51 62
46 52 60
46 53 54
46 54 6
46 55 87
46 56 19
46 57 28
46 58 37
46 59 4
46 60 6
46 61 56
46 62 18
46 63 65
46 64 75
46 65 7
46 66 40
46 67 51
46 68 42
46 69 7
46 70 81
46 71 16
46 72 34
46 73 66
46 74 48
46 75 74
46 76 74
46 77 67
46 78 70
46 79 77
46 80 92
46 81 2
47 47 0
47 48 0
47 49 0
47 50 15
47 51 73
47 52 5
47 53 51
47 54 62
47 55 89
47 56 91
47 57 5
47 58 57
47 59 54
47 60 56
47 61 27
47 62 2
47 63 31
47 64 62
47 65 40
47 66 41
47 67 72
47 68 85
47 69 37
47 70 38
47 71 93
47 72 45
47 73 24
47 74 23
47 75 58
47 76 48
47 77 85
47 78 75
47 79 17
47 80 61
47 81 49
48 48 0
48 49 0
48 50 5
48 51 1
48 52 86
48 53 79
48 54 74
48 55 66
48 56 63
48 57 18
48 58 69
48 59 90
48 60 2
48 61 70
48 62 59
48 63 65
48 64 93
48 65 11
48 66 74
48 67 48
48 68 44
48 69 13
48 70 36
48 71 91
48 72 65
48 73 98
48 74 86
48 75 59
48 76 32
48 77 85
48 78 84
48 79 28
48 80 56
48 81 29
49 49 0
49 50 75
49 51 76
49 52 100
49 53 54
49 54 97
49 55 5
49 56 66
49 57 32
49 58 42
49 59 26
49 60 14
49 61 81
49 62 92
49 63 12
49 64 78
49 65 75
49 66 79
49 67 94
49 68 73
49 69 69
49 70 34
49 71 79
49 72 59
49 73 76
49 74 30
49 75 12
49 76 58
49 77 99
49 78 47
49 79 1
49 80 39
49 81 7
50 50 0
50 51 0
50 52 0
50 53 0
50 54 0
50 55 0
50 56 0
50 57 0
50 58 0
50 59 0
50 60 0
50 61 0
50 62 0
50 63 0
50 64 0
50 65 0
50 66 0
50 67 0
50 68 0
50 69 0
50 70 0
50 71 69
50 72 34
50 73 93
50 74 73
50 75 12
50 76 4
50 77 51
50 78 90
50 79 25
50 80 80
50 81 43
51 51 0
51 52 0
51 53 0
51 54 0
51 55 0
51 56 0
51 57 0
51 58 0
51 59 0
51 60 0
51 61 0
51 62 0
51 63 0
51 64 0
51 65 0
51 66 0
51 67 0
51 68 0
51 69 0
51 70 0
51 71 51
51 72 71
51 73 95
51 74 6
51 75 66
51 76 76
51 77 45
51 78 90
51 79 36
51 80 1
51 81 53
52 52 0
52 53 0
52 54 0
52 55 0
52 56 0
52 57 0
52 58 0
52 59 0
52 60 0
52 61 0
52 62 0
52 63 0
52 64 0
52 65 0
52 66 0
52 67 0
52 68 0
52 69 0
52 70 0
52 71 47
52 72 26
52 73 14
52 74 53
52 75 4
52 76 32
52 77 79
52 78 27
52 79 98
52 80 97
52 81 72
53 53 0
53 54 0
53 55 0
53 56 0
53 57 0
53 58 0
53 59 0
53 60 0
53 61 0
53 62 0
53 63 0
53 64 0
53 65 0
53 66 0
53 67 0
53 68 0
53 69 0
53 70 0
53 71 12
53 72 74
53 73 58
53 74 80
53 75 44
53 76 19
53 77 94
53 78 78
53 79 4
53 80 71
53 81 79
54 54 0
54 55 0
54 56 0
54 57 0
54 58 0
54 59 0
54 60 0
54 61 0
54 62 0
54 63 0
54 64 0
54 65 0
54 66 0
54 67 0
54 68 0
54 69 0
54 70 0
54 71 1
54 72 71
54 73 90
54 74 92
54 75 49
54 76 8
54 77 14
54 78 35
54 79 3
54 80 97
54 81 99
55 55 0
55 56 0
55 57 0
55 58 0
55 59 0
55 60 0
55 61 0
55 62 0
55 63 0
55 64 0
55 65 0
55 66 0
55 67 0
55 68 0
55 69 0
55 70 0
55 71 22
55 72 61
55 73 29
55 74 20
55 75 21
55 76 68
55 77 46
55 78 76
55 79 74
55 80 43
55 81 57
56 56 0
56 57 0
56 58 0
56 59 0
56 60 0
56 61 0
56 62 0
56 63 0
56 64 0
56 65 0
56 66 0
56 67 0
56 68 0
56 69 0
56 70 0
56 71 30
56 72 25
56 73 9
56 74 35
56 75 58
56 76 63
56 77 92
56 78 68
56 79 55
56 80 47
56 81 77
57 57 0
57 58 0
57 59 0
57 60 0
57 61 0
57 62 0
57 63 0
57 64 0
57 65 0
57 66 0
57 67 0
57 68 0
57 69 0
57 70 0
57 71 58
57 72 7
57 73 52
57 74 84
57 75 21
57 76 100
57 77 15
57 78 87
57 79 78
57 80 94
57 81 88
58 58 0
58 59 0
58 60 0
58 61 0
58 62 0
58 63 0
58 64 0
58 65 0
58 66 0
58 67 0
58 68 0
58 69 0
58 70 0
58 71 59
58 72 27
58 73 34
58 74 55
58 75 12
58 76 66
58 77 44
58 78 26
58 79 15
58 80 94
58 81 13
59 59 0
59 60 0
59 61 0
59 62 0
59 63 0
59 64 0
59 65 0
59 66 0
59 67 0
59 68 0
59 69 0
59 70 0
59 71 66
59 72 14
59 73 15
59 74 97
59 75 28
59 76 15
59 77 64
59 78 100
59 79 37
59 80 18
59 81 52
60 60 0
60 61 0
60 62 0
60 63 0
60 64 0
60 65 0
60 66 0
60 67 0
60 68 0
60 69 0
60 70 0
60 71 69
60 72 21
60 73 84
60 74 34
60 75 78
60 76 98
60 77 54
60 78 63
60 79 91
60 80 93
60 81 44
61 61 0
61 62 0
61 63 0
61 64 0
61 65 0
61 66 0
61 67 0
61 68 0
61 69 0
61 70 0
61 71 67
61 72 75
61 73 58
61 74 59
61 75 79
61 76 68
61 77 89
61 78 86
61 79 18
61 80 28
61 81 52
62 62 0
62 63 0
62 64 0
62 65 0
62 66 0
62 67 0
62 68 0
62 69 0
62 70 0
62 71 96
62 72 13
62 73 40
62 74 61
62 75 31
62 76 1
62 77 29
62 78 14
62 79 44
62 80 37
62 81 51
63 63 0
63 64 0
63 65 0
63 66 0
63 67 0
63 68 0
63 69 0
63 70 0
63 71 76
63 72 39
63 73 66
63 74 22
63 75 60
63 76 32
63 77 72
63 78 49
63 79 55
63 80 44
63 81 33
64 64 0
64 65 0
64 66 0
64 67 0
64 68 0
64 69 0
64 70 0
64 71 45
64 72 14
64 73 34
64 74 89
64 75 62
64 76 68
64 77 21
64 78 5
64 79 58
64 80 16
64 81 55
65 65 0
65 66 0
65 67 0
65 68 0
65 69 0
65 70 0
65 71 85
65 72 78
65 73 34
65 74 32
65 75 30
65 76 3
65 77 65
65 78 73
65 79 5
65 80 78
65 81 87
66 66 0
66 67 0
66 68 0
66 69 0
66 70 0
66 71 60
66 72 86
66 73 87
66 74 78
66 75 84
66 76 88
66 77 5
66 78 40
66 79 99
66 80 10
66 81 22
67 67 0
67 68 0
67 69 0
67 70 0
67 71 86
67 72 76
67 73 52
67 74 27
67 75 57
67 76 5
67 77 100
67 78 55
67 79 30
67 80 70
67 81 4
68 68 0
68 69 0
68 70 0
68 71 93
68 72 72
68 73 58
68 74 36
68 75 44
68 76 19
68 77 42
68 78 100
68 79 50
68 80 20
68 81 35
69 69 0
69 70 0
69 71 84
69 72 17
69 73 92
69 74 31
69 75 1
69 76 39
69 77 3
69 78 1
69 79 38
69 80 78
69 81 67
70 70 0
70 71 66
70 72 71
70 73 67
70 74 30
70 75 20
70 76 46
70 77 91
70 78 29
70 79 33
70 80 7
70 81 95
71 71 0
71 72 0
71 73 0
71 74 0
71 75 0
71 76 0
71 77 0
71 78 0
71 79 0
71 80 0
71 81 0
72 72 0
72 73 0
72 74 0
72 75 0
72 76 0
72 77 0
72 78 0
72 79 0
72 80 0
72 81 0
73 73 0
73 74 0
73 75 0
73 76 0
73 77 0
73 78 0
73 79 0
73 80 0
73 81 0
74 74 0
74 75 0
74 76 0
74 77 0
74 78 0
74 79 0
74 80 0
74 81 0
75 75 0
75 76 0
75 77 0
75 78 0
75 79 0
75 80 0
75 81 0
76 76 0
76 77 0
76 78 0
76 79 0
76 80 0
76 81 0
77 77 0
77 78 0
77 79 0
77 80 0
77 81 0
78 78 0
78 79 0
78 80 0
78 81 0
79 79 0
79 80 0
79 81 0
80 80 0
80 81 0
81 81 0
