5
9
2
9
3
5
0 0 0
0 1 0
0 2 0
0 3 0
0 4 0
0 5 0
0 6 0
0 7 0
0 8 0
0 9 100
0 10 96
0 11 100
0 12 102
0 13 103
0 14 102
0 15 101
0 16 103
0 17 103
0 18 99
0 19 100
0 20 99
0 21 102
0 22 98
0 23 98
0 24 101
0 25 99
0 26 99
0 27 101
1 1 0
1 2 0
1 3 0
1 4 0
1 5 0
1 6 0
1 7 0
1 8 0
1 9 99
1 10 100
1 11 102
1 12 98
1 13 97
1 14 100
1 15 98
1 16 99
1 17 100
1 18 102
1 19 103
1 20 100
1 21 103
1 22 100
1 23 97
1 24 102
1 25 103
1 26 99
1 27 102
2 2 0
2 3 0
2 4 0
2 5 0
2 6 0
2 7 0
2 8 0
2 9 100
2 10 98
2 11 100
2 12 100
2 13 102
2 14 99
2 15 101
2 16 99
2 17 101
2 18 101
2 19 99
2 20 101
2 21 99
2 22 98
2 23 102
2 24 100
2 25 101
2 26 99
2 27 101
3 3 0
3 4 0
3 5 0
3 6 0
3 7 0
3 8 0
3 9 100
3 10 102
3 11 102
3 12 99
3 13 100
3 14 98
3 15 100
3 16 99
3 17 100
3 18 98
3 19 100
3 20 99
3 21 101
3 22 99
3 23 97
3 24 103
3 25 97
3 26 98
3 27 101
4 4 0
4 5 0
4 6 0
4 7 0
4 8 0
4 9 102
4 10 97
4 11 102
4 12 98
4 13 104
4 14 102
4 15 101
4 16 100
4 17 103
4 18 103
4 19 104
4 20 99
4 21 103
4 22 104
4 23 97
4 24 101
4 25 99
4 26 103
4 27 102
5 5 0
5 6 0
5 7 0
5 8 0
5 9 100
5 10 103
5 11 101
5 12 100
5 13 100
5 14 100
5 15 96
5 16 101
5 17 102
5 18 101
5 19 99
5 20 102
5 21 102
5 22 105
5 23 100
5 24 102
5 25 99
5 26 99
5 27 100
6 6 0
6 7 0
6 8 0
6 9 98
6 10 103
6 11 100
6 12 104
6 13 99
6 14 97
6 15 97
6 16 100
6 17 103
6 18 99
6 19 102
6 20 98
6 21 103
6 22 99
6 23 99
6 24 100
6 25 101
6 26 100
6 27 99
7 7 0
7 8 0
7 9 101
7 10 96
7 11 102
7 12 99
7 13 99
7 14 101
7 15 97
7 16 102
7 17 101
7 18 99
7 19 100
7 20 101
7 21 99
7 22 98
7 23 95
7 24 101
7 25 98
7 26 105
7 27 103
8 8 0
8 9 98
8 10 101
8 11 99
8 12 99
8 13 98
8 14 99
8 15 102
8 16 97
8 17 101
8 18 101
8 19 95
8 20 103
8 21 100
8 22 97
8 23 105
8 24 99
8 25 98
8 26 99
8 27 103
9 9 0
9 10 0
9 11 99
9 12 99
9 13 101
9 14 100
9 15 102
9 16 105
9 17 100
9 18 101
9 19 103
9 20 103
9 21 97
9 22 103
9 23 101
9 24 100
9 25 101
9 26 99
9 27 97
10 10 0
10 11 98
10 12 98
10 13 99
10 14 104
10 15 100
10 16 101
10 17 103
10 18 99
10 19 93
10 20 99
10 21 99
10 22 101
10 23 101
10 24 99
10 25 100
10 26 99
10 27 99
11 11 0
11 12 0
11 13 0
11 14 0
11 15 0
11 16 0
11 17 0
11 18 0
11 19 0
11 20 101
11 21 105
11 22 100
11 23 103
11 24 100
11 25 99
11 26 102
11 27 102
12 12 0
12 13 0
12 14 0
12 15 0
12 16 0
12 17 0
12 18 0
12 19 0
12 20 102
12 21 96
12 22 100
12 23 101
12 24 101
12 25 103
12 26 100
12 27 101
13 13 0
13 14 0
13 15 0
13 16 0
13 17 0
13 18 0
13 19 0
13 20 97
13 21 102
13 22 100
13 23 101
13 24 99
13 25 101
13 26 101
13 27 98
14 14 0
14 15 0
14 16 0
14 17 0
14 18 0
14 19 0
14 20 101
14 21 97
14 22 99
14 23 100
14 24 98
14 25 98
14 26 102
14 27 95
15 15 0
15 16 0
15 17 0
15 18 0
15 19 0
15 20 99
15 21 98
15 22 103
15 23 96
15 24 102
15 25 100
15 26 100
15 27 100
16 16 0
16 17 0
16 18 0
16 19 0
16 20 98
16 21 103
16 22 101
16 23 103
16 24 100
16 25 101
16 26 101
16 27 96
17 17 0
17 18 0
17 19 0
17 20 100
17 21 98
17 22 104
17 23 100
17 24 101
17 25 104
17 26 99
17 27 101
18 18 0
18 19 0
18 20 98
18 21 98
18 22 104
18 23 96
18 24 101
18 25 97
18 26 104
18 27 104
19 19 0
19 20 97
19 21 98
19 22 101
19 23 98
19 24 100
19 25 103
19 26 102
19 27 99
20 20 0
20 21 0
20 22 0
20 23 99
20 24 97
20 25 104
20 26 99
20 27 98
21 21 0
21 22 0
21 23 102
21 24 104
21 25 100
21 26 101
21 27 100
22 22 0
22 23 97
22 24 97
22 25 99
22 26 103
22 27 99
23 23 0
23 24 0
23 25 0
23 26 0
23 27 0
24 24 0
24 25 0
24 26 0
24 27 0
25 25 0
25 26 0
25 27 0
26 26 0
26 27 0
27 27 0
