20
10
8
6
9
6
10
5
2
9
3
9
3
5
7
2
3
2
5
7
6
0 0 0
0 1 0
0 2 0
0 3 0
0 4 0
0 5 0
0 6 0
0 7 0
0 8 0
0 9 0
0 10 74
0 11 83
0 12 92
0 13 94
0 14 89
0 15 9
0 16 36
0 17 4
0 18 2
0 19 30
0 20 87
0 21 68
0 22 68
0 23 81
0 24 33
0 25 49
0 26 83
0 27 34
0 28 67
0 29 42
0 30 49
0 31 91
0 32 30
0 33 8
0 34 73
0 35 7
0 36 70
0 37 14
0 38 11
0 39 95
0 40 54
0 41 95
0 42 43
0 43 39
0 44 63
0 45 2
0 46 50
0 47 25
0 48 65
0 49 3
0 50 89
0 51 40
0 52 8
0 53 74
0 54 23
0 55 90
0 56 50
0 57 54
0 58 60
0 59 33
0 60 90
0 61 17
0 62 4
0 63 9
0 64 91
0 65 87
0 66 2
0 67 54
0 68 19
0 69 63
0 70 44
0 71 63
0 72 33
0 73 81
0 74 94
0 75 71
0 76 99
0 77 63
0 78 51
0 79 18
0 80 98
0 81 27
0 82 92
0 83 44
0 84 35
0 85 38
0 86 16
0 87 14
0 88 76
0 89 93
0 90 94
0 91 82
0 92 71
0 93 8
0 94 27
0 95 37
0 96 92
0 97 5
0 98 4
0 99 73
0 100 82
0 101 93
0 102 70
0 103 95
0 104 51
0 105 43
0 106 56
0 107 74
0 108 99
0 109 82
0 110 90
0 111 100
0 112 14
0 113 92
0 114 10
0 115 2
0 116 12
1 1 0
1 2 0
1 3 0
1 4 0
1 5 0
1 6 0
1 7 0
1 8 0
1 9 0
1 10 73
1 11 65
1 12 37
1 13 95
1 14 29
1 15 54
1 16 9
1 17 14
1 18 84
1 19 5
1 20 46
1 21 68
1 22 36
1 23 3
1 24 24
1 25 84
1 26 50
1 27 22
1 28 93
1 29 58
1 30 17
1 31 1
1 32 30
1 33 11
1 34 29
1 35 68
1 36 49
1 37 21
1 38 67
1 39 39
1 40 75
1 41 42
1 42 73
1 43 52
1 44 90
1 45 43
1 46 38
1 47 60
1 48 67
1 49 36
1 50 89
1 51 6
1 52 24
1 53 41
1 54 41
1 55 77
1 56 53
1 57 34
1 58 64
1 59 61
1 60 24
1 61 46
1 62 84
1 63 35
1 64 62
1 65 6
1 66 39
1 67 60
1 68 16
1 69 77
1 70 77
1 71 96
1 72 39
1 73 10
1 74 44
1 75 76
1 76 80
1 77 94
1 78 65
1 79 18
1 80 42
1 81 66
1 82 32
1 83 9
1 84 34
1 85 56
1 86 19
1 87 30
1 88 24
1 89 62
1 90 3
1 91 11
1 92 78
1 93 70
1 94 76
1 95 35
1 96 47
1 97 42
1 98 40
1 99 94
1 100 39
1 101 5
1 102 100
1 103 73
1 104 2
1 105 78
1 106 57
1 107 56
1 108 96
1 109 83
1 110 88
1 111 81
1 112 83
1 113 95
1 114 60
1 115 50
1 116 41
2 2 0
2 3 0
2 4 0
2 5 0
2 6 0
2 7 0
2 8 0
2 9 0
2 10 6
2 11 11
2 12 99
2 13 53
2 14 82
2 15 36
2 16 78
2 17 7
2 18 48
2 19 2
2 20 2
2 21 77
2 22 3
2 23 11
2 24 8
2 25 3
2 26 6
2 27 1
2 28 67
2 29 55
2 30 79
2 31 85
2 32 95
2 33 39
2 34 21
2 35 83
2 36 12
2 37 21
2 38 38
2 39 79
2 40 14
2 41 70
2 42 10
2 43 51
2 44 46
2 45 45
2 46 60
2 47 61
2 48 99
2 49 90
2 50 16
2 51 10
2 52 39
2 53 8
2 54 35
2 55 79
2 56 22
2 57 87
2 58 88
2 59 95
2 60 78
2 61 55
2 62 25
2 63 4
2 64 31
2 65 89
2 66 32
2 67 15
2 68 59
2 69 48
2 70 88
2 71 46
2 72 84
2 73 46
2 74 98
2 75 20
2 76 40
2 77 24
2 78 96
2 79 45
2 80 31
2 81 91
2 82 36
2 83 2
2 84 85
2 85 36
2 86 37
2 87 71
2 88 41
2 89 38
2 90 92
2 91 93
2 92 16
2 93 54
2 94 78
2 95 2
2 96 94
2 97 49
2 98 52
2 99 95
2 100 67
2 101 61
2 102 92
2 103 16
2 104 6
2 105 55
2 106 55
2 107 1
2 108 17
2 109 71
2 110 44
2 111 40
2 112 94
2 113 20
2 114 64
2 115 80
2 116 86
3 3 0
3 4 0
3 5 0
3 6 0
3 7 0
3 8 0
3 9 0
3 10 72
3 11 22
3 12 52
3 13 45
3 14 40
3 15 42
3 16 21
3 17 66
3 18 87
3 19 39
3 20 39
3 21 16
3 22 6
3 23 1
3 24 98
3 25 39
3 26 88
3 27 35
3 28 77
3 29 23
3 30 88
3 31 59
3 32 28
3 33 7
3 34 48
3 35 36
3 36 92
3 37 92
3 38 58
3 39 5
3 40 69
3 41 14
3 42 26
3 43 44
3 44 80
3 45 94
3 46 63
3 47 73
3 48 70
3 49 41
3 50 29
3 51 13
3 52 34
3 53 20
3 54 53
3 55 28
3 56 49
3 57 71
3 58 22
3 59 100
3 60 83
3 61 12
3 62 100
3 63 96
3 64 40
3 65 74
3 66 44
3 67 52
3 68 45
3 69 6
3 70 3
3 71 25
3 72 48
3 73 95
3 74 30
3 75 67
3 76 81
3 77 3
3 78 51
3 79 27
3 80 50
3 81 97
3 82 56
3 83 64
3 84 24
3 85 46
3 86 48
3 87 74
3 88 7
3 89 85
3 90 96
3 91 86
3 92 6
3 93 87
3 94 71
3 95 26
3 96 1
3 97 14
3 98 69
3 99 96
3 100 81
3 101 46
3 102 72
3 103 90
3 104 42
3 105 16
3 106 61
3 107 27
3 108 76
3 109 8
3 110 86
3 111 75
3 112 47
3 113 40
3 114 46
3 115 8
3 116 6
4 4 0
4 5 0
4 6 0
4 7 0
4 8 0
4 9 0
4 10 82
4 11 56
4 12 55
4 13 27
4 14 51
4 15 1
4 16 38
4 17 95
4 18 36
4 19 39
4 20 14
4 21 13
4 22 55
4 23 93
4 24 9
4 25 40
4 26 66
4 27 13
4 28 67
4 29 87
4 30 44
4 31 33
4 32 2
4 33 42
4 34 25
4 35 25
4 36 44
4 37 9
4 38 44
4 39 86
4 40 83
4 41 85
4 42 87
4 43 86
4 44 43
4 45 96
4 46 66
4 47 83
4 48 45
4 49 44
4 50 94
4 51 34
4 52 45
4 53 82
4 54 88
4 55 75
4 56 9
4 57 23
4 58 3
4 59 5
4 60 57
4 61 63
4 62 73
4 63 85
4 64 8
4 65 72
4 66 28
4 67 62
4 68 39
4 69 40
4 70 41
4 71 93
4 72 89
4 73 39
4 74 87
4 75 11
4 76 25
4 77 66
4 78 3
4 79 26
4 80 27
4 81 4
4 82 100
4 83 29
4 84 19
4 85 55
4 86 27
4 87 2
4 88 4
4 89 96
4 90 22
4 91 34
4 92 90
4 93 21
4 94 65
4 95 7
4 96 88
4 97 10
4 98 8
4 99 81
4 100 84
4 101 9
4 102 77
4 103 78
4 104 75
4 105 31
4 106 96
4 107 37
4 108 30
4 109 16
4 110 34
4 111 23
4 112 92
4 113 27
4 114 79
4 115 95
4 116 77
5 5 0
5 6 0
5 7 0
5 8 0
5 9 0
5 10 92
5 11 61
5 12 5
5 13 8
5 14 43
5 15 87
5 16 15
5 17 30
5 18 70
5 19 86
5 20 14
5 21 81
5 22 8
5 23 10
5 24 53
5 25 33
5 26 54
5 27 23
5 28 13
5 29 88
5 30 93
5 31 27
5 32 58
5 33 74
5 34 20
5 35 23
5 36 16
5 37 79
5 38 99
5 39 69
5 40 80
5 41 37
5 42 78
5 43 90
5 44 60
5 45 57
5 46 41
5 47 8
5 48 78
5 49 100
5 50 91
5 51 71
5 52 91
5 53 12
5 54 49
5 55 76
5 56 28
5 57 89
5 58 81
5 59 49
5 60 50
5 61 19
5 62 38
5 63 63
5 64 11
5 65 5
5 66 16
5 67 35
5 68 88
5 69 71
5 70 100
5 71 75
5 72 76
5 73 68
5 74 72
5 75 2
5 76 30
5 77 35
5 78 8
5 79 34
5 80 46
5 81 5
5 82 63
5 83 48
5 84 31
5 85 63
5 86 57
5 87 99
5 88 22
5 89 94
5 90 88
5 91 55
5 92 74
5 93 36
5 94 1
5 95 9
5 96 74
5 97 59
5 98 23
5 99 76
5 100 37
5 101 65
5 102 49
5 103 49
5 104 61
5 105 54
5 106 32
5 107 41
5 108 52
5 109 29
5 110 98
5 111 73
5 112 74
5 113 75
5 114 16
5 115 88
5 116 88
6 6 0
6 7 0
6 8 0
6 9 0
6 10 90
6 11 30
6 12 77
6 13 54
6 14 55
6 15 16
6 16 9
6 17 47
6 18 35
6 19 23
6 20 20
6 21 50
6 22 99
6 23 9
6 24 3
6 25 79
6 26 35
6 27 57
6 28 44
6 29 51
6 30 55
6 31 8
6 32 9
6 33 78
6 34 42
6 35 5
6 36 74
6 37 5
6 38 68
6 39 92
6 40 48
6 41 39
6 42 34
6 43 91
6 44 17
6 45 64
6 46 40
6 47 75
6 48 36
6 49 28
6 50 63
6 51 61
6 52 43
6 53 18
6 54 53
6 55 14
6 56 80
6 57 92
6 58 16
6 59 24
6 60 60
6 61 65
6 62 38
6 63 59
6 64 62
6 65 80
6 66 37
6 67 95
6 68 25
6 69 35
6 70 44
6 71 94
6 72 63
6 73 10
6 74 94
6 75 14
6 76 22
6 77 44
6 78 5
6 79 30
6 80 6
6 81 77
6 82 34
6 83 37
6 84 71
6 85 37
6 86 41
6 87 60
6 88 54
6 89 68
6 90 22
6 91 100
6 92 44
6 93 39
6 94 9
6 95 36
6 96 2
6 97 42
6 98 27
6 99 2
6 100 51
6 101 53
6 102 42
6 103 65
6 104 7
6 105 37
6 106 9
6 107 44
6 108 76
6 109 49
6 110 91
6 111 70
6 112 31
6 113 27
6 114 60
6 115 55
6 116 16
7 7 0
7 8 0
7 9 0
7 10 54
7 11 69
7 12 4
7 13 25
7 14 73
7 15 11
7 16 25
7 17 13
7 18 45
7 19 65
7 20 2
7 21 33
7 22 84
7 23 20
7 24 3
7 25 17
7 26 39
7 27 10
7 28 12
7 29 91
7 30 1
7 31 63
7 32 63
7 33 76
7 34 16
7 35 63
7 36 72
7 37 67
7 38 44
7 39 15
7 40 71
7 41 39
7 42 8
7 43 55
7 44 39
7 45 2
7 46 19
7 47 9
7 48 12
7 49 7
7 50 4
7 51 59
7 52 4
7 53 44
7 54 69
7 55 22
7 56 76
7 57 18
7 58 100
7 59 92
7 60 84
7 61 88
7 62 98
7 63 69
7 64 84
7 65 93
7 66 31
7 67 27
7 68 2
7 69 34
7 70 16
7 71 49
7 72 20
7 73 41
7 74 13
7 75 10
7 76 38
7 77 13
7 78 100
7 79 97
7 80 53
7 81 48
7 82 33
7 83 28
7 84 20
7 85 33
7 86 48
7 87 76
7 88 83
7 89 27
7 90 15
7 91 28
7 92 43
7 93 13
7 94 4
7 95 50
7 96 71
7 97 89
7 98 86
7 99 97
7 100 53
7 101 93
7 102 46
7 103 20
7 104 42
7 105 38
7 106 5
7 107 37
7 108 57
7 109 9
7 110 59
7 111 26
7 112 90
7 113 28
7 114 67
7 115 94
7 116 90
8 8 0
8 9 0
8 10 45
8 11 74
8 12 1
8 13 10
8 14 87
8 15 71
8 16 31
8 17 37
8 18 55
8 19 76
8 20 52
8 21 46
8 22 17
8 23 31
8 24 37
8 25 13
8 26 84
8 27 30
8 28 72
8 29 35
8 30 36
8 31 17
8 32 10
8 33 58
8 34 61
8 35 60
8 36 27
8 37 77
8 38 5
8 39 19
8 40 32
8 41 56
8 42 56
8 43 83
8 44 92
8 45 55
8 46 93
8 47 72
8 48 69
8 49 46
8 50 24
8 51 7
8 52 14
8 53 45
8 54 74
8 55 34
8 56 33
8 57 6
8 58 88
8 59 37
8 60 77
8 61 3
8 62 72
8 63 14
8 64 45
8 65 71
8 66 19
8 67 44
8 68 80
8 69 69
8 70 84
8 71 65
8 72 90
8 73 36
8 74 17
8 75 25
8 76 23
8 77 13
8 78 64
8 79 54
8 80 25
8 81 51
8 82 16
8 83 39
8 84 64
8 85 32
8 86 94
8 87 36
8 88 35
8 89 90
8 90 56
8 91 60
8 92 60
8 93 64
8 94 90
8 95 62
8 96 76
8 97 14
8 98 38
8 99 29
8 100 78
8 101 34
8 102 11
8 103 23
8 104 67
8 105 28
8 106 26
8 107 68
8 108 51
8 109 42
8 110 96
8 111 72
8 112 88
8 113 93
8 114 40
8 115 43
8 116 45
9 9 0
9 10 98
9 11 29
9 12 8
9 13 61
9 14 73
9 15 40
9 16 45
9 17 15
9 18 15
9 19 5
9 20 98
9 21 81
9 22 83
9 23 55
9 24 16
9 25 19
9 26 75
9 27 83
9 28 95
9 29 45
9 30 57
9 31 75
9 32 63
9 33 67
9 34 96
9 35 31
9 36 74
9 37 54
9 38 41
9 39 46
9 40 1
9 41 76
9 42 88
9 43 60
9 44 34
9 45 98
9 46 13
9 47 79
9 48 82
9 49 70
9 50 93
9 51 31
9 52 59
9 53 97
9 54 100
9 55 97
9 56 40
9 57 26
9 58 32
9 59 52
9 60 19
9 61 64
9 62 28
9 63 18
9 64 82
9 65 31
9 66 69
9 67 1
9 68 32
9 69 56
9 70 42
9 71 21
9 72 57
9 73 96
9 74 41
9 75 92
9 76 70
9 77 86
9 78 99
9 79 13
9 80 73
9 81 67
9 82 73
9 83 79
9 84 49
9 85 80
9 86 74
9 87 69
9 88 34
9 89 16
9 90 74
9 91 8
9 92 3
9 93 69
9 94 94
9 95 36
9 96 6
9 97 94
9 98 73
9 99 89
9 100 9
9 101 9
9 102 11
9 103 88
9 104 61
9 105 16
9 106 99
9 107 63
9 108 35
9 109 49
9 110 36
9 111 16
9 112 62
9 113 76
9 114 11
9 115 18
9 116 77
10 10 0
10 11 0
10 12 0
10 13 0
10 14 0
10 15 0
10 16 0
10 17 0
10 18 14
10 19 66
10 20 74
10 21 78
10 22 86
10 23 78
10 24 30
10 25 100
10 26 68
10 27 71
10 28 94
10 29 74
10 30 75
10 31 5
10 32 49
10 33 71
10 34 4
10 35 70
10 36 10
10 37 62
10 38 56
10 39 83
10 40 28
10 41 85
10 42 19
10 43 37
10 44 66
10 45 78
10 46 74
10 47 71
10 48 70
10 49 64
10 50 18
10 51 86
10 52 83
10 53 60
10 54 22
10 55 64
10 56 76
10 57 27
10 58 57
10 59 94
10 60 38
10 61 84
10 62 28
10 63 77
10 64 38
10 65 61
10 66 42
10 67 53
10 68 85
10 69 70
10 70 65
10 71 14
10 72 27
10 73 14
10 74 33
10 75 94
10 76 31
10 77 79
10 78 27
10 79 89
10 80 61
10 81 54
10 82 11
10 83 57
10 84 52
10 85 65
10 86 79
10 87 1
10 88 27
10 89 26
10 90 98
10 91 31
10 92 64
10 93 10
10 94 62
10 95 4
10 96 29
10 97 62
10 98 33
10 99 18
10 100 1
10 101 42
10 102 50
10 103 46
10 104 67
10 105 68
10 106 97
10 107 13
10 108 35
10 109 55
10 110 82
10 111 32
10 112 23
10 113 44
10 114 79
10 115 99
10 116 2
11 11 0
11 12 0
11 13 0
11 14 0
11 15 0
11 16 0
11 17 0
11 18 14
11 19 97
11 20 78
11 21 52
11 22 86
11 23 65
11 24 1
11 25 86
11 26 90
11 27 59
11 28 81
11 29 100
11 30 21
11 31 31
11 32 84
11 33 54
11 34 74
11 35 86
11 36 8
11 37 52
11 38 73
11 39 96
11 40 43
11 41 72
11 42 76
11 43 43
11 44 99
11 45 31
11 46 10
11 47 17
11 48 61
11 49 63
11 50 66
11 51 37
11 52 97
11 53 97
11 54 65
11 55 51
11 56 96
11 57 32
11 58 38
11 59 44
11 60 64
11 61 24
11 62 43
11 63 35
11 64 5
11 65 72
11 66 26
11 67 9
11 68 94
11 69 27
11 70 20
11 71 16
11 72 53
11 73 65
11 74 93
11 75 24
11 76 82
11 77 64
11 78 80
11 79 1
11 80 49
11 81 96
11 82 57
11 83 7
11 84 48
11 85 47
11 86 17
11 87 82
11 88 41
11 89 93
11 90 68
11 91 61
11 92 77
11 93 31
11 94 7
11 95 69
11 96 87
11 97 90
11 98 92
11 99 97
11 100 97
11 101 19
11 102 20
11 103 59
11 104 16
11 105 95
11 106 16
11 107 78
11 108 40
11 109 64
11 110 37
11 111 42
11 112 77
11 113 30
11 114 34
11 115 59
11 116 62
12 12 0
12 13 0
12 14 0
12 15 0
12 16 0
12 17 0
12 18 83
12 19 2
12 20 24
12 21 80
12 22 32
12 23 4
12 24 52
12 25 32
12 26 91
12 27 7
12 28 28
12 29 42
12 30 35
12 31 86
12 32 89
12 33 39
12 34 93
12 35 10
12 36 96
12 37 21
12 38 62
12 39 63
12 40 59
12 41 20
12 42 16
12 43 33
12 44 7
12 45 43
12 46 38
12 47 22
12 48 47
12 49 36
12 50 62
12 51 72
12 52 62
12 53 43
12 54 21
12 55 22
12 56 82
12 57 30
12 58 18
12 59 21
12 60 57
12 61 7
12 62 98
12 63 51
12 64 25
12 65 86
12 66 6
12 67 33
12 68 27
12 69 99
12 70 66
12 71 42
12 72 7
12 73 31
12 74 48
12 75 14
12 76 18
12 77 92
12 78 85
12 79 66
12 80 65
12 81 63
12 82 62
12 83 94
12 84 11
12 85 60
12 86 94
12 87 82
12 88 38
12 89 17
12 90 87
12 91 88
12 92 90
12 93 18
12 94 21
12 95 100
12 96 56
12 97 1
12 98 65
12 99 56
12 100 81
12 101 3
12 102 22
12 103 33
12 104 56
12 105 24
12 106 11
12 107 26
12 108 48
12 109 79
12 110 68
12 111 59
12 112 92
12 113 93
12 114 38
12 115 61
12 116 81
13 13 0
13 14 0
13 15 0
13 16 0
13 17 0
13 18 30
13 19 96
13 20 2
13 21 28
13 22 39
13 23 15
13 24 43
13 25 86
13 26 4
13 27 7
13 28 27
13 29 78
13 30 56
13 31 66
13 32 33
13 33 6
13 34 76
13 35 28
13 36 71
13 37 30
13 38 53
13 39 76
13 40 35
13 41 56
13 42 93
13 43 73
13 44 17
13 45 2
13 46 39
13 47 29
13 48 56
13 49 40
13 50 29
13 51 43
13 52 86
13 53 86
13 54 33
13 55 6
13 56 38
13 57 82
13 58 52
13 59 55
13 60 71
13 61 14
13 62 56
13 63 90
13 64 71
13 65 96
13 66 39
13 67 22
13 68 24
13 69 83
13 70 2
13 71 87
13 72 71
13 73 86
13 74 18
13 75 78
13 76 63
13 77 95
13 78 39
13 79 74
13 80 18
13 81 94
13 82 14
13 83 80
13 84 92
13 85 79
13 86 95
13 87 9
13 88 37
13 89 12
13 90 59
13 91 11
13 92 11
13 93 21
13 94 67
13 95 60
13 96 35
13 97 69
13 98 89
13 99 26
13 100 49
13 101 58
13 102 56
13 103 40
13 104 12
13 105 95
13 106 11
13 107 94
13 108 73
13 109 6
13 110 72
13 111 51
13 112 32
13 113 61
13 114 66
13 115 7
13 116 22
14 14 0
14 15 0
14 16 0
14 17 0
14 18 21
14 19 57
14 20 95
14 21 16
14 22 8
14 23 72
14 24 80
14 25 94
14 26 63
14 27 13
14 28 91
14 29 62
14 30 32
14 31 21
14 32 97
14 33 52
14 34 95
14 35 92
14 36 17
14 37 97
14 38 45
14 39 3
14 40 25
14 41 96
14 42 21
14 43 9
14 44 72
14 45 55
14 46 85
14 47 94
14 48 97
14 49 66
14 50 67
14 51 88
14 52 81
14 53 96
14 54 47
14 55 84
14 56 18
14 57 21
14 58 76
14 59 24
14 60 79
14 61 39
14 62 99
14 63 12
14 64 100
14 65 98
14 66 86
14 67 32
14 68 40
14 69 62
14 70 62
14 71 64
14 72 58
14 73 50
14 74 4
14 75 13
14 76 44
14 77 57
14 78 39
14 79 59
14 80 13
14 81 100
14 82 37
14 83 38
14 84 41
14 85 19
14 86 27
14 87 99
14 88 35
14 89 54
14 90 86
14 91 77
14 92 9
14 93 93
14 94 46
14 95 49
14 96 38
14 97 67
14 98 46
14 99 5
14 100 57
14 101 48
14 102 27
14 103 28
14 104 88
14 105 58
14 106 61
14 107 83
14 108 84
14 109 33
14 110 29
14 111 37
14 112 45
14 113 37
14 114 20
14 115 67
14 116 56
15 15 0
15 16 0
15 17 0
15 18 25
15 19 23
15 20 61
15 21 52
15 22 14
15 23 4
15 24 73
15 25 7
15 26 62
15 27 69
15 28 33
15 29 38
15 30 53
15 31 1
15 32 26
15 33 91
15 34 56
15 35 78
15 36 47
15 37 36
15 38 15
15 39 5
15 40 32
15 41 88
15 42 64
15 43 7
15 44 83
15 45 23
15 46 91
15 47 39
15 48 3
15 49 57
15 50 98
15 51 92
15 52 76
15 53 44
15 54 43
15 55 17
15 56 13
15 57 31
15 58 67
15 59 26
15 60 68
15 61 17
15 62 3
15 63 34
15 64 25
15 65 68
15 66 64
15 67 86
15 68 47
15 69 13
15 70 47
15 71 61
15 72 9
15 73 90
15 74 89
15 75 70
15 76 30
15 77 74
15 78 96
15 79 25
15 80 92
15 81 36
15 82 93
15 83 31
15 84 58
15 85 20
15 86 46
15 87 45
15 88 74
15 89 43
15 90 72
15 91 68
15 92 72
15 93 9
15 94 25
15 95 73
15 96 89
15 97 48
15 98 33
15 99 61
15 100 76
15 101 61
15 102 62
15 103 98
15 104 93
15 105 28
15 106 10
15 107 6
15 108 84
15 109 66
15 110 98
15 111 42
15 112 45
15 113 27
15 114 24
15 115 88
15 116 18
16 16 0
16 17 0
16 18 73
16 19 48
16 20 88
16 21 59
16 22 67
16 23 27
16 24 60
16 25 96
16 26 64
16 27 70
16 28 41
16 29 8
16 30 13
16 31 69
16 32 3
16 33 17
16 34 34
16 35 45
16 36 17
16 37 22
16 38 53
16 39 47
16 40 70
16 41 5
16 42 32
16 43 90
16 44 33
16 45 7
16 46 58
16 47 95
16 48 72
16 49 8
16 50 80
16 51 24
16 52 55
16 53 1
16 54 57
16 55 71
16 56 42
16 57 65
16 58 69
16 59 66
16 60 5
16 61 35
16 62 74
16 63 98
16 64 80
16 65 23
16 66 14
16 67 44
16 68 38
16 69 62
16 70 52
16 71 48
16 72 54
16 73 42
16 74 86
16 75 7
16 76 46
16 77 9
16 78 14
16 79 10
16 80 34
16 81 44
16 82 6
16 83 77
16 84 36
16 85 71
16 86 35
16 87 63
16 88 82
16 89 32
16 90 3
16 91 83
16 92 64
16 93 43
16 94 89
16 95 60
16 96 42
16 97 28
16 98 80
16 99 63
16 100 16
16 101 12
16 102 65
16 103 73
16 104 35
16 105 42
16 106 73
16 107 60
16 108 27
16 109 77
16 110 70
16 111 98
16 112 11
16 113 66
16 114 73
16 115 38
16 116 27
17 17 0
17 18 47
17 19 36
17 20 24
17 21 64
17 22 69
17 23 71
17 24 49
17 25 14
17 26 40
17 27 29
17 28 19
17 29 39
17 30 20
17 31 77
17 32 11
17 33 79
17 34 26
17 35 29
17 36 80
17 37 37
17 38 7
17 39 49
17 40 4
17 41 17
17 42 87
17 43 13
17 44 43
17 45 43
17 46 47
17 47 38
17 48 29
17 49 36
17 50 82
17 51 94
17 52 45
17 53 22
17 54 97
17 55 79
17 56 80
17 57 13
17 58 45
17 59 74
17 60 45
17 61 28
17 62 5
17 63 59
17 64 30
17 65 61
17 66 19
17 67 99
17 68 5
17 69 9
17 70 94
17 71 73
17 72 72
17 73 91
17 74 28
17 75 69
17 76 1
17 77 14
17 78 67
17 79 75
17 80 42
17 81 91
17 82 51
17 83 90
17 84 55
17 85 15
17 86 96
17 87 72
17 88 83
17 89 97
17 90 30
17 91 53
17 92 14
17 93 30
17 94 19
17 95 86
17 96 74
17 97 71
17 98 46
17 99 48
17 100 35
17 101 91
17 102 98
17 103 62
17 104 8
17 105 48
17 106 75
17 107 65
17 108 38
17 109 60
17 110 34
17 111 4
17 112 90
17 113 28
17 114 19
17 115 39
17 116 68
18 18 0
18 19 0
18 20 0
18 21 0
18 22 0
18 23 0
18 24 29
18 25 45
18 26 79
18 27 59
18 28 16
18 29 12
18 30 67
18 31 77
18 32 26
18 33 74
18 34 72
18 35 33
18 36 31
18 37 25
18 38 18
18 39 34
18 40 9
18 41 58
18 42 35
18 43 60
18 44 77
18 45 88
18 46 55
18 47 57
18 48 50
18 49 23
18 50 80
18 51 22
18 52 28
18 53 30
18 54 25
18 55 31
18 56 39
18 57 68
18 58 82
18 59 86
18 60 5
18 61 10
18 62 97
18 63 11
18 64 33
18 65 35
18 66 8
18 67 12
18 68 93
18 69 29
18 70 67
18 71 81
18 72 23
18 73 85
18 74 16
18 75 41
18 76 77
18 77 8
18 78 74
18 79 75
18 80 28
18 81 51
18 82 96
18 83 63
18 84 91
18 85 25
18 86 89
18 87 42
18 88 35
18 89 30
18 90 28
18 91 32
18 92 28
18 93 2
18 94 100
18 95 71
18 96 4
18 97 70
18 98 42
18 99 48
18 100 60
18 101 10
18 102 69
18 103 72
18 104 49
18 105 12
18 106 21
18 107 53
18 108 27
18 109 41
18 110 80
18 111 30
18 112 41
18 113 83
18 114 6
18 115 69
18 116 8
19 19 0
19 20 0
19 21 0
19 22 0
19 23 0
19 24 54
19 25 19
19 26 28
19 27 48
19 28 2
19 29 13
19 30 41
19 31 86
19 32 19
19 33 32
19 34 37
19 35 37
19 36 17
19 37 53
19 38 6
19 39 66
19 40 2
19 41 98
19 42 93
19 43 95
19 44 66
19 45 71
19 46 30
19 47 47
19 48 65
19 49 33
19 50 100
19 51 82
19 52 72
19 53 81
19 54 75
19 55 64
19 56 100
19 57 20
19 58 50
19 59 95
19 60 18
19 61 78
19 62 32
19 63 38
19 64 39
19 65 10
19 66 50
19 67 11
19 68 65
19 69 28
19 70 25
19 71 77
19 72 58
19 73 1
19 74 52
19 75 47
19 76 52
19 77 60
19 78 31
19 79 29
19 80 85
19 81 54
19 82 13
19 83 37
19 84 69
19 85 52
19 86 21
19 87 13
19 88 23
19 89 10
19 90 92
19 91 88
19 92 22
19 93 95
19 94 20
19 95 62
19 96 41
19 97 33
19 98 73
19 99 60
19 100 5
19 101 70
19 102 26
19 103 94
19 104 62
19 105 84
19 106 65
19 107 31
19 108 99
19 109 82
19 110 73
19 111 77
19 112 78
19 113 92
19 114 89
19 115 10
19 116 97
20 20 0
20 21 0
20 22 0
20 23 0
20 24 30
20 25 55
20 26 90
20 27 94
20 28 23
20 29 62
20 30 47
20 31 87
20 32 63
20 33 50
20 34 12
20 35 39
20 36 20
20 37 86
20 38 15
20 39 9
20 40 66
20 41 33
20 42 37
20 43 23
20 44 16
20 45 86
20 46 84
20 47 6
20 48 57
20 49 41
20 50 44
20 51 57
20 52 41
20 53 93
20 54 34
20 55 98
20 56 94
20 57 35
20 58 5
20 59 20
20 60 44
20 61 33
20 62 86
20 63 48
20 64 61
20 65 68
20 66 6
20 67 34
20 68 98
20 69 83
20 70 61
20 71 45
20 72 12
20 73 49
20 74 43
20 75 34
20 76 47
20 77 3
20 78 82
20 79 92
20 80 13
20 81 57
20 82 16
20 83 97
20 84 76
20 85 74
20 86 91
20 87 46
20 88 32
20 89 60
20 90 98
20 91 28
20 92 66
20 93 11
20 94 69
20 95 96
20 96 17
20 97 30
20 98 90
20 99 88
20 100 77
20 101 3
20 102 60
20 103 91
20 104 53
20 105 33
20 106 66
20 107 92
20 108 58
20 109 6
20 110 93
20 111 53
20 112 68
20 113 13
20 114 78
20 115 82
20 116 98
21 21 0
21 22 0
21 23 0
21 24 58
21 25 67
21 26 85
21 27 73
21 28 11
21 29 8
21 30 97
21 31 55
21 32 95
21 33 63
21 34 83
21 35 12
21 36 21
21 37 38
21 38 43
21 39 73
21 40 93
21 41 13
21 42 69
21 43 2
21 44 23
21 45 74
21 46 40
21 47 77
21 48 49
21 49 9
21 50 93
21 51 15
21 52 92
21 53 52
21 54 58
21 55 81
21 56 24
21 57 13
21 58 25
21 59 68
21 60 42
21 61 32
21 62 28
21 63 19
21 64 39
21 65 82
21 66 74
21 67 17
21 68 9
21 69 40
21 70 49
21 71 44
21 72 64
21 73 52
21 74 93
21 75 10
21 76 38
21 77 30
21 78 3
21 79 8
21 80 50
21 81 4
21 82 15
21 83 38
21 84 75
21 85 65
21 86 57
21 87 29
21 88 96
21 89 32
21 90 94
21 91 70
21 92 60
21 93 80
21 94 40
21 95 89
21 96 70
21 97 60
21 98 72
21 99 89
21 100 62
21 101 89
21 102 46
21 103 76
21 104 44
21 105 95
21 106 81
21 107 32
21 108 72
21 109 2
21 110 7
21 111 96
21 112 19
21 113 17
21 114 53
21 115 93
21 116 77
22 22 0
22 23 0
22 24 82
22 25 60
22 26 46
22 27 41
22 28 79
22 29 58
22 30 29
22 31 65
22 32 93
22 33 83
22 34 17
22 35 33
22 36 86
22 37 69
22 38 74
22 39 47
22 40 41
22 41 36
22 42 100
22 43 21
22 44 58
22 45 10
22 46 82
22 47 63
22 48 65
22 49 43
22 50 18
22 51 52
22 52 95
22 53 65
22 54 7
22 55 42
22 56 99
22 57 37
22 58 97
22 59 55
22 60 65
22 61 38
22 62 25
22 63 94
22 64 71
22 65 4
22 66 54
22 67 44
22 68 70
22 69 96
22 70 45
22 71 85
22 72 66
22 73 69
22 74 43
22 75 28
22 76 84
22 77 41
22 78 33
22 79 69
22 80 33
22 81 10
22 82 36
22 83 16
22 84 57
22 85 92
22 86 16
22 87 51
22 88 100
22 89 92
22 90 21
22 91 41
22 92 6
22 93 18
22 94 40
22 95 96
22 96 15
22 97 33
22 98 87
22 99 24
22 100 31
22 101 64
22 102 77
22 103 45
22 104 97
22 105 6
22 106 27
22 107 43
22 108 46
22 109 50
22 110 74
22 111 66
22 112 85
22 113 32
22 114 52
22 115 33
22 116 50
23 23 0
23 24 32
23 25 86
23 26 53
23 27 38
23 28 49
23 29 28
23 30 83
23 31 58
23 32 73
23 33 44
23 34 90
23 35 87
23 36 4
23 37 36
23 38 30
23 39 35
23 40 32
23 41 32
23 42 64
23 43 53
23 44 31
23 45 18
23 46 89
23 47 81
23 48 75
23 49 21
23 50 30
23 51 28
23 52 72
23 53 81
23 54 72
23 55 88
23 56 13
23 57 33
23 58 98
23 59 47
23 60 45
23 61 74
23 62 5
23 63 71
23 64 11
23 65 79
23 66 93
23 67 74
23 68 83
23 69 52
23 70 38
23 71 35
23 72 33
23 73 40
23 74 22
23 75 47
23 76 90
23 77 84
23 78 2
23 79 12
23 80 8
23 81 56
23 82 93
23 83 68
23 84 28
23 85 2
23 86 38
23 87 64
23 88 29
23 89 8
23 90 99
23 91 43
23 92 38
23 93 64
23 94 75
23 95 87
23 96 49
23 97 54
23 98 67
23 99 68
23 100 60
23 101 56
23 102 80
23 103 84
23 104 86
23 105 70
23 106 13
23 107 96
23 108 77
23 109 30
23 110 61
23 111 24
23 112 75
23 113 56
23 114 25
23 115 93
23 116 39
24 24 0
24 25 0
24 26 0
24 27 0
24 28 0
24 29 0
24 30 0
24 31 0
24 32 0
24 33 66
24 34 30
24 35 41
24 36 30
24 37 60
24 38 92
24 39 5
24 40 91
24 41 21
24 42 24
24 43 80
24 44 24
24 45 99
24 46 70
24 47 55
24 48 49
24 49 23
24 50 31
24 51 27
24 52 16
24 53 64
24 54 5
24 55 30
24 56 49
24 57 2
24 58 30
24 59 55
24 60 98
24 61 78
24 62 25
24 63 18
24 64 45
24 65 71
24 66 20
24 67 80
24 68 14
24 69 8
24 70 21
24 71 21
24 72 8
24 73 34
24 74 95
24 75 95
24 76 58
24 77 43
24 78 58
24 79 100
24 80 30
24 81 9
24 82 61
24 83 17
24 84 79
24 85 84
24 86 41
24 87 32
24 88 75
24 89 30
24 90 88
24 91 42
24 92 39
24 93 61
24 94 9
24 95 18
24 96 74
24 97 72
24 98 27
24 99 7
24 100 77
24 101 72
24 102 91
24 103 60
24 104 45
24 105 18
24 106 44
24 107 1
24 108 47
24 109 98
24 110 26
24 111 36
24 112 53
24 113 92
24 114 3
24 115 77
24 116 54
25 25 0
25 26 0
25 27 0
25 28 0
25 29 0
25 30 0
25 31 0
25 32 0
25 33 31
25 34 39
25 35 32
25 36 1
25 37 27
25 38 81
25 39 91
25 40 85
25 41 54
25 42 91
25 43 87
25 44 86
25 45 68
25 46 58
25 47 38
25 48 59
25 49 60
25 50 33
25 51 70
25 52 66
25 53 6
25 54 59
25 55 72
25 56 78
25 57 49
25 58 13
25 59 7
25 60 42
25 61 18
25 62 2
25 63 53
25 64 4
25 65 71
25 66 43
25 67 10
25 68 18
25 69 22
25 70 33
25 71 42
25 72 25
25 73 75
25 74 67
25 75 33
25 76 20
25 77 42
25 78 87
25 79 85
25 80 42
25 81 19
25 82 60
25 83 17
25 84 67
25 85 31
25 86 72
25 87 41
25 88 82
25 89 74
25 90 81
25 91 27
25 92 21
25 93 20
25 94 9
25 95 43
25 96 22
25 97 74
25 98 38
25 99 7
25 100 21
25 101 81
25 102 58
25 103 55
25 104 82
25 105 21
25 106 56
25 107 22
25 108 39
25 109 43
25 110 65
25 111 62
25 112 84
25 113 10
25 114 91
25 115 79
25 116 92
26 26 0
26 27 0
26 28 0
26 29 0
26 30 0
26 31 0
26 32 0
26 33 60
26 34 84
26 35 57
26 36 25
26 37 18
26 38 94
26 39 20
26 40 68
26 41 5
26 42 49
26 43 1
26 44 52
26 45 32
26 46 9
26 47 40
26 48 1
26 49 44
26 50 66
26 51 9
26 52 69
26 53 6
26 54 27
26 55 94
26 56 32
26 57 72
26 58 72
26 59 42
26 60 31
26 61 45
26 62 17
26 63 11
26 64 15
26 65 64
26 66 21
26 67 41
26 68 67
26 69 89
26 70 100
26 71 72
26 72 85
26 73 71
26 74 30
26 75 65
26 76 62
26 77 42
26 78 20
26 79 85
26 80 69
26 81 57
26 82 24
26 83 59
26 84 9
26 85 96
26 86 21
26 87 31
26 88 20
26 89 82
26 90 67
26 91 11
26 92 65
26 93 36
26 94 87
26 95 9
26 96 87
26 97 3
26 98 4
26 99 68
26 100 91
26 101 17
26 102 13
26 103 56
26 104 17
26 105 47
26 106 46
26 107 86
26 108 38
26 109 51
26 110 9
26 111 35
26 112 5
26 113 38
26 114 22
26 115 57
26 116 56
27 27 0
27 28 0
27 29 0
27 30 0
27 31 0
27 32 0
27 33 78
27 34 56
27 35 62
27 36 37
27 37 18
27 38 94
27 39 36
27 40 74
27 41 100
27 42 36
27 43 5
27 44 44
27 45 44
27 46 71
27 47 71
27 48 52
27 49 93
27 50 89
27 51 62
27 52 69
27 53 81
27 54 81
27 55 80
27 56 73
27 57 7
27 58 68
27 59 19
27 60 22
27 61 30
27 62 20
27 63 99
27 64 73
27 65 80
27 66 68
27 67 22
27 68 45
27 69 1
27 70 68
27 71 94
27 72 16
27 73 62
27 74 21
27 75 66
27 76 84
27 77 74
27 78 19
27 79 45
27 80 60
27 81 65
27 82 78
27 83 39
27 84 64
27 85 15
27 86 51
27 87 98
27 88 49
27 89 78
27 90 46
27 91 76
27 92 76
27 93 25
27 94 98
27 95 48
27 96 31
27 97 93
27 98 20
27 99 62
27 100 100
27 101 97
27 102 40
27 103 25
27 104 89
27 105 22
27 106 18
27 107 87
27 108 23
27 109 72
27 110 79
27 111 98
27 112 10
27 113 8
27 114 88
27 115 92
27 116 56
28 28 0
28 29 0
28 30 0
28 31 0
28 32 0
28 33 49
28 34 71
28 35 28
28 36 94
28 37 43
28 38 15
28 39 40
28 40 90
28 41 82
28 42 85
28 43 70
28 44 56
28 45 27
28 46 5
28 47 3
28 48 100
28 49 80
28 50 28
28 51 24
28 52 46
28 53 81
28 54 81
28 55 94
28 56 34
28 57 66
28 58 75
28 59 91
28 60 57
28 61 35
28 62 46
28 63 41
28 64 42
28 65 16
28 66 74
28 67 90
28 68 14
28 69 90
28 70 50
28 71 70
28 72 55
28 73 38
28 74 4
28 75 55
28 76 21
28 77 85
28 78 54
28 79 64
28 80 12
28 81 9
28 82 73
28 83 72
28 84 15
28 85 85
28 86 23
28 87 82
28 88 41
28 89 45
28 90 19
28 91 27
28 92 14
28 93 27
28 94 4
28 95 17
28 96 2
28 97 25
28 98 1
28 99 97
28 100 52
28 101 56
28 102 69
28 103 19
28 104 23
28 105 55
28 106 69
28 107 44
28 108 25
28 109 16
28 110 40
28 111 68
28 112 71
28 113 4
28 114 69
28 115 77
28 116 97
29 29 0
29 30 0
29 31 0
29 32 0
29 33 82
29 34 64
29 35 96
29 36 73
29 37 89
29 38 18
29 39 48
29 40 64
29 41 31
29 42 38
29 43 23
29 44 7
29 45 99
29 46 5
29 47 78
29 48 25
29 49 7
29 50 39
29 51 55
29 52 63
29 53 63
29 54 55
29 55 45
29 56 5
29 57 97
29 58 94
29 59 47
29 60 45
29 61 30
29 62 94
29 63 38
29 64 30
29 65 56
29 66 77
29 67 85
29 68 23
29 69 56
29 70 100
29 71 31
29 72 2
29 73 61
29 74 98
29 75 70
29 76 18
29 77 23
29 78 39
29 79 86
29 80 29
29 81 46
29 82 44
29 83 9
29 84 64
29 85 52
29 86 31
29 87 8
29 88 28
29 89 72
29 90 31
29 91 76
29 92 44
29 93 50
29 94 1
29 95 24
29 96 37
29 97 92
29 98 87
29 99 71
29 100 40
29 101 37
29 102 46
29 103 97
29 104 63
29 105 39
29 106 49
29 107 46
29 108 64
29 109 48
29 110 94
29 111 72
29 112 15
29 113 9
29 114 13
29 115 88
29 116 31
30 30 0
30 31 0
30 32 0
30 33 100
30 34 69
30 35 69
30 36 42
30 37 82
30 38 36
30 39 53
30 40 78
30 41 70
30 42 69
30 43 53
30 44 7
30 45 49
30 46 27
30 47 26
30 48 59
30 49 45
30 50 50
30 51 63
30 52 35
30 53 68
30 54 60
30 55 98
30 56 21
30 57 24
30 58 24
30 59 3
30 60 15
30 61 26
30 62 43
30 63 27
30 64 32
30 65 86
30 66 52
30 67 22
30 68 60
30 69 57
30 70 65
30 71 75
30 72 19
30 73 65
30 74 25
30 75 77
30 76 4
30 77 26
30 78 40
30 79 66
30 80 97
30 81 97
30 82 88
30 83 41
30 84 49
30 85 40
30 86 98
30 87 62
30 88 76
30 89 69
30 90 84
30 91 11
30 92 41
30 93 81
30 94 53
30 95 84
30 96 67
30 97 65
30 98 12
30 99 80
30 100 73
30 101 60
30 102 69
30 103 35
30 104 40
30 105 33
30 106 98
30 107 88
30 108 6
30 109 37
30 110 30
30 111 95
30 112 59
30 113 1
30 114 70
30 115 69
30 116 24
31 31 0
31 32 0
31 33 79
31 34 31
31 35 37
31 36 42
31 37 80
31 38 86
31 39 32
31 40 24
31 41 73
31 42 20
31 43 7
31 44 13
31 45 43
31 46 75
31 47 17
31 48 71
31 49 75
31 50 81
31 51 8
31 52 56
31 53 12
31 54 39
31 55 16
31 56 45
31 57 50
31 58 49
31 59 79
31 60 60
31 61 95
31 62 26
31 63 18
31 64 18
31 65 1
31 66 16
31 67 63
31 68 44
31 69 80
31 70 10
31 71 97
31 72 39
31 73 9
31 74 28
31 75 82
31 76 49
31 77 98
31 78 89
31 79 27
31 80 89
31 81 81
31 82 88
31 83 89
31 84 26
31 85 93
31 86 88
31 87 88
31 88 7
31 89 34
31 90 46
31 91 35
31 92 65
31 93 37
31 94 6
31 95 22
31 96 35
31 97 23
31 98 85
31 99 84
31 100 50
31 101 6
31 102 66
31 103 7
31 104 62
31 105 57
31 106 68
31 107 26
31 108 83
31 109 80
31 110 18
31 111 41
31 112 65
31 113 59
31 114 27
31 115 3
31 116 63
32 32 0
32 33 69
32 34 80
32 35 18
32 36 16
32 37 65
32 38 37
32 39 43
32 40 86
32 41 19
32 42 43
32 43 90
32 44 70
32 45 24
32 46 53
32 47 3
32 48 24
32 49 94
32 50 44
32 51 9
32 52 17
32 53 75
32 54 13
32 55 5
32 56 13
32 57 83
32 58 27
32 59 16
32 60 79
32 61 48
32 62 74
32 63 89
32 64 5
32 65 12
32 66 2
32 67 30
32 68 80
32 69 72
32 70 70
32 71 34
32 72 93
32 73 83
32 74 61
32 75 90
32 76 74
32 77 99
32 78 66
32 79 25
32 80 97
32 81 15
32 82 3
32 83 51
32 84 64
32 85 20
32 86 39
32 87 55
32 88 13
32 89 22
32 90 26
32 91 4
32 92 10
32 93 84
32 94 71
32 95 28
32 96 73
32 97 2
32 98 83
32 99 69
32 100 38
32 101 37
32 102 77
32 103 99
32 104 47
32 105 15
32 106 93
32 107 37
32 108 41
32 109 57
32 110 3
32 111 87
32 112 16
32 113 8
32 114 26
32 115 54
32 116 63
33 33 0
33 34 0
33 35 0
33 36 0
33 37 0
33 38 0
33 39 85
33 40 28
33 41 17
33 42 77
33 43 65
33 44 52
33 45 34
33 46 67
33 47 52
33 48 84
33 49 54
33 50 56
33 51 5
33 52 37
33 53 85
33 54 16
33 55 21
33 56 62
33 57 82
33 58 5
33 59 5
33 60 85
33 61 1
33 62 84
33 63 11
33 64 47
33 65 90
33 66 100
33 67 66
33 68 99
33 69 73
33 70 81
33 71 31
33 72 40
33 73 96
33 74 66
33 75 10
33 76 10
33 77 100
33 78 40
33 79 50
33 80 13
33 81 42
33 82 51
33 83 26
33 84 75
33 85 22
33 86 4
33 87 17
33 88 29
33 89 35
33 90 57
33 91 17
33 92 99
33 93 67
33 94 5
33 95 92
33 96 70
33 97 48
33 98 69
33 99 28
33 100 81
33 101 82
33 102 19
33 103 22
33 104 43
33 105 57
33 106 46
33 107 62
33 108 84
33 109 77
33 110 24
33 111 19
33 112 23
33 113 35
33 114 86
33 115 47
33 116 34
34 34 0
34 35 0
34 36 0
34 37 0
34 38 0
34 39 41
34 40 98
34 41 82
34 42 68
34 43 74
34 44 56
34 45 41
34 46 98
34 47 97
34 48 90
34 49 56
34 50 23
34 51 48
34 52 43
34 53 45
34 54 14
34 55 31
34 56 69
34 57 59
34 58 93
34 59 65
34 60 82
34 61 59
34 62 100
34 63 100
34 64 85
34 65 5
34 66 75
34 67 64
34 68 70
34 69 28
34 70 34
34 71 12
34 72 65
34 73 91
34 74 74
34 75 14
34 76 67
34 77 26
34 78 30
34 79 54
34 80 78
34 81 17
34 82 70
34 83 8
34 84 86
34 85 97
34 86 79
34 87 71
34 88 74
34 89 42
34 90 8
34 91 93
34 92 72
34 93 38
34 94 38
34 95 39
34 96 45
34 97 18
34 98 37
34 99 91
34 100 37
34 101 42
34 102 36
34 103 50
34 104 4
34 105 11
34 106 86
34 107 63
34 108 49
34 109 97
34 110 93
34 111 54
34 112 56
34 113 66
34 114 61
34 115 62
34 116 2
35 35 0
35 36 0
35 37 0
35 38 0
35 39 57
35 40 12
35 41 5
35 42 25
35 43 66
35 44 11
35 45 3
35 46 62
35 47 50
35 48 28
35 49 44
35 50 44
35 51 92
35 52 6
35 53 85
35 54 2
35 55 50
35 56 79
35 57 47
35 58 57
35 59 78
35 60 20
35 61 92
35 62 1
35 63 87
35 64 96
35 65 32
35 66 90
35 67 62
35 68 65
35 69 10
35 70 22
35 71 4
35 72 87
35 73 88
35 74 75
35 75 12
35 76 75
35 77 97
35 78 18
35 79 97
35 80 59
35 81 52
35 82 13
35 83 72
35 84 85
35 85 43
35 86 3
35 87 46
35 88 68
35 89 42
35 90 21
35 91 22
35 92 16
35 93 6
35 94 47
35 95 41
35 96 79
35 97 16
35 98 53
35 99 15
35 100 57
35 101 32
35 102 90
35 103 71
35 104 57
35 105 33
35 106 64
35 107 3
35 108 94
35 109 22
35 110 91
35 111 13
35 112 50
35 113 37
35 114 46
35 115 89
35 116 9
36 36 0
36 37 0
36 38 0
36 39 86
36 40 62
36 41 45
36 42 6
36 43 21
36 44 63
36 45 14
36 46 35
36 47 97
36 48 67
36 49 64
36 50 28
36 51 62
36 52 20
36 53 96
36 54 65
36 55 99
36 56 91
36 57 13
36 58 56
36 59 81
36 60 76
36 61 51
36 62 79
36 63 27
36 64 10
36 65 92
36 66 63
36 67 85
36 68 83
36 69 83
36 70 57
36 71 44
36 72 51
36 73 55
36 74 73
36 75 58
36 76 77
36 77 2
36 78 68
36 79 40
36 80 6
36 81 25
36 82 25
36 83 74
36 84 47
36 85 34
36 86 66
36 87 2
36 88 6
36 89 9
36 90 26
36 91 90
36 92 60
36 93 46
36 94 99
36 95 33
36 96 28
36 97 84
36 98 67
36 99 53
36 100 24
36 101 91
36 102 82
36 103 40
36 104 96
36 105 88
36 106 49
36 107 71
36 108 10
36 109 54
36 110 44
36 111 75
36 112 10
36 113 73
36 114 66
36 115 36
36 116 9
37 37 0
37 38 0
37 39 95
37 40 48
37 41 61
37 42 71
37 43 64
37 44 52
37 45 61
37 46 67
37 47 31
37 48 85
37 49 34
37 50 32
37 51 63
37 52 81
37 53 64
37 54 5
37 55 24
37 56 96
37 57 18
37 58 6
37 59 93
37 60 31
37 61 75
37 62 29
37 63 37
37 64 28
37 65 69
37 66 94
37 67 76
37 68 77
37 69 12
37 70 14
37 71 21
37 72 95
37 73 2
37 74 22
37 75 38
37 76 91
37 77 29
37 78 82
37 79 90
37 80 40
37 81 88
37 82 7
37 83 57
37 84 28
37 85 92
37 86 20
37 87 71
37 88 5
37 89 8
37 90 51
37 91 22
37 92 63
37 93 20
37 94 32
37 95 99
37 96 77
37 97 17
37 98 59
37 99 50
37 100 34
37 101 35
37 102 15
37 103 23
37 104 19
37 105 55
37 106 79
37 107 15
37 108 90
37 109 68
37 110 12
37 111 99
37 112 89
37 113 35
37 114 83
37 115 99
37 116 36
38 38 0
38 39 86
38 40 53
38 41 92
38 42 48
38 43 63
38 44 95
38 45 76
38 46 39
38 47 85
38 48 74
38 49 45
38 50 79
38 51 24
38 52 72
38 53 7
38 54 40
38 55 67
38 56 12
38 57 75
38 58 21
38 59 26
38 60 66
38 61 28
38 62 59
38 63 84
38 64 24
38 65 95
38 66 53
38 67 68
38 68 8
38 69 10
38 70 75
38 71 76
38 72 66
38 73 38
38 74 41
38 75 54
38 76 20
38 77 46
38 78 5
38 79 78
38 80 30
38 81 58
38 82 54
38 83 28
38 84 57
38 85 52
38 86 77
38 87 8
38 88 97
38 89 35
38 90 16
38 91 87
38 92 91
38 93 79
38 94 32
38 95 58
38 96 30
38 97 60
38 98 12
38 99 68
38 100 66
38 101 60
38 102 70
38 103 39
38 104 1
38 105 6
38 106 92
38 107 95
38 108 74
38 109 45
38 110 89
38 111 91
38 112 54
38 113 12
38 114 24
38 115 86
38 116 8
39 39 0
39 40 0
39 41 0
39 42 0
39 43 0
39 44 0
39 45 0
39 46 0
39 47 0
39 48 0
39 49 44
39 50 52
39 51 73
39 52 58
39 53 25
39 54 46
39 55 72
39 56 41
39 57 10
39 58 98
39 59 88
39 60 24
39 61 64
39 62 17
39 63 66
39 64 92
39 65 95
39 66 25
39 67 80
39 68 31
39 69 32
39 70 64
39 71 56
39 72 91
39 73 42
39 74 41
39 75 19
39 76 88
39 77 37
39 78 13
39 79 15
39 80 88
39 81 11
39 82 99
39 83 19
39 84 28
39 85 9
39 86 46
39 87 33
39 88 4
39 89 68
39 90 1
39 91 8
39 92 59
39 93 78
39 94 73
39 95 99
39 96 23
39 97 44
39 98 40
39 99 41
39 100 31
39 101 2
39 102 56
39 103 27
39 104 90
39 105 23
39 106 37
39 107 74
39 108 61
39 109 71
39 110 71
39 111 21
39 112 33
39 113 14
39 114 42
39 115 58
39 116 55
40 40 0
40 41 0
40 42 0
40 43 0
40 44 0
40 45 0
40 46 0
40 47 0
40 48 0
40 49 32
40 50 74
40 51 79
40 52 89
40 53 10
40 54 50
40 55 40
40 56 10
40 57 17
40 58 23
40 59 14
40 60 30
40 61 23
40 62 86
40 63 49
40 64 16
40 65 43
40 66 96
40 67 5
40 68 98
40 69 33
40 70 83
40 71 62
40 72 9
40 73 20
40 74 98
40 75 93
40 76 47
40 77 15
40 78 4
40 79 52
40 80 75
40 81 5
40 82 34
40 83 73
40 84 87
40 85 19
40 86 67
40 87 41
40 88 21
40 89 34
40 90 47
40 91 3
40 92 86
40 93 55
40 94 78
40 95 31
40 96 42
40 97 15
40 98 67
40 99 64
40 100 86
40 101 11
40 102 54
40 103 4
40 104 36
40 105 10
40 106 90
40 107 2
40 108 24
40 109 31
40 110 25
40 111 83
40 112 44
40 113 96
40 114 26
40 115 82
40 116 51
41 41 0
41 42 0
41 43 0
41 44 0
41 45 0
41 46 0
41 47 0
41 48 0
41 49 37
41 50 34
41 51 90
41 52 11
41 53 30
41 54 17
41 55 41
41 56 85
41 57 4
41 58 21
41 59 59
41 60 18
41 61 41
41 62 43
41 63 24
41 64 95
41 65 4
41 66 5
41 67 43
41 68 91
41 69 55
41 70 42
41 71 26
41 72 46
41 73 29
41 74 30
41 75 38
41 76 88
41 77 22
41 78 69
41 79 47
41 80 44
41 81 97
41 82 92
41 83 59
41 84 94
41 85 69
41 86 84
41 87 15
41 88 32
41 89 48
41 90 67
41 91 19
41 92 2
41 93 92
41 94 35
41 95 23
41 96 99
41 97 36
41 98 44
41 99 5
41 100 100
41 101 94
41 102 88
41 103 87
41 104 9
41 105 19
41 106 56
41 107 39
41 108 51
41 109 71
41 110 77
41 111 99
41 112 23
41 113 73
41 114 49
41 115 86
41 116 23
42 42 0
42 43 0
42 44 0
42 45 0
42 46 0
42 47 0
42 48 0
42 49 80
42 50 26
42 51 80
42 52 57
42 53 36
42 54 22
42 55 53
42 56 40
42 57 38
42 58 95
42 59 24
42 60 48
42 61 7
42 62 1
42 63 79
42 64 67
42 65 53
42 66 28
42 67 53
42 68 62
42 69 97
42 70 95
42 71 62
42 72 45
42 73 59
42 74 54
42 75 3
42 76 84
42 77 80
42 78 80
42 79 73
42 80 87
42 81 79
42 82 49
42 83 32
42 84 60
42 85 19
42 86 57
42 87 73
42 88 61
42 89 86
42 90 56
42 91 66
42 92 51
42 93 79
42 94 75
42 95 79
42 96 94
42 97 26
42 98 15
42 99 63
42 100 91
42 101 49
42 102 91
42 103 94
42 104 67
42 105 19
42 106 48
42 107 42
42 108 28
42 109 55
42 110 58
42 111 2
42 112 13
42 113 31
42 114 14
42 115 2
42 116 34
43 43 0
43 44 0
43 45 0
43 46 0
43 47 0
43 48 0
43 49 71
43 50 99
43 51 40
43 52 38
43 53 4
43 54 65
43 55 81
43 56 95
43 57 43
43 58 49
43 59 10
43 60 39
43 61 37
43 62 30
43 63 44
43 64 25
43 65 41
43 66 51
43 67 13
43 68 99
43 69 29
43 70 34
43 71 45
43 72 9
43 73 22
43 74 10
43 75 12
43 76 98
43 77 38
43 78 86
43 79 28
43 80 88
43 81 29
43 82 39
43 83 69
43 84 98
43 85 81
43 86 51
43 87 29
43 88 67
43 89 57
43 90 51
43 91 69
43 92 22
43 93 50
43 94 16
43 95 76
43 96 100
43 97 33
43 98 43
43 99 17
43 100 49
43 101 46
43 102 64
43 103 97
43 104 46
43 105 73
43 106 97
43 107 36
43 108 7
43 109 54
43 110 95
43 111 88
43 112 22
43 113 26
43 114 47
43 115 69
43 116 63
44 44 0
44 45 0
44 46 0
44 47 0
44 48 0
44 49 26
44 50 70
44 51 19
44 52 31
44 53 48
44 54 88
44 55 47
44 56 38
44 57 4
44 58 50
44 59 98
44 60 63
44 61 9
44 62 20
44 63 12
44 64 11
44 65 74
44 66 17
44 67 100
44 68 74
44 69 70
44 70 50
44 71 91
44 72 31
44 73 40
44 74 1
44 75 39
44 76 40
44 77 11
44 78 21
44 79 68
44 80 34
44 81 81
44 82 97
44 83 87
44 84 57
44 85 81
44 86 16
44 87 66
44 88 4
44 89 11
44 90 33
44 91 64
44 92 71
44 93 4
44 94 93
44 95 57
44 96 2
44 97 29
44 98 85
44 99 42
44 100 96
44 101 94
44 102 52
44 103 92
44 104 9
44 105 50
44 106 39
44 107 92
44 108 62
44 109 75
44 110 68
44 111 87
44 112 61
44 113 46
44 114 73
44 115 5
44 116 60
45 45 0
45 46 0
45 47 0
45 48 0
45 49 81
45 50 35
45 51 3
45 52 32
45 53 70
45 54 62
45 55 87
45 56 42
45 57 53
45 58 41
45 59 71
45 60 100
45 61 76
45 62 15
45 63 35
45 64 80
45 65 93
45 66 86
45 67 35
45 68 41
45 69 37
45 70 49
45 71 51
45 72 92
45 73 47
45 74 98
45 75 18
45 76 20
45 77 57
45 78 82
45 79 54
45 80 58
45 81 68
45 82 38
45 83 48
45 84 67
45 85 78
45 86 72
45 87 81
45 88 40
45 89 48
45 90 97
45 91 16
45 92 32
45 93 70
45 94 98
45 95 32
45 96 20
45 97 46
45 98 34
45 99 57
45 100 22
45 101 57
45 102 68
45 103 71
45 104 8
45 105 16
45 106 71
45 107 85
45 108 86
45 109 32
45 110 58
45 111 56
45 112 66
45 113 26
45 114 27
45 115 58
45 116 43
46 46 0
46 47 0
46 48 0
46 49 63
46 50 98
46 51 75
46 52 89
46 53 5
46 54 36
46 55 13
46 56 66
46 57 15
46 58 98
46 59 47
46 60 41
46 61 68
46 62 38
46 63 5
46 64 36
46 65 80
46 66 34
46 67 83
46 68 29
46 69 56
46 70 85
46 71 72
46 72 93
46 73 61
46 74 91
46 75 65
46 76 83
46 77 82
46 78 52
46 79 64
46 80 41
46 81 6
46 82 74
46 83 71
46 84 27
46 85 48
46 86 38
46 87 67
46 88 81
46 89 18
46 90 86
46 91 38
46 92 36
46 93 84
46 94 51
46 95 86
46 96 48
46 97 41
46 98 69
46 99 22
46 100 4
46 101 41
46 102 21
46 103 66
46 104 1
46 105 10
46 106 60
46 107 61
46 108 59
46 109 50
46 110 16
46 111 39
46 112 73
46 113 96
46 114 1
46 115 97
46 116 47
47 47 0
47 48 0
47 49 72
47 50 36
47 51 47
47 52 27
47 53 32
47 54 55
47 55 67
47 56 37
47 57 44
47 58 80
47 59 68
47 60 76
47 61 83
47 62 97
47 63 40
47 64 18
47 65 77
47 66 29
47 67 96
47 68 8
47 69 75
47 70 46
47 71 11
47 72 48
47 73 72
47 74 49
47 75 40
47 76 52
47 77 32
47 78 92
47 79 69
47 80 24
47 81 53
47 82 59
47 83 86
47 84 9
47 85 60
47 86 82
47 87 47
47 88 23
47 89 25
47 90 57
47 91 89
47 92 55
47 93 92
47 94 91
47 95 95
47 96 36
47 97 66
47 98 27
47 99 38
47 100 18
47 101 85
47 102 66
47 103 1
47 104 92
47 105 76
47 106 26
47 107 87
47 108 90
47 109 88
47 110 47
47 111 32
47 112 37
47 113 62
47 114 88
47 115 59
47 116 86
48 48 0
48 49 18
48 50 92
48 51 21
48 52 51
48 53 54
48 54 41
48 55 69
48 56 87
48 57 30
48 58 40
48 59 72
48 60 26
48 61 23
48 62 1
48 63 76
48 64 39
48 65 15
48 66 70
48 67 51
48 68 74
48 69 90
48 70 3
48 71 66
48 72 8
48 73 49
48 74 11
48 75 13
48 76 23
48 77 74
48 78 69
48 79 38
48 80 41
48 81 76
48 82 33
48 83 3
48 84 81
48 85 40
48 86 77
48 87 42
48 88 55
48 89 1
48 90 92
48 91 83
48 92 37
48 93 64
48 94 96
48 95 58
48 96 60
48 97 16
48 98 33
48 99 43
48 100 44
48 101 34
48 102 4
48 103 34
48 104 61
48 105 1
48 106 7
48 107 5
48 108 51
48 109 54
48 110 84
48 111 13
48 112 52
48 113 56
48 114 55
48 115 40
48 116 48
49 49 0
49 50 0
49 51 0
49 52 0
49 53 0
49 54 37
49 55 85
49 56 64
49 57 9
49 58 60
49 59 13
49 60 40
49 61 51
49 62 75
49 63 40
49 64 54
49 65 31
49 66 72
49 67 85
49 68 8
49 69 62
49 70 14
49 71 18
49 72 58
49 73 88
49 74 71
49 75 11
49 76 44
49 77 14
49 78 54
49 79 7
49 80 15
49 81 94
49 82 13
49 83 47
49 84 14
49 85 81
49 86 93
49 87 38
49 88 61
49 89 65
49 90 44
49 91 5
49 92 33
49 93 96
49 94 14
49 95 32
49 96 22
49 97 71
49 98 8
49 99 97
49 100 48
49 101 44
49 102 45
49 103 23
49 104 36
49 105 32
49 106 98
49 107 87
49 108 36
49 109 79
49 110 19
49 111 63
49 112 94
49 113 72
49 114 94
49 115 58
49 116 95
50 50 0
50 51 0
50 52 0
50 53 0
50 54 43
50 55 15
50 56 71
50 57 63
50 58 30
50 59 70
50 60 23
50 61 12
50 62 59
50 63 100
50 64 10
50 65 57
50 66 55
50 67 3
50 68 64
50 69 35
50 70 60
50 71 68
50 72 62
50 73 18
50 74 21
50 75 28
50 76 17
50 77 38
50 78 20
50 79 37
50 80 37
50 81 50
50 82 66
50 83 46
50 84 63
50 85 42
50 86 60
50 87 31
50 88 61
50 89 61
50 90 77
50 91 84
50 92 18
50 93 81
50 94 47
50 95 31
50 96 23
50 97 28
50 98 11
50 99 12
50 100 82
50 101 57
50 102 93
50 103 20
50 104 58
50 105 38
50 106 100
50 107 29
50 108 47
50 109 35
50 110 12
50 111 40
50 112 21
50 113 76
50 114 97
50 115 89
50 116 89
51 51 0
51 52 0
51 53 0
51 54 82
51 55 66
51 56 55
51 57 88
51 58 19
51 59 64
51 60 75
51 61 62
51 62 62
51 63 54
51 64 13
51 65 8
51 66 81
51 67 26
51 68 62
51 69 18
51 70 23
51 71 16
51 72 35
51 73 65
51 74 28
51 75 10
51 76 70
51 77 7
51 78 54
51 79 65
51 80 96
51 81 61
51 82 67
51 83 42
51 84 64
51 85 61
51 86 96
51 87 16
51 88 13
51 89 5
51 90 19
51 91 97
51 92 88
51 93 46
51 94 42
51 95 4
51 96 69
51 97 5
51 98 70
51 99 80
51 100 65
51 101 99
51 102 61
51 103 59
51 104 31
51 105 95
51 106 24
51 107 31
51 108 4
51 109 49
51 110 39
51 111 23
51 112 84
51 113 87
51 114 27
51 115 48
51 116 62
52 52 0
52 53 0
52 54 50
52 55 80
52 56 88
52 57 10
52 58 63
52 59 56
52 60 29
52 61 21
52 62 80
52 63 15
52 64 65
52 65 1
52 66 73
52 67 86
52 68 42
52 69 97
52 70 34
52 71 55
52 72 87
52 73 54
52 74 4
52 75 24
52 76 62
52 77 65
52 78 17
52 79 90
52 80 32
52 81 32
52 82 9
52 83 40
52 84 35
52 85 20
52 86 33
52 87 30
52 88 10
52 89 59
52 90 95
52 91 34
52 92 60
52 93 23
52 94 55
52 95 96
52 96 94
52 97 27
52 98 52
52 99 42
52 100 89
52 101 99
52 102 84
52 103 13
52 104 67
52 105 69
52 106 87
52 107 78
52 108 61
52 109 25
52 110 19
52 111 82
52 112 13
52 113 26
52 114 77
52 115 1
52 116 78
53 53 0
53 54 30
53 55 32
53 56 64
53 57 86
53 58 15
53 59 56
53 60 59
53 61 97
53 62 84
53 63 58
53 64 59
53 65 70
53 66 88
53 67 71
53 68 30
53 69 11
53 70 23
53 71 19
53 72 4
53 73 43
53 74 41
53 75 20
53 76 14
53 77 37
53 78 78
53 79 78
53 80 98
53 81 56
53 82 87
53 83 54
53 84 46
53 85 81
53 86 91
53 87 78
53 88 44
53 89 21
53 90 48
53 91 54
53 92 95
53 93 60
53 94 3
53 95 37
53 96 66
53 97 52
53 98 83
53 99 58
53 100 36
53 101 15
53 102 64
53 103 51
53 104 94
53 105 68
53 106 58
53 107 59
53 108 97
53 109 91
53 110 76
53 111 38
53 112 69
53 113 21
53 114 86
53 115 65
53 116 56
54 54 0
54 55 0
54 56 34
54 57 41
54 58 43
54 59 82
54 60 99
54 61 8
54 62 40
54 63 50
54 64 84
54 65 9
54 66 52
54 67 6
54 68 84
54 69 96
54 70 12
54 71 13
54 72 4
54 73 75
54 74 5
54 75 77
54 76 40
54 77 89
54 78 30
54 79 31
54 80 13
54 81 7
54 82 33
54 83 26
54 84 86
54 85 69
54 86 94
54 87 68
54 88 35
54 89 29
54 90 50
54 91 66
54 92 75
54 93 49
54 94 90
54 95 72
54 96 90
54 97 94
54 98 92
54 99 84
54 100 73
54 101 96
54 102 14
54 103 73
54 104 3
54 105 28
54 106 6
54 107 93
54 108 22
54 109 20
54 110 62
54 111 40
54 112 36
54 113 13
54 114 94
54 115 53
54 116 78
55 55 0
55 56 36
55 57 94
55 58 34
55 59 40
55 60 47
55 61 100
55 62 67
55 63 81
55 64 27
55 65 18
55 66 1
55 67 57
55 68 9
55 69 47
55 70 80
55 71 45
55 72 93
55 73 77
55 74 43
55 75 50
55 76 75
55 77 26
55 78 59
55 79 53
55 80 64
55 81 24
55 82 76
55 83 13
55 84 13
55 85 27
55 86 34
55 87 95
55 88 64
55 89 37
55 90 12
55 91 58
55 92 17
55 93 76
55 94 55
55 95 54
55 96 44
55 97 26
55 98 23
55 99 71
55 100 22
55 101 21
55 102 87
55 103 69
55 104 36
55 105 10
55 106 11
55 107 98
55 108 74
55 109 11
55 110 59
55 111 62
55 112 87
55 113 76
55 114 81
55 115 55
55 116 97
56 56 0
56 57 0
56 58 0
56 59 0
56 60 0
56 61 0
56 62 0
56 63 0
56 64 0
56 65 99
56 66 41
56 67 96
56 68 84
56 69 9
56 70 98
56 71 96
56 72 42
56 73 17
56 74 100
56 75 12
56 76 55
56 77 96
56 78 58
56 79 47
56 80 33
56 81 43
56 82 93
56 83 39
56 84 12
56 85 54
56 86 6
56 87 69
56 88 10
56 89 96
56 90 35
56 91 11
56 92 95
56 93 65
56 94 56
56 95 82
56 96 96
56 97 47
56 98 68
56 99 26
56 100 20
56 101 47
56 102 74
56 103 89
56 104 70
56 105 30
56 106 53
56 107 11
56 108 22
56 109 59
56 110 50
56 111 16
56 112 74
56 113 32
56 114 73
56 115 57
56 116 29
57 57 0
57 58 0
57 59 0
57 60 0
57 61 0
57 62 0
57 63 0
57 64 0
57 65 13
57 66 23
57 67 89
57 68 64
57 69 2
57 70 98
57 71 49
57 72 61
57 73 32
57 74 12
57 75 95
57 76 80
57 77 74
57 78 38
57 79 7
57 80 78
57 81 15
57 82 53
57 83 14
57 84 52
57 85 17
57 86 11
57 87 93
57 88 81
57 89 57
57 90 1
57 91 7
57 92 81
57 93 60
57 94 31
57 95 36
57 96 58
57 97 18
57 98 68
57 99 77
57 100 58
57 101 2
57 102 93
57 103 80
57 104 47
57 105 33
57 106 23
57 107 2
57 108 42
57 109 53
57 110 77
57 111 61
57 112 66
57 113 25
57 114 59
57 115 68
57 116 53
58 58 0
58 59 0
58 60 0
58 61 0
58 62 0
58 63 0
58 64 0
58 65 5
58 66 43
58 67 54
58 68 26
58 69 69
58 70 78
58 71 50
58 72 33
58 73 63
58 74 24
58 75 79
58 76 8
58 77 84
58 78 81
58 79 8
58 80 26
58 81 65
58 82 27
58 83 39
58 84 6
58 85 27
58 86 75
58 87 38
58 88 68
58 89 97
58 90 91
58 91 49
58 92 76
58 93 67
58 94 19
58 95 21
58 96 78
58 97 66
58 98 63
58 99 94
58 100 76
58 101 37
58 102 62
58 103 95
58 104 23
58 105 28
58 106 14
58 107 42
58 108 66
58 109 89
58 110 94
58 111 52
58 112 44
58 113 17
58 114 32
58 115 43
58 116 13
59 59 0
59 60 0
59 61 0
59 62 0
59 63 0
59 64 0
59 65 52
59 66 38
59 67 94
59 68 88
59 69 2
59 70 57
59 71 36
59 72 83
59 73 78
59 74 90
59 75 22
59 76 84
59 77 40
59 78 89
59 79 25
59 80 56
59 81 41
59 82 94
59 83 78
59 84 42
59 85 35
59 86 38
59 87 86
59 88 33
59 89 16
59 90 19
59 91 44
59 92 39
59 93 46
59 94 3
59 95 100
59 96 58
59 97 48
59 98 50
59 99 18
59 100 56
59 101 68
59 102 8
59 103 44
59 104 74
59 105 51
59 106 49
59 107 29
59 108 48
59 109 36
59 110 86
59 111 92
59 112 56
59 113 9
59 114 92
59 115 46
59 116 45
60 60 0
60 61 0
60 62 0
60 63 0
60 64 0
60 65 70
60 66 20
60 67 53
60 68 20
60 69 2
60 70 64
60 71 20
60 72 23
60 73 90
60 74 45
60 75 14
60 76 69
60 77 49
60 78 90
60 79 77
60 80 55
60 81 44
60 82 67
60 83 11
60 84 100
60 85 77
60 86 37
60 87 89
60 88 68
60 89 32
60 90 66
60 91 3
60 92 97
60 93 33
60 94 71
60 95 93
60 96 62
60 97 34
60 98 75
60 99 38
60 100 54
60 101 1
60 102 32
60 103 11
60 104 76
60 105 52
60 106 79
60 107 91
60 108 55
60 109 11
60 110 20
60 111 75
60 112 10
60 113 70
60 114 57
60 115 22
60 116 76
61 61 0
61 62 0
61 63 0
61 64 0
61 65 85
61 66 80
61 67 62
61 68 81
61 69 51
61 70 24
61 71 23
61 72 21
61 73 43
61 74 62
61 75 70
61 76 90
61 77 94
61 78 6
61 79 13
61 80 65
61 81 40
61 82 26
61 83 31
61 84 54
61 85 55
61 86 97
61 87 51
61 88 29
61 89 40
61 90 6
61 91 47
61 92 98
61 93 86
61 94 6
61 95 88
61 96 49
61 97 61
61 98 53
61 99 57
61 100 78
61 101 65
61 102 14
61 103 54
61 104 71
61 105 19
61 106 71
61 107 42
61 108 16
61 109 35
61 110 58
61 111 3
61 112 12
61 113 100
61 114 23
61 115 35
61 116 30
62 62 0
62 63 0
62 64 0
62 65 35
62 66 65
62 67 86
62 68 14
62 69 30
62 70 58
62 71 92
62 72 26
62 73 63
62 74 29
62 75 38
62 76 37
62 77 67
62 78 62
62 79 67
62 80 96
62 81 58
62 82 9
62 83 90
62 84 49
62 85 62
62 86 83
62 87 100
62 88 94
62 89 45
62 90 53
62 91 67
62 92 18
62 93 22
62 94 31
62 95 35
62 96 78
62 97 50
62 98 51
62 99 59
62 100 28
62 101 66
62 102 15
62 103 3
62 104 19
62 105 100
62 106 95
62 107 26
62 108 54
62 109 64
62 110 18
62 111 51
62 112 49
62 113 80
62 114 84
62 115 46
62 116 86
63 63 0
63 64 0
63 65 96
63 66 73
63 67 80
63 68 36
63 69 45
63 70 16
63 71 16
63 72 98
63 73 8
63 74 77
63 75 80
63 76 6
63 77 82
63 78 53
63 79 73
63 80 45
63 81 54
63 82 82
63 83 54
63 84 31
63 85 37
63 86 64
63 87 32
63 88 92
63 89 22
63 90 13
63 91 5
63 92 19
63 93 1
63 94 76
63 95 2
63 96 33
63 97 96
63 98 13
63 99 63
63 100 22
63 101 61
63 102 54
63 103 9
63 104 15
63 105 92
63 106 88
63 107 9
63 108 56
63 109 99
63 110 85
63 111 34
63 112 97
63 113 54
63 114 33
63 115 51
63 116 100
64 64 0
64 65 66
64 66 55
64 67 35
64 68 29
64 69 18
64 70 5
64 71 82
64 72 44
64 73 76
64 74 31
64 75 46
64 76 46
64 77 75
64 78 86
64 79 2
64 80 37
64 81 70
64 82 52
64 83 77
64 84 74
64 85 45
64 86 40
64 87 70
64 88 86
64 89 65
64 90 64
64 91 99
64 92 74
64 93 14
64 94 85
64 95 52
64 96 71
64 97 64
64 98 68
64 99 7
64 100 4
64 101 79
64 102 60
64 103 9
64 104 13
64 105 24
64 106 43
64 107 92
64 108 42
64 109 41
64 110 7
64 111 4
64 112 44
64 113 87
64 114 7
64 115 70
64 116 7
65 65 0
65 66 0
65 67 0
65 68 32
65 69 68
65 70 99
65 71 75
65 72 1
65 73 40
65 74 13
65 75 68
65 76 34
65 77 47
65 78 70
65 79 9
65 80 27
65 81 94
65 82 56
65 83 76
65 84 40
65 85 67
65 86 23
65 87 82
65 88 60
65 89 83
65 90 65
65 91 90
65 92 44
65 93 86
65 94 62
65 95 63
65 96 90
65 97 57
65 98 50
65 99 61
65 100 95
65 101 39
65 102 85
65 103 46
65 104 38
65 105 90
65 106 33
65 107 7
65 108 3
65 109 1
65 110 44
65 111 73
65 112 30
65 113 30
65 114 95
65 115 43
65 116 81
66 66 0
66 67 0
66 68 12
66 69 38
66 70 81
66 71 33
66 72 100
66 73 67
66 74 88
66 75 49
66 76 36
66 77 2
66 78 73
66 79 29
66 80 85
66 81 27
66 82 21
66 83 11
66 84 74
66 85 35
66 86 61
66 87 2
66 88 57
66 89 25
66 90 76
66 91 1
66 92 66
66 93 70
66 94 94
66 95 57
66 96 65
66 97 5
66 98 53
66 99 48
66 100 55
66 101 88
66 102 41
66 103 66
66 104 2
66 105 39
66 106 14
66 107 15
66 108 37
66 109 18
66 110 26
66 111 8
66 112 11
66 113 93
66 114 38
66 115 85
66 116 44
67 67 0
67 68 30
67 69 91
67 70 41
67 71 78
67 72 70
67 73 16
67 74 7
67 75 58
67 76 81
67 77 61
67 78 100
67 79 61
67 80 20
67 81 20
67 82 31
67 83 80
67 84 81
67 85 74
67 86 47
67 87 20
67 88 26
67 89 68
67 90 55
67 91 78
67 92 3
67 93 46
67 94 97
67 95 59
67 96 1
67 97 78
67 98 51
67 99 32
67 100 27
67 101 52
67 102 25
67 103 57
67 104 68
67 105 43
67 106 25
67 107 19
67 108 24
67 109 38
67 110 96
67 111 67
67 112 46
67 113 18
67 114 33
67 115 78
67 116 30
68 68 0
68 69 0
68 70 0
68 71 0
68 72 0
68 73 0
68 74 0
68 75 0
68 76 0
68 77 89
68 78 60
68 79 63
68 80 91
68 81 98
68 82 13
68 83 63
68 84 37
68 85 51
68 86 21
68 87 50
68 88 63
68 89 52
68 90 65
68 91 86
68 92 37
68 93 89
68 94 9
68 95 20
68 96 25
68 97 11
68 98 20
68 99 22
68 100 40
68 101 9
68 102 17
68 103 92
68 104 68
68 105 78
68 106 30
68 107 37
68 108 48
68 109 95
68 110 36
68 111 17
68 112 86
68 113 85
68 114 62
68 115 82
68 116 45
69 69 0
69 70 0
69 71 0
69 72 0
69 73 0
69 74 0
69 75 0
69 76 0
69 77 40
69 78 45
69 79 23
69 80 79
69 81 82
69 82 6
69 83 95
69 84 56
69 85 83
69 86 24
69 87 81
69 88 6
69 89 27
69 90 93
69 91 2
69 92 29
69 93 11
69 94 73
69 95 81
69 96 7
69 97 61
69 98 99
69 99 30
69 100 100
69 101 76
69 102 44
69 103 61
69 104 95
69 105 62
69 106 31
69 107 66
69 108 15
69 109 100
69 110 78
69 111 56
69 112 88
69 113 4
69 114 41
69 115 43
69 116 69
70 70 0
70 71 0
70 72 0
70 73 0
70 74 0
70 75 0
70 76 0
70 77 82
70 78 24
70 79 56
70 80 23
70 81 11
70 82 68
70 83 24
70 84 64
70 85 28
70 86 56
70 87 79
70 88 91
70 89 59
70 90 22
70 91 53
70 92 14
70 93 94
70 94 11
70 95 71
70 96 44
70 97 19
70 98 37
70 99 66
70 100 80
70 101 99
70 102 4
70 103 22
70 104 68
70 105 62
70 106 40
70 107 71
70 108 28
70 109 94
70 110 53
70 111 60
70 112 62
70 113 29
70 114 70
70 115 10
70 116 7
71 71 0
71 72 0
71 73 0
71 74 0
71 75 0
71 76 0
71 77 92
71 78 64
71 79 49
71 80 59
71 81 48
71 82 44
71 83 64
71 84 33
71 85 16
71 86 74
71 87 12
71 88 34
71 89 25
71 90 76
71 91 76
71 92 70
71 93 30
71 94 6
71 95 25
71 96 61
71 97 78
71 98 84
71 99 75
71 100 69
71 101 10
71 102 34
71 103 91
71 104 31
71 105 80
71 106 87
71 107 66
71 108 59
71 109 64
71 110 14
71 111 72
71 112 25
71 113 69
71 114 81
71 115 36
71 116 23
72 72 0
72 73 0
72 74 0
72 75 0
72 76 0
72 77 37
72 78 34
72 79 19
72 80 56
72 81 31
72 82 44
72 83 49
72 84 52
72 85 14
72 86 47
72 87 53
72 88 39
72 89 91
72 90 90
72 91 71
72 92 3
72 93 92
72 94 16
72 95 77
72 96 24
72 97 31
72 98 56
72 99 92
72 100 77
72 101 84
72 102 16
72 103 60
72 104 18
72 105 38
72 106 3
72 107 42
72 108 33
72 109 91
72 110 50
72 111 6
72 112 43
72 113 85
72 114 18
72 115 65
72 116 42
73 73 0
73 74 0
73 75 0
73 76 0
73 77 10
73 78 78
73 79 85
73 80 54
73 81 37
73 82 42
73 83 51
73 84 90
73 85 21
73 86 7
73 87 46
73 88 67
73 89 12
73 90 42
73 91 92
73 92 93
73 93 27
73 94 75
73 95 100
73 96 94
73 97 59
73 98 35
73 99 12
73 100 67
73 101 31
73 102 19
73 103 6
73 104 77
73 105 29
73 106 13
73 107 24
73 108 72
73 109 5
73 110 32
73 111 52
73 112 26
73 113 64
73 114 91
73 115 52
73 116 82
74 74 0
74 75 0
74 76 0
74 77 12
74 78 72
74 79 57
74 80 17
74 81 64
74 82 70
74 83 17
74 84 10
74 85 46
74 86 35
74 87 41
74 88 15
74 89 39
74 90 44
74 91 86
74 92 15
74 93 46
74 94 30
74 95 57
74 96 1
74 97 82
74 98 61
74 99 87
74 100 23
74 101 57
74 102 88
74 103 67
74 104 21
74 105 63
74 106 83
74 107 25
74 108 61
74 109 7
74 110 40
74 111 55
74 112 3
74 113 78
74 114 37
74 115 86
74 116 14
75 75 0
75 76 0
75 77 40
75 78 35
75 79 29
75 80 66
75 81 99
75 82 19
75 83 84
75 84 50
75 85 9
75 86 19
75 87 87
75 88 96
75 89 36
75 90 44
75 91 30
75 92 70
75 93 62
75 94 61
75 95 91
75 96 43
75 97 42
75 98 90
75 99 62
75 100 24
75 101 36
75 102 100
75 103 75
75 104 18
75 105 63
75 106 50
75 107 83
75 108 36
75 109 11
75 110 61
75 111 35
75 112 31
75 113 11
75 114 69
75 115 48
75 116 14
76 76 0
76 77 51
76 78 9
76 79 37
76 80 36
76 81 85
76 82 74
76 83 51
76 84 41
76 85 23
76 86 91
76 87 12
76 88 29
76 89 14
76 90 50
76 91 30
76 92 70
76 93 50
76 94 100
76 95 27
76 96 95
76 97 6
76 98 84
76 99 49
76 100 73
76 101 38
76 102 43
76 103 86
76 104 75
76 105 34
76 106 25
76 107 54
76 108 33
76 109 55
76 110 90
76 111 74
76 112 83
76 113 53
76 114 17
76 115 1
76 116 56
77 77 0
77 78 0
77 79 0
77 80 15
77 81 12
77 82 33
77 83 30
77 84 1
77 85 96
77 86 64
77 87 86
77 88 88
77 89 72
77 90 6
77 91 90
77 92 12
77 93 65
77 94 70
77 95 9
77 96 65
77 97 32
77 98 15
77 99 28
77 100 48
77 101 15
77 102 28
77 103 57
77 104 92
77 105 27
77 106 60
77 107 66
77 108 55
77 109 66
77 110 91
77 111 60
77 112 92
77 113 29
77 114 50
77 115 48
77 116 41
78 78 0
78 79 0
78 80 86
78 81 44
78 82 4
78 83 82
78 84 48
78 85 42
78 86 36
78 87 2
78 88 19
78 89 80
78 90 22
78 91 45
78 92 22
78 93 96
78 94 73
78 95 25
78 96 87
78 97 6
78 98 35
78 99 9
78 100 92
78 101 52
78 102 89
78 103 89
78 104 13
78 105 58
78 106 41
78 107 68
78 108 60
78 109 38
78 110 100
78 111 42
78 112 99
78 113 14
78 114 84
78 115 100
78 116 95
79 79 0
79 80 99
79 81 80
79 82 28
79 83 95
79 84 8
79 85 24
79 86 40
79 87 96
79 88 98
79 89 18
79 90 60
79 91 8
79 92 61
79 93 53
79 94 4
79 95 18
79 96 28
79 97 14
79 98 26
79 99 74
79 100 68
79 101 64
79 102 47
79 103 97
79 104 38
79 105 60
79 106 1
79 107 96
79 108 62
79 109 50
79 110 58
79 111 11
79 112 22
79 113 88
79 114 90
79 115 16
79 116 37
80 80 0
80 81 0
80 82 0
80 83 0
80 84 0
80 85 94
80 86 37
80 87 82
80 88 56
80 89 14
80 90 23
80 91 88
80 92 94
80 93 57
80 94 92
80 95 58
80 96 77
80 97 7
80 98 56
80 99 18
80 100 92
80 101 83
80 102 52
80 103 81
80 104 92
80 105 8
80 106 4
80 107 68
80 108 27
80 109 54
80 110 54
80 111 74
80 112 43
80 113 81
80 114 55
80 115 79
80 116 9
81 81 0
81 82 0
81 83 0
81 84 0
81 85 33
81 86 65
81 87 26
81 88 45
81 89 98
81 90 91
81 91 87
81 92 22
81 93 56
81 94 17
81 95 45
81 96 34
81 97 74
81 98 53
81 99 14
81 100 56
81 101 71
81 102 37
81 103 8
81 104 98
81 105 100
81 106 92
81 107 61
81 108 85
81 109 47
81 110 59
81 111 60
81 112 73
81 113 5
81 114 58
81 115 77
81 116 50
82 82 0
82 83 0
82 84 0
82 85 62
82 86 46
82 87 90
82 88 68
82 89 57
82 90 83
82 91 58
82 92 66
82 93 43
82 94 81
82 95 45
82 96 94
82 97 43
82 98 33
82 99 39
82 100 30
82 101 73
82 102 89
82 103 75
82 104 25
82 105 34
82 106 68
82 107 63
82 108 86
82 109 64
82 110 16
82 111 17
82 112 11
82 113 19
82 114 81
82 115 52
82 116 78
83 83 0
83 84 0
83 85 51
83 86 71
83 87 23
83 88 45
83 89 3
83 90 97
83 91 4
83 92 82
83 93 37
83 94 56
83 95 50
83 96 4
83 97 54
83 98 92
83 99 26
83 100 49
83 101 69
83 102 4
83 103 29
83 104 73
83 105 69
83 106 89
83 107 34
83 108 10
83 109 82
83 110 74
83 111 81
83 112 81
83 113 24
83 114 7
83 115 17
83 116 17
84 84 0
84 85 42
84 86 98
84 87 23
84 88 51
84 89 17
84 90 58
84 91 19
84 92 39
84 93 66
84 94 40
84 95 52
84 96 22
84 97 69
84 98 83
84 99 34
84 100 48
84 101 81
84 102 54
84 103 49
84 104 57
84 105 20
84 106 17
84 107 93
84 108 51
84 109 55
84 110 10
84 111 59
84 112 6
84 113 10
84 114 41
84 115 25
84 116 67
85 85 0
85 86 0
85 87 0
85 88 0
85 89 0
85 90 0
85 91 0
85 92 1
85 93 81
85 94 19
85 95 64
85 96 20
85 97 29
85 98 57
85 99 51
85 100 39
85 101 85
85 102 31
85 103 48
85 104 33
85 105 64
85 106 38
85 107 18
85 108 22
85 109 42
85 110 99
85 111 80
85 112 81
85 113 56
85 114 84
85 115 56
85 116 28
86 86 0
86 87 0
86 88 0
86 89 0
86 90 0
86 91 0
86 92 42
86 93 92
86 94 9
86 95 81
86 96 66
86 97 52
86 98 25
86 99 64
86 100 63
86 101 81
86 102 18
86 103 44
86 104 64
86 105 74
86 106 84
86 107 28
86 108 34
86 109 67
86 110 71
86 111 22
86 112 18
86 113 78
86 114 94
86 115 22
86 116 2
87 87 0
87 88 0
87 89 0
87 90 0
87 91 0
87 92 4
87 93 11
87 94 37
87 95 9
87 96 34
87 97 30
87 98 15
87 99 19
87 100 83
87 101 57
87 102 50
87 103 30
87 104 51
87 105 82
87 106 90
87 107 76
87 108 45
87 109 100
87 110 29
87 111 73
87 112 22
87 113 40
87 114 54
87 115 72
87 116 71
88 88 0
88 89 0
88 90 0
88 91 0
88 92 13
88 93 19
88 94 3
88 95 26
88 96 11
88 97 43
88 98 85
88 99 81
88 100 79
88 101 87
88 102 31
88 103 39
88 104 12
88 105 33
88 106 34
88 107 18
88 108 30
88 109 43
88 110 92
88 111 5
88 112 92
88 113 43
88 114 43
88 115 64
88 116 72
89 89 0
89 90 0
89 91 0
89 92 20
89 93 83
89 94 34
89 95 95
89 96 41
89 97 20
89 98 71
89 99 27
89 100 66
89 101 71
89 102 19
89 103 30
89 104 95
89 105 3
89 106 94
89 107 28
89 108 70
89 109 80
89 110 58
89 111 94
89 112 16
89 113 100
89 114 19
89 115 74
89 116 22
90 90 0
90 91 0
90 92 45
90 93 14
90 94 35
90 95 46
90 96 78
90 97 54
90 98 3
90 99 69
90 100 80
90 101 11
90 102 12
90 103 98
90 104 36
90 105 52
90 106 59
90 107 36
90 108 68
90 109 25
90 110 13
90 111 51
90 112 67
90 113 9
90 114 86
90 115 36
90 116 18
91 91 0
91 92 29
91 93 47
91 94 18
91 95 29
91 96 41
91 97 51
91 98 46
91 99 56
91 100 64
91 101 6
91 102 2
91 103 20
91 104 70
91 105 27
91 106 44
91 107 52
91 108 99
91 109 42
91 110 62
91 111 74
91 112 84
91 113 15
91 114 17
91 115 73
91 116 92
92 92 0
92 93 0
92 94 95
92 95 34
92 96 13
92 97 59
92 98 38
92 99 21
92 100 88
92 101 8
92 102 91
92 103 1
92 104 96
92 105 41
92 106 96
92 107 93
92 108 82
92 109 52
92 110 15
92 111 98
92 112 54
92 113 84
92 114 92
92 115 39
92 116 93
93 93 0
93 94 44
93 95 3
93 96 6
93 97 46
93 98 29
93 99 14
93 100 37
93 101 81
93 102 98
93 103 95
93 104 23
93 105 86
93 106 74
93 107 92
93 108 37
93 109 13
93 110 87
93 111 13
93 112 48
93 113 83
93 114 11
93 115 79
93 116 79
94 94 0
94 95 0
94 96 0
94 97 76
94 98 1
94 99 62
94 100 9
94 101 74
94 102 81
94 103 77
94 104 98
94 105 52
94 106 66
94 107 43
94 108 40
94 109 33
94 110 29
94 111 57
94 112 10
94 113 77
94 114 34
94 115 54
94 116 26
95 95 0
95 96 0
95 97 86
95 98 38
95 99 97
95 100 95
95 101 14
95 102 47
95 103 69
95 104 53
95 105 56
95 106 67
95 107 26
95 108 21
95 109 13
95 110 23
95 111 42
95 112 76
95 113 62
95 114 82
95 115 1
95 116 70
96 96 0
96 97 56
96 98 92
96 99 45
96 100 19
96 101 26
96 102 16
96 103 2
96 104 61
96 105 87
96 106 27
96 107 65
96 108 34
96 109 65
96 110 67
96 111 23
96 112 39
96 113 23
96 114 37
96 115 19
96 116 59
97 97 0
97 98 0
97 99 76
97 100 90
97 101 18
97 102 26
97 103 54
97 104 9
97 105 12
97 106 54
97 107 90
97 108 55
97 109 67
97 110 90
97 111 40
97 112 71
97 113 60
97 114 39
97 115 7
97 116 51
98 98 0
98 99 17
98 100 5
98 101 83
98 102 72
98 103 81
98 104 45
98 105 3
98 106 13
98 107 5
98 108 44
98 109 19
98 110 29
98 111 77
98 112 59
98 113 75
98 114 51
98 115 61
98 116 2
99 99 0
99 100 0
99 101 0
99 102 0
99 103 0
99 104 17
99 105 5
99 106 59
99 107 76
99 108 82
99 109 31
99 110 1
99 111 51
99 112 46
99 113 7
99 114 42
99 115 99
99 116 79
100 100 0
100 101 0
100 102 0
100 103 0
100 104 51
100 105 10
100 106 14
100 107 13
100 108 63
100 109 29
100 110 4
100 111 64
100 112 66
100 113 15
100 114 75
100 115 35
100 116 1
101 101 0
101 102 0
101 103 0
101 104 41
101 105 67
101 106 24
101 107 26
101 108 59
101 109 57
101 110 35
101 111 78
101 112 54
101 113 14
101 114 53
101 115 21
101 116 45
102 102 0
102 103 0
102 104 9
102 105 36
102 106 46
102 107 95
102 108 47
102 109 46
102 110 53
102 111 16
102 112 44
102 113 80
102 114 15
102 115 91
102 116 70
103 103 0
103 104 11
103 105 13
103 106 31
103 107 94
103 108 52
103 109 85
103 110 82
103 111 56
103 112 52
103 113 66
103 114 14
103 115 6
103 116 77
104 104 0
104 105 0
104 106 0
104 107 0
104 108 0
104 109 0
104 110 0
104 111 18
104 112 49
104 113 93
104 114 71
104 115 34
104 116 92
105 105 0
105 106 0
105 107 0
105 108 0
105 109 0
105 110 0
105 111 100
105 112 35
105 113 39
105 114 95
105 115 63
105 116 71
106 106 0
106 107 0
106 108 0
106 109 0
106 110 0
106 111 17
106 112 27
106 113 16
106 114 22
106 115 45
106 116 81
107 107 0
107 108 0
107 109 0
107 110 0
107 111 81
107 112 10
107 113 44
107 114 18
107 115 10
107 116 11
108 108 0
108 109 0
108 110 0
108 111 79
108 112 5
108 113 45
108 114 29
108 115 92
108 116 100
109 109 0
109 110 0
109 111 43
109 112 63
109 113 44
109 114 48
109 115 5
109 116 26
110 110 0
110 111 27
110 112 31
110 113 51
110 114 60
110 115 12
110 116 6
111 111 0
111 112 0
111 113 0
111 114 0
111 115 0
111 116 0
112 112 0
112 113 0
112 114 0
112 115 0
112 116 0
113 113 0
113 114 0
113 115 0
113 116 0
114 114 0
114 115 0
114 116 0
115 115 0
115 116 0
116 116 0
