5
10
10
10
10
10
0 0 0
0 1 0
0 2 0
0 3 0
0 4 0
0 5 0
0 6 0
0 7 0
0 8 0
0 9 0
0 10 16
0 11 18
0 12 10
0 13 17
0 14 11
0 15 13
0 16 1
0 17 14
0 18 18
0 19 19
0 20 10
0 21 15
0 22 15
0 23 4
0 24 3
0 25 3
0 26 18
0 27 11
0 28 8
0 29 15
0 30 12
0 31 17
0 32 5
0 33 7
0 34 8
0 35 12
0 36 18
0 37 4
0 38 11
0 39 2
0 40 15
0 41 10
0 42 7
0 43 11
0 44 5
0 45 3
0 46 7
0 47 8
0 48 19
0 49 8
1 1 0
1 2 0
1 3 0
1 4 0
1 5 0
1 6 0
1 7 0
1 8 0
1 9 0
1 10 12
1 11 3
1 12 15
1 13 16
1 14 1
1 15 14
1 16 6
1 17 13
1 18 1
1 19 3
1 20 8
1 21 11
1 22 6
1 23 19
1 24 5
1 25 3
1 26 13
1 27 1
1 28 12
1 29 4
1 30 5
1 31 9
1 32 4
1 33 13
1 34 9
1 35 12
1 36 5
1 37 8
1 38 12
1 39 2
1 40 3
1 41 18
1 42 8
1 43 17
1 44 7
1 45 7
1 46 14
1 47 2
1 48 13
1 49 19
2 2 0
2 3 0
2 4 0
2 5 0
2 6 0
2 7 0
2 8 0
2 9 0
2 10 6
2 11 3
2 12 10
2 13 18
2 14 18
2 15 19
2 16 19
2 17 19
2 18 1
2 19 13
2 20 8
2 21 2
2 22 20
2 23 20
2 24 6
2 25 2
2 26 18
2 27 10
2 28 8
2 29 9
2 30 15
2 31 18
2 32 17
2 33 19
2 34 13
2 35 6
2 36 13
2 37 7
2 38 12
2 39 19
2 40 1
2 41 8
2 42 10
2 43 20
2 44 6
2 45 9
2 46 17
2 47 12
2 48 9
2 49 16
3 3 0
3 4 0
3 5 0
3 6 0
3 7 0
3 8 0
3 9 0
3 10 16
3 11 16
3 12 15
3 13 15
3 14 1
3 15 2
3 16 14
3 17 10
3 18 2
3 19 2
3 20 15
3 21 17
3 22 8
3 23 10
3 24 3
3 25 11
3 26 5
3 27 15
3 28 10
3 29 11
3 30 1
3 31 4
3 32 17
3 33 5
3 34 18
3 35 11
3 36 15
3 37 3
3 38 13
3 39 14
3 40 15
3 41 15
3 42 12
3 43 3
3 44 15
3 45 6
3 46 7
3 47 17
3 48 8
3 49 14
4 4 0
4 5 0
4 6 0
4 7 0
4 8 0
4 9 0
4 10 2
4 11 3
4 12 18
4 13 3
4 14 1
4 15 3
4 16 6
4 17 4
4 18 7
4 19 1
4 20 17
4 21 12
4 22 6
4 23 3
4 24 8
4 25 5
4 26 13
4 27 3
4 28 6
4 29 3
4 30 11
4 31 12
4 32 10
4 33 4
4 34 2
4 35 16
4 36 9
4 37 9
4 38 10
4 39 20
4 40 18
4 41 8
4 42 2
4 43 7
4 44 14
4 45 19
4 46 18
4 47 5
4 48 8
4 49 6
5 5 0
5 6 0
5 7 0
5 8 0
5 9 0
5 10 17
5 11 3
5 12 5
5 13 1
5 14 13
5 15 18
5 16 1
5 17 18
5 18 7
5 19 15
5 20 7
5 21 8
5 22 16
5 23 15
5 24 1
5 25 13
5 26 8
5 27 2
5 28 18
5 29 16
5 30 4
5 31 2
5 32 17
5 33 2
5 34 8
5 35 5
5 36 4
5 37 20
5 38 3
5 39 9
5 40 11
5 41 12
5 42 7
5 43 19
5 44 6
5 45 8
5 46 1
5 47 1
5 48 5
5 49 11
6 6 0
6 7 0
6 8 0
6 9 0
6 10 14
6 11 2
6 12 9
6 13 6
6 14 18
6 15 14
6 16 7
6 17 3
6 18 11
6 19 13
6 20 15
6 21 13
6 22 7
6 23 18
6 24 12
6 25 8
6 26 19
6 27 17
6 28 8
6 29 3
6 30 16
6 31 20
6 32 19
6 33 12
6 34 15
6 35 1
6 36 14
6 37 11
6 38 1
6 39 9
6 40 17
6 41 8
6 42 16
6 43 3
6 44 8
6 45 7
6 46 12
6 47 10
6 48 11
6 49 6
7 7 0
7 8 0
7 9 0
7 10 13
7 11 5
7 12 14
7 13 6
7 14 6
7 15 15
7 16 11
7 17 9
7 18 8
7 19 19
7 20 12
7 21 11
7 22 1
7 23 20
7 24 17
7 25 3
7 26 17
7 27 16
7 28 13
7 29 16
7 30 1
7 31 16
7 32 17
7 33 2
7 34 18
7 35 20
7 36 12
7 37 4
7 38 14
7 39 11
7 40 9
7 41 17
7 42 9
7 43 4
7 44 8
7 45 13
7 46 6
7 47 14
7 48 19
7 49 4
8 8 0
8 9 0
8 10 5
8 11 16
8 12 13
8 13 9
8 14 17
8 15 11
8 16 7
8 17 14
8 18 15
8 19 6
8 20 7
8 21 2
8 22 9
8 23 10
8 24 3
8 25 1
8 26 10
8 27 17
8 28 15
8 29 3
8 30 6
8 31 20
8 32 1
8 33 3
8 34 5
8 35 7
8 36 11
8 37 13
8 38 2
8 39 15
8 40 4
8 41 3
8 42 1
8 43 7
8 44 1
8 45 15
8 46 13
8 47 11
8 48 2
8 49 15
9 9 0
9 10 5
9 11 12
9 12 9
9 13 3
9 14 6
9 15 3
9 16 17
9 17 10
9 18 2
9 19 10
9 20 2
9 21 16
9 22 18
9 23 11
9 24 1
9 25 3
9 26 19
9 27 5
9 28 11
9 29 10
9 30 11
9 31 11
9 32 10
9 33 11
9 34 6
9 35 8
9 36 9
9 37 7
9 38 17
9 39 15
9 40 18
9 41 10
9 42 7
9 43 6
9 44 8
9 45 20
9 46 4
9 47 2
9 48 11
9 49 6
10 10 0
10 11 0
10 12 0
10 13 0
10 14 0
10 15 0
10 16 0
10 17 0
10 18 0
10 19 0
10 20 9
10 21 15
10 22 7
10 23 13
10 24 5
10 25 5
10 26 12
10 27 5
10 28 10
10 29 6
10 30 3
10 31 17
10 32 14
10 33 15
10 34 1
10 35 13
10 36 3
10 37 15
10 38 13
10 39 20
10 40 11
10 41 7
10 42 5
10 43 11
10 44 5
10 45 2
10 46 19
10 47 7
10 48 6
10 49 17
11 11 0
11 12 0
11 13 0
11 14 0
11 15 0
11 16 0
11 17 0
11 18 0
11 19 0
11 20 20
11 21 2
11 22 17
11 23 13
11 24 2
11 25 13
11 26 19
11 27 13
11 28 14
11 29 1
11 30 12
11 31 3
11 32 13
11 33 19
11 34 5
11 35 12
11 36 19
11 37 18
11 38 3
11 39 12
11 40 12
11 41 11
11 42 17
11 43 1
11 44 9
11 45 16
11 46 6
11 47 11
11 48 12
11 49 14
12 12 0
12 13 0
12 14 0
12 15 0
12 16 0
12 17 0
12 18 0
12 19 0
12 20 14
12 21 7
12 22 3
12 23 16
12 24 1
12 25 8
12 26 12
12 27 12
12 28 8
12 29 17
12 30 9
12 31 1
12 32 18
12 33 9
12 34 18
12 35 12
12 36 4
12 37 16
12 38 18
12 39 20
12 40 3
12 41 5
12 42 14
12 43 3
12 44 2
12 45 7
12 46 20
12 47 1
12 48 4
12 49 6
13 13 0
13 14 0
13 15 0
13 16 0
13 17 0
13 18 0
13 19 0
13 20 4
13 21 7
13 22 16
13 23 8
13 24 4
13 25 6
13 26 1
13 27 6
13 28 12
13 29 3
13 30 18
13 31 3
13 32 9
13 33 18
13 34 1
13 35 13
13 36 4
13 37 3
13 38 17
13 39 9
13 40 18
13 41 8
13 42 14
13 43 20
13 44 19
13 45 7
13 46 20
13 47 6
13 48 5
13 49 15
14 14 0
14 15 0
14 16 0
14 17 0
14 18 0
14 19 0
14 20 8
14 21 6
14 22 3
14 23 10
14 24 3
14 25 1
14 26 7
14 27 6
14 28 1
14 29 6
14 30 15
14 31 4
14 32 12
14 33 19
14 34 11
14 35 5
14 36 15
14 37 18
14 38 20
14 39 11
14 40 4
14 41 8
14 42 16
14 43 7
14 44 10
14 45 1
14 46 7
14 47 11
14 48 18
14 49 3
15 15 0
15 16 0
15 17 0
15 18 0
15 19 0
15 20 13
15 21 1
15 22 4
15 23 10
15 24 5
15 25 2
15 26 16
15 27 16
15 28 19
15 29 12
15 30 19
15 31 1
15 32 19
15 33 13
15 34 6
15 35 5
15 36 11
15 37 20
15 38 19
15 39 7
15 40 9
15 41 19
15 42 14
15 43 18
15 44 2
15 45 15
15 46 7
15 47 2
15 48 7
15 49 5
16 16 0
16 17 0
16 18 0
16 19 0
16 20 18
16 21 14
16 22 18
16 23 20
16 24 18
16 25 8
16 26 6
16 27 16
16 28 18
16 29 3
16 30 14
16 31 20
16 32 4
16 33 16
16 34 3
16 35 13
16 36 15
16 37 9
16 38 14
16 39 11
16 40 15
16 41 16
16 42 12
16 43 13
16 44 1
16 45 2
16 46 5
16 47 13
16 48 8
16 49 18
17 17 0
17 18 0
17 19 0
17 20 5
17 21 6
17 22 5
17 23 19
17 24 2
17 25 20
17 26 11
17 27 10
17 28 20
17 29 1
17 30 1
17 31 13
17 32 7
17 33 8
17 34 11
17 35 14
17 36 13
17 37 16
17 38 11
17 39 7
17 40 16
17 41 1
17 42 5
17 43 12
17 44 3
17 45 17
17 46 17
17 47 8
17 48 9
17 49 10
18 18 0
18 19 0
18 20 7
18 21 15
18 22 10
18 23 13
18 24 16
18 25 15
18 26 16
18 27 7
18 28 16
18 29 15
18 30 7
18 31 19
18 32 7
18 33 13
18 34 6
18 35 4
18 36 5
18 37 18
18 38 3
18 39 6
18 40 12
18 41 15
18 42 14
18 43 3
18 44 5
18 45 3
18 46 4
18 47 4
18 48 18
18 49 9
19 19 0
19 20 1
19 21 5
19 22 16
19 23 3
19 24 10
19 25 10
19 26 1
19 27 4
19 28 4
19 29 7
19 30 20
19 31 11
19 32 19
19 33 12
19 34 6
19 35 6
19 36 5
19 37 11
19 38 19
19 39 14
19 40 10
19 41 2
19 42 14
19 43 4
19 44 8
19 45 3
19 46 14
19 47 4
19 48 17
19 49 5
20 20 0
20 21 0
20 22 0
20 23 0
20 24 0
20 25 0
20 26 0
20 27 0
20 28 0
20 29 0
20 30 18
20 31 12
20 32 6
20 33 18
20 34 19
20 35 11
20 36 15
20 37 14
20 38 14
20 39 13
20 40 14
20 41 16
20 42 13
20 43 7
20 44 12
20 45 5
20 46 2
20 47 7
20 48 3
20 49 1
21 21 0
21 22 0
21 23 0
21 24 0
21 25 0
21 26 0
21 27 0
21 28 0
21 29 0
21 30 12
21 31 12
21 32 14
21 33 17
21 34 10
21 35 8
21 36 15
21 37 19
21 38 16
21 39 10
21 40 13
21 41 9
21 42 1
21 43 15
21 44 4
21 45 18
21 46 12
21 47 7
21 48 2
21 49 17
22 22 0
22 23 0
22 24 0
22 25 0
22 26 0
22 27 0
22 28 0
22 29 0
22 30 7
22 31 4
22 32 13
22 33 16
22 34 2
22 35 11
22 36 19
22 37 10
22 38 11
22 39 7
22 40 20
22 41 7
22 42 20
22 43 1
22 44 13
22 45 2
22 46 12
22 47 6
22 48 7
22 49 1
23 23 0
23 24 0
23 25 0
23 26 0
23 27 0
23 28 0
23 29 0
23 30 6
23 31 15
23 32 5
23 33 7
23 34 20
23 35 17
23 36 16
23 37 11
23 38 17
23 39 10
23 40 3
23 41 10
23 42 15
23 43 10
23 44 10
23 45 1
23 46 11
23 47 15
23 48 12
23 49 7
24 24 0
24 25 0
24 26 0
24 27 0
24 28 0
24 29 0
24 30 10
24 31 12
24 32 12
24 33 1
24 34 6
24 35 19
24 36 9
24 37 16
24 38 12
24 39 6
24 40 13
24 41 7
24 42 9
24 43 6
24 44 8
24 45 4
24 46 6
24 47 9
24 48 17
24 49 17
25 25 0
25 26 0
25 27 0
25 28 0
25 29 0
25 30 13
25 31 16
25 32 1
25 33 19
25 34 12
25 35 3
25 36 2
25 37 19
25 38 17
25 39 7
25 40 10
25 41 19
25 42 14
25 43 8
25 44 2
25 45 19
25 46 5
25 47 1
25 48 2
25 49 8
26 26 0
26 27 0
26 28 0
26 29 0
26 30 2
26 31 8
26 32 5
26 33 11
26 34 14
26 35 4
26 36 9
26 37 3
26 38 1
26 39 1
26 40 16
26 41 1
26 42 16
26 43 8
26 44 12
26 45 13
26 46 13
26 47 9
26 48 4
26 49 19
27 27 0
27 28 0
27 29 0
27 30 2
27 31 1
27 32 20
27 33 1
27 34 5
27 35 15
27 36 2
27 37 15
27 38 15
27 39 5
27 40 10
27 41 15
27 42 12
27 43 15
27 44 5
27 45 19
27 46 15
27 47 4
27 48 6
27 49 10
28 28 0
28 29 0
28 30 5
28 31 5
28 32 12
28 33 2
28 34 14
28 35 5
28 36 19
28 37 4
28 38 19
28 39 3
28 40 7
28 41 15
28 42 13
28 43 19
28 44 20
28 45 5
28 46 10
28 47 6
28 48 20
28 49 12
29 29 0
29 30 1
29 31 13
29 32 16
29 33 20
29 34 4
29 35 1
29 36 12
29 37 18
29 38 19
29 39 3
29 40 9
29 41 16
29 42 18
29 43 15
29 44 4
29 45 16
29 46 17
29 47 2
29 48 14
29 49 16
30 30 0
30 31 0
30 32 0
30 33 0
30 34 0
30 35 0
30 36 0
30 37 0
30 38 0
30 39 0
30 40 8
30 41 14
30 42 9
30 43 10
30 44 12
30 45 10
30 46 20
30 47 16
30 48 2
30 49 12
31 31 0
31 32 0
31 33 0
31 34 0
31 35 0
31 36 0
31 37 0
31 38 0
31 39 0
31 40 8
31 41 6
31 42 19
31 43 4
31 44 5
31 45 7
31 46 2
31 47 10
31 48 17
31 49 2
32 32 0
32 33 0
32 34 0
32 35 0
32 36 0
32 37 0
32 38 0
32 39 0
32 40 14
32 41 12
32 42 9
32 43 10
32 44 5
32 45 1
32 46 16
32 47 6
32 48 13
32 49 1
33 33 0
33 34 0
33 35 0
33 36 0
33 37 0
33 38 0
33 39 0
33 40 1
33 41 15
33 42 2
33 43 10
33 44 9
33 45 17
33 46 5
33 47 12
33 48 6
33 49 12
34 34 0
34 35 0
34 36 0
34 37 0
34 38 0
34 39 0
34 40 12
34 41 3
34 42 3
34 43 20
34 44 1
34 45 9
34 46 17
34 47 16
34 48 5
34 49 15
35 35 0
35 36 0
35 37 0
35 38 0
35 39 0
35 40 15
35 41 20
35 42 11
35 43 8
35 44 14
35 45 18
35 46 2
35 47 2
35 48 11
35 49 7
36 36 0
36 37 0
36 38 0
36 39 0
36 40 2
36 41 17
36 42 19
36 43 12
36 44 10
36 45 6
36 46 18
36 47 7
36 48 14
36 49 9
37 37 0
37 38 0
37 39 0
37 40 3
37 41 13
37 42 17
37 43 9
37 44 4
37 45 17
37 46 9
37 47 10
37 48 13
37 49 11
38 38 0
38 39 0
38 40 20
38 41 13
38 42 3
38 43 4
38 44 6
38 45 14
38 46 8
38 47 9
38 48 1
38 49 7
39 39 0
39 40 2
39 41 11
39 42 2
39 43 8
39 44 11
39 45 13
39 46 9
39 47 19
39 48 3
39 49 13
40 40 0
40 41 0
40 42 0
40 43 0
40 44 0
40 45 0
40 46 0
40 47 0
40 48 0
40 49 0
41 41 0
41 42 0
41 43 0
41 44 0
41 45 0
41 46 0
41 47 0
41 48 0
41 49 0
42 42 0
42 43 0
42 44 0
42 45 0
42 46 0
42 47 0
42 48 0
42 49 0
43 43 0
43 44 0
43 45 0
43 46 0
43 47 0
43 48 0
43 49 0
44 44 0
44 45 0
44 46 0
44 47 0
44 48 0
44 49 0
45 45 0
45 46 0
45 47 0
45 48 0
45 49 0
46 46 0
46 47 0
46 48 0
46 49 0
47 47 0
47 48 0
47 49 0
48 48 0
48 49 0
49 49 0
