10
10
10
10
10
10
10
10
10
10
10
0 0 0
0 1 0
0 2 0
0 3 0
0 4 0
0 5 0
0 6 0
0 7 0
0 8 0
0 9 0
0 10 10
0 11 16
0 12 7
0 13 3
0 14 16
0 15 20
0 16 13
0 17 17
0 18 9
0 19 3
0 20 2
0 21 4
0 22 1
0 23 16
0 24 12
0 25 9
0 26 17
0 27 8
0 28 20
0 29 18
0 30 6
0 31 13
0 32 17
0 33 20
0 34 9
0 35 8
0 36 13
0 37 4
0 38 16
0 39 2
0 40 11
0 41 6
0 42 3
0 43 5
0 44 13
0 45 1
0 46 15
0 47 12
0 48 8
0 49 3
0 50 7
0 51 18
0 52 10
0 53 5
0 54 13
0 55 3
0 56 9
0 57 5
0 58 4
0 59 18
0 60 19
0 61 1
0 62 9
0 63 19
0 64 8
0 65 11
0 66 14
0 67 16
0 68 7
0 69 7
0 70 19
0 71 20
0 72 15
0 73 20
0 74 8
0 75 19
0 76 11
0 77 12
0 78 14
0 79 14
0 80 13
0 81 6
0 82 14
0 83 19
0 84 14
0 85 12
0 86 1
0 87 13
0 88 20
0 89 7
0 90 10
0 91 6
0 92 7
0 93 6
0 94 4
0 95 17
0 96 1
0 97 7
0 98 16
0 99 4
1 1 0
1 2 0
1 3 0
1 4 0
1 5 0
1 6 0
1 7 0
1 8 0
1 9 0
1 10 1
1 11 16
1 12 5
1 13 13
1 14 16
1 15 10
1 16 15
1 17 5
1 18 6
1 19 2
1 20 16
1 21 2
1 22 1
1 23 6
1 24 11
1 25 7
1 26 8
1 27 11
1 28 14
1 29 16
1 30 5
1 31 1
1 32 1
1 33 8
1 34 19
1 35 15
1 36 7
1 37 15
1 38 1
1 39 6
1 40 13
1 41 14
1 42 18
1 43 1
1 44 5
1 45 1
1 46 12
1 47 17
1 48 12
1 49 14
1 50 10
1 51 9
1 52 16
1 53 13
1 54 4
1 55 16
1 56 20
1 57 6
1 58 1
1 59 10
1 60 2
1 61 17
1 62 13
1 63 14
1 64 11
1 65 2
1 66 10
1 67 8
1 68 9
1 69 17
1 70 11
1 71 16
1 72 13
1 73 8
1 74 15
1 75 12
1 76 19
1 77 8
1 78 14
1 79 3
1 80 13
1 81 17
1 82 11
1 83 19
1 84 11
1 85 19
1 86 7
1 87 14
1 88 19
1 89 20
1 90 8
1 91 11
1 92 18
1 93 15
1 94 14
1 95 8
1 96 7
1 97 7
1 98 11
1 99 13
2 2 0
2 3 0
2 4 0
2 5 0
2 6 0
2 7 0
2 8 0
2 9 0
2 10 5
2 11 15
2 12 3
2 13 8
2 14 20
2 15 17
2 16 15
2 17 12
2 18 20
2 19 9
2 20 14
2 21 2
2 22 16
2 23 6
2 24 6
2 25 13
2 26 14
2 27 6
2 28 9
2 29 13
2 30 8
2 31 12
2 32 18
2 33 6
2 34 12
2 35 18
2 36 3
2 37 6
2 38 1
2 39 5
2 40 14
2 41 16
2 42 15
2 43 10
2 44 4
2 45 15
2 46 7
2 47 8
2 48 14
2 49 1
2 50 11
2 51 4
2 52 2
2 53 12
2 54 12
2 55 15
2 56 10
2 57 20
2 58 3
2 59 8
2 60 3
2 61 18
2 62 8
2 63 8
2 64 3
2 65 12
2 66 19
2 67 11
2 68 12
2 69 1
2 70 13
2 71 17
2 72 13
2 73 6
2 74 4
2 75 1
2 76 4
2 77 8
2 78 2
2 79 12
2 80 12
2 81 8
2 82 11
2 83 10
2 84 16
2 85 4
2 86 15
2 87 6
2 88 10
2 89 2
2 90 12
2 91 3
2 92 11
2 93 5
2 94 15
2 95 19
2 96 5
2 97 7
2 98 18
2 99 8
3 3 0
3 4 0
3 5 0
3 6 0
3 7 0
3 8 0
3 9 0
3 10 9
3 11 19
3 12 10
3 13 10
3 14 16
3 15 1
3 16 7
3 17 17
3 18 20
3 19 11
3 20 19
3 21 8
3 22 6
3 23 15
3 24 14
3 25 2
3 26 18
3 27 7
3 28 19
3 29 3
3 30 15
3 31 18
3 32 4
3 33 13
3 34 13
3 35 14
3 36 2
3 37 8
3 38 14
3 39 5
3 40 12
3 41 9
3 42 16
3 43 8
3 44 11
3 45 13
3 46 19
3 47 1
3 48 4
3 49 13
3 50 5
3 51 6
3 52 19
3 53 7
3 54 4
3 55 8
3 56 3
3 57 10
3 58 4
3 59 1
3 60 14
3 61 7
3 62 9
3 63 12
3 64 16
3 65 8
3 66 12
3 67 5
3 68 7
3 69 4
3 70 1
3 71 11
3 72 12
3 73 14
3 74 5
3 75 9
3 76 5
3 77 16
3 78 19
3 79 9
3 80 20
3 81 9
3 82 20
3 83 11
3 84 4
3 85 4
3 86 6
3 87 18
3 88 14
3 89 14
3 90 3
3 91 20
3 92 10
3 93 19
3 94 15
3 95 18
3 96 19
3 97 12
3 98 1
3 99 6
4 4 0
4 5 0
4 6 0
4 7 0
4 8 0
4 9 0
4 10 1
4 11 7
4 12 8
4 13 12
4 14 8
4 15 14
4 16 12
4 17 3
4 18 3
4 19 15
4 20 20
4 21 1
4 22 17
4 23 13
4 24 15
4 25 13
4 26 12
4 27 8
4 28 17
4 29 16
4 30 4
4 31 17
4 32 8
4 33 8
4 34 1
4 35 2
4 36 12
4 37 9
4 38 9
4 39 9
4 40 19
4 41 1
4 42 13
4 43 13
4 44 17
4 45 18
4 46 1
4 47 3
4 48 14
4 49 20
4 50 3
4 51 12
4 52 7
4 53 12
4 54 4
4 55 3
4 56 8
4 57 12
4 58 12
4 59 12
4 60 13
4 61 1
4 62 16
4 63 2
4 64 9
4 65 10
4 66 20
4 67 2
4 68 5
4 69 15
4 70 18
4 71 14
4 72 20
4 73 4
4 74 6
4 75 5
4 76 13
4 77 17
4 78 18
4 79 4
4 80 2
4 81 11
4 82 3
4 83 1
4 84 9
4 85 10
4 86 16
4 87 7
4 88 12
4 89 20
4 90 5
4 91 5
4 92 8
4 93 10
4 94 12
4 95 11
4 96 7
4 97 6
4 98 1
4 99 9
5 5 0
5 6 0
5 7 0
5 8 0
5 9 0
5 10 14
5 11 5
5 12 14
5 13 8
5 14 14
5 15 20
5 16 9
5 17 2
5 18 2
5 19 13
5 20 16
5 21 5
5 22 8
5 23 8
5 24 3
5 25 19
5 26 15
5 27 9
5 28 12
5 29 14
5 30 17
5 31 4
5 32 19
5 33 11
5 34 6
5 35 6
5 36 17
5 37 6
5 38 6
5 39 19
5 40 10
5 41 15
5 42 11
5 43 18
5 44 17
5 45 8
5 46 1
5 47 9
5 48 9
5 49 7
5 50 19
5 51 4
5 52 13
5 53 20
5 54 6
5 55 6
5 56 2
5 57 15
5 58 11
5 59 20
5 60 18
5 61 7
5 62 8
5 63 17
5 64 8
5 65 19
5 66 16
5 67 12
5 68 7
5 69 14
5 70 8
5 71 1
5 72 9
5 73 2
5 74 14
5 75 3
5 76 2
5 77 2
5 78 6
5 79 20
5 80 4
5 81 7
5 82 9
5 83 2
5 84 11
5 85 3
5 86 8
5 87 1
5 88 5
5 89 15
5 90 8
5 91 4
5 92 8
5 93 16
5 94 7
5 95 6
5 96 18
5 97 20
5 98 6
5 99 8
6 6 0
6 7 0
6 8 0
6 9 0
6 10 3
6 11 5
6 12 1
6 13 18
6 14 11
6 15 19
6 16 12
6 17 20
6 18 20
6 19 3
6 20 2
6 21 18
6 22 18
6 23 14
6 24 8
6 25 17
6 26 14
6 27 6
6 28 15
6 29 14
6 30 4
6 31 5
6 32 4
6 33 2
6 34 3
6 35 6
6 36 13
6 37 1
6 38 1
6 39 8
6 40 16
6 41 4
6 42 2
6 43 10
6 44 4
6 45 4
6 46 8
6 47 15
6 48 19
6 49 3
6 50 19
6 51 2
6 52 5
6 53 19
6 54 1
6 55 2
6 56 7
6 57 4
6 58 1
6 59 1
6 60 5
6 61 13
6 62 6
6 63 18
6 64 3
6 65 20
6 66 15
6 67 18
6 68 1
6 69 17
6 70 11
6 71 12
6 72 19
6 73 19
6 74 10
6 75 14
6 76 12
6 77 5
6 78 11
6 79 11
6 80 5
6 81 7
6 82 12
6 83 9
6 84 4
6 85 9
6 86 8
6 87 11
6 88 4
6 89 20
6 90 16
6 91 1
6 92 6
6 93 11
6 94 3
6 95 4
6 96 18
6 97 6
6 98 20
6 99 13
7 7 0
7 8 0
7 9 0
7 10 11
7 11 12
7 12 7
7 13 16
7 14 11
7 15 1
7 16 11
7 17 11
7 18 4
7 19 19
7 20 12
7 21 3
7 22 15
7 23 7
7 24 17
7 25 11
7 26 4
7 27 16
7 28 14
7 29 8
7 30 18
7 31 14
7 32 15
7 33 10
7 34 19
7 35 9
7 36 4
7 37 8
7 38 6
7 39 19
7 40 9
7 41 12
7 42 10
7 43 16
7 44 15
7 45 9
7 46 4
7 47 11
7 48 11
7 49 9
7 50 16
7 51 18
7 52 19
7 53 4
7 54 10
7 55 7
7 56 17
7 57 10
7 58 18
7 59 2
7 60 6
7 61 7
7 62 4
7 63 11
7 64 20
7 65 8
7 66 7
7 67 14
7 68 4
7 69 7
7 70 9
7 71 3
7 72 4
7 73 1
7 74 11
7 75 5
7 76 16
7 77 5
7 78 13
7 79 12
7 80 17
7 81 6
7 82 14
7 83 5
7 84 13
7 85 3
7 86 17
7 87 9
7 88 20
7 89 13
7 90 11
7 91 19
7 92 8
7 93 2
7 94 19
7 95 14
7 96 12
7 97 19
7 98 4
7 99 3
8 8 0
8 9 0
8 10 19
8 11 10
8 12 10
8 13 3
8 14 11
8 15 13
8 16 9
8 17 8
8 18 17
8 19 3
8 20 13
8 21 14
8 22 7
8 23 14
8 24 5
8 25 20
8 26 7
8 27 12
8 28 5
8 29 6
8 30 15
8 31 10
8 32 18
8 33 1
8 34 3
8 35 16
8 36 8
8 37 15
8 38 11
8 39 1
8 40 1
8 41 20
8 42 14
8 43 4
8 44 1
8 45 9
8 46 18
8 47 1
8 48 15
8 49 9
8 50 18
8 51 13
8 52 8
8 53 17
8 54 17
8 55 3
8 56 4
8 57 10
8 58 5
8 59 20
8 60 10
8 61 16
8 62 9
8 63 14
8 64 18
8 65 4
8 66 15
8 67 18
8 68 7
8 69 18
8 70 15
8 71 1
8 72 6
8 73 7
8 74 13
8 75 14
8 76 6
8 77 12
8 78 16
8 79 4
8 80 4
8 81 6
8 82 1
8 83 2
8 84 4
8 85 2
8 86 2
8 87 19
8 88 20
8 89 10
8 90 10
8 91 14
8 92 18
8 93 17
8 94 3
8 95 13
8 96 5
8 97 12
8 98 14
8 99 14
9 9 0
9 10 10
9 11 12
9 12 10
9 13 11
9 14 7
9 15 19
9 16 2
9 17 5
9 18 10
9 19 14
9 20 4
9 21 3
9 22 5
9 23 6
9 24 19
9 25 20
9 26 8
9 27 20
9 28 1
9 29 1
9 30 3
9 31 5
9 32 1
9 33 15
9 34 20
9 35 8
9 36 1
9 37 3
9 38 5
9 39 12
9 40 2
9 41 20
9 42 17
9 43 7
9 44 12
9 45 1
9 46 14
9 47 16
9 48 8
9 49 5
9 50 16
9 51 2
9 52 18
9 53 19
9 54 10
9 55 15
9 56 19
9 57 19
9 58 10
9 59 3
9 60 4
9 61 4
9 62 1
9 63 6
9 64 19
9 65 10
9 66 8
9 67 20
9 68 15
9 69 17
9 70 16
9 71 6
9 72 7
9 73 20
9 74 15
9 75 10
9 76 12
9 77 13
9 78 9
9 79 11
9 80 7
9 81 15
9 82 16
9 83 14
9 84 6
9 85 20
9 86 17
9 87 16
9 88 15
9 89 15
9 90 20
9 91 12
9 92 15
9 93 19
9 94 18
9 95 12
9 96 5
9 97 13
9 98 7
9 99 2
10 10 0
10 11 0
10 12 0
10 13 0
10 14 0
10 15 0
10 16 0
10 17 0
10 18 0
10 19 0
10 20 3
10 21 3
10 22 5
10 23 3
10 24 9
10 25 16
10 26 10
10 27 7
10 28 7
10 29 17
10 30 11
10 31 17
10 32 2
10 33 3
10 34 8
10 35 7
10 36 20
10 37 13
10 38 8
10 39 4
10 40 7
10 41 6
10 42 4
10 43 2
10 44 15
10 45 19
10 46 19
10 47 8
10 48 1
10 49 6
10 50 19
10 51 20
10 52 10
10 53 8
10 54 6
10 55 14
10 56 18
10 57 3
10 58 18
10 59 9
10 60 20
10 61 15
10 62 16
10 63 3
10 64 4
10 65 2
10 66 1
10 67 8
10 68 2
10 69 7
10 70 7
10 71 14
10 72 1
10 73 6
10 74 6
10 75 15
10 76 15
10 77 3
10 78 6
10 79 1
10 80 17
10 81 8
10 82 14
10 83 11
10 84 19
10 85 12
10 86 5
10 87 9
10 88 11
10 89 2
10 90 11
10 91 5
10 92 16
10 93 6
10 94 4
10 95 2
10 96 16
10 97 2
10 98 20
10 99 4
11 11 0
11 12 0
11 13 0
11 14 0
11 15 0
11 16 0
11 17 0
11 18 0
11 19 0
11 20 5
11 21 15
11 22 14
11 23 4
11 24 4
11 25 9
11 26 15
11 27 6
11 28 16
11 29 15
11 30 9
11 31 10
11 32 3
11 33 7
11 34 14
11 35 20
11 36 3
11 37 1
11 38 5
11 39 17
11 40 5
11 41 6
11 42 16
11 43 13
11 44 7
11 45 9
11 46 14
11 47 8
11 48 19
11 49 1
11 50 3
11 51 19
11 52 17
11 53 11
11 54 3
11 55 3
11 56 8
11 57 9
11 58 4
11 59 7
11 60 14
11 61 7
11 62 17
11 63 14
11 64 7
11 65 15
11 66 18
11 67 20
11 68 14
11 69 2
11 70 8
11 71 2
11 72 3
11 73 5
11 74 8
11 75 14
11 76 17
11 77 12
11 78 19
11 79 1
11 80 16
11 81 11
11 82 8
11 83 17
11 84 5
11 85 17
11 86 3
11 87 19
11 88 11
11 89 7
11 90 11
11 91 13
11 92 19
11 93 6
11 94 16
11 95 19
11 96 17
11 97 15
11 98 20
11 99 7
12 12 0
12 13 0
12 14 0
12 15 0
12 16 0
12 17 0
12 18 0
12 19 0
12 20 2
12 21 20
12 22 20
12 23 18
12 24 19
12 25 11
12 26 5
12 27 13
12 28 5
12 29 17
12 30 15
12 31 20
12 32 17
12 33 3
12 34 8
12 35 8
12 36 10
12 37 12
12 38 16
12 39 16
12 40 2
12 41 4
12 42 11
12 43 14
12 44 5
12 45 19
12 46 13
12 47 5
12 48 2
12 49 10
12 50 17
12 51 10
12 52 8
12 53 13
12 54 4
12 55 1
12 56 5
12 57 18
12 58 13
12 59 3
12 60 10
12 61 14
12 62 20
12 63 9
12 64 14
12 65 8
12 66 13
12 67 3
12 68 20
12 69 1
12 70 12
12 71 6
12 72 18
12 73 18
12 74 5
12 75 5
12 76 1
12 77 4
12 78 17
12 79 1
12 80 8
12 81 1
12 82 12
12 83 5
12 84 19
12 85 6
12 86 6
12 87 14
12 88 3
12 89 10
12 90 7
12 91 16
12 92 7
12 93 19
12 94 17
12 95 18
12 96 16
12 97 17
12 98 1
12 99 1
13 13 0
13 14 0
13 15 0
13 16 0
13 17 0
13 18 0
13 19 0
13 20 3
13 21 5
13 22 11
13 23 20
13 24 14
13 25 1
13 26 5
13 27 14
13 28 8
13 29 13
13 30 10
13 31 10
13 32 9
13 33 9
13 34 3
13 35 20
13 36 18
13 37 6
13 38 13
13 39 15
13 40 18
13 41 19
13 42 5
13 43 7
13 44 5
13 45 10
13 46 14
13 47 16
13 48 17
13 49 9
13 50 13
13 51 19
13 52 12
13 53 7
13 54 6
13 55 6
13 56 15
13 57 5
13 58 15
13 59 13
13 60 7
13 61 9
13 62 1
13 63 18
13 64 12
13 65 3
13 66 7
13 67 18
13 68 9
13 69 12
13 70 19
13 71 13
13 72 8
13 73 14
13 74 5
13 75 16
13 76 10
13 77 5
13 78 6
13 79 19
13 80 16
13 81 1
13 82 4
13 83 18
13 84 19
13 85 20
13 86 7
13 87 18
13 88 13
13 89 10
13 90 3
13 91 1
13 92 14
13 93 14
13 94 12
13 95 12
13 96 4
13 97 19
13 98 16
13 99 17
14 14 0
14 15 0
14 16 0
14 17 0
14 18 0
14 19 0
14 20 13
14 21 11
14 22 14
14 23 15
14 24 14
14 25 11
14 26 2
14 27 10
14 28 6
14 29 16
14 30 1
14 31 12
14 32 9
14 33 9
14 34 9
14 35 17
14 36 1
14 37 16
14 38 17
14 39 17
14 40 7
14 41 16
14 42 11
14 43 19
14 44 6
14 45 1
14 46 14
14 47 4
14 48 12
14 49 20
14 50 9
14 51 2
14 52 10
14 53 7
14 54 4
14 55 6
14 56 14
14 57 19
14 58 5
14 59 6
14 60 8
14 61 10
14 62 15
14 63 19
14 64 6
14 65 6
14 66 7
14 67 17
14 68 6
14 69 5
14 70 10
14 71 16
14 72 17
14 73 16
14 74 8
14 75 17
14 76 1
14 77 15
14 78 17
14 79 1
14 80 6
14 81 12
14 82 3
14 83 19
14 84 3
14 85 16
14 86 6
14 87 16
14 88 5
14 89 5
14 90 18
14 91 12
14 92 11
14 93 14
14 94 2
14 95 9
14 96 17
14 97 10
14 98 17
14 99 7
15 15 0
15 16 0
15 17 0
15 18 0
15 19 0
15 20 15
15 21 10
15 22 14
15 23 4
15 24 13
15 25 4
15 26 4
15 27 3
15 28 1
15 29 8
15 30 7
15 31 19
15 32 6
15 33 4
15 34 15
15 35 10
15 36 5
15 37 7
15 38 16
15 39 11
15 40 20
15 41 12
15 42 19
15 43 10
15 44 9
15 45 9
15 46 10
15 47 3
15 48 7
15 49 4
15 50 17
15 51 10
15 52 4
15 53 8
15 54 7
15 55 15
15 56 6
15 57 2
15 58 3
15 59 13
15 60 6
15 61 4
15 62 19
15 63 1
15 64 4
15 65 7
15 66 8
15 67 15
15 68 3
15 69 7
15 70 5
15 71 5
15 72 10
15 73 2
15 74 11
15 75 20
15 76 6
15 77 11
15 78 20
15 79 20
15 80 20
15 81 4
15 82 2
15 83 16
15 84 9
15 85 15
15 86 5
15 87 19
15 88 6
15 89 16
15 90 2
15 91 2
15 92 5
15 93 17
15 94 10
15 95 19
15 96 3
15 97 13
15 98 11
15 99 7
16 16 0
16 17 0
16 18 0
16 19 0
16 20 6
16 21 5
16 22 5
16 23 13
16 24 2
16 25 11
16 26 17
16 27 2
16 28 11
16 29 9
16 30 20
16 31 2
16 32 7
16 33 10
16 34 10
16 35 2
16 36 3
16 37 1
16 38 7
16 39 13
16 40 18
16 41 9
16 42 9
16 43 11
16 44 18
16 45 10
16 46 18
16 47 18
16 48 17
16 49 3
16 50 7
16 51 12
16 52 14
16 53 13
16 54 13
16 55 7
16 56 1
16 57 3
16 58 4
16 59 20
16 60 7
16 61 2
16 62 20
16 63 3
16 64 5
16 65 18
16 66 13
16 67 3
16 68 15
16 69 17
16 70 12
16 71 2
16 72 15
16 73 18
16 74 1
16 75 1
16 76 11
16 77 4
16 78 7
16 79 12
16 80 13
16 81 17
16 82 6
16 83 10
16 84 3
16 85 20
16 86 18
16 87 9
16 88 12
16 89 20
16 90 18
16 91 7
16 92 12
16 93 3
16 94 4
16 95 2
16 96 10
16 97 1
16 98 6
16 99 9
17 17 0
17 18 0
17 19 0
17 20 9
17 21 16
17 22 13
17 23 7
17 24 11
17 25 11
17 26 5
17 27 5
17 28 17
17 29 9
17 30 11
17 31 9
17 32 18
17 33 3
17 34 2
17 35 18
17 36 16
17 37 7
17 38 17
17 39 1
17 40 7
17 41 12
17 42 17
17 43 19
17 44 2
17 45 1
17 46 20
17 47 20
17 48 10
17 49 2
17 50 9
17 51 4
17 52 4
17 53 12
17 54 15
17 55 10
17 56 1
17 57 18
17 58 7
17 59 16
17 60 14
17 61 8
17 62 7
17 63 14
17 64 6
17 65 20
17 66 3
17 67 18
17 68 15
17 69 16
17 70 7
17 71 16
17 72 4
17 73 18
17 74 8
17 75 10
17 76 3
17 77 18
17 78 17
17 79 10
17 80 19
17 81 8
17 82 14
17 83 20
17 84 8
17 85 1
17 86 20
17 87 15
17 88 3
17 89 12
17 90 18
17 91 18
17 92 14
17 93 2
17 94 2
17 95 1
17 96 15
17 97 3
17 98 11
17 99 4
18 18 0
18 19 0
18 20 4
18 21 1
18 22 4
18 23 9
18 24 19
18 25 7
18 26 4
18 27 13
18 28 13
18 29 13
18 30 18
18 31 8
18 32 18
18 33 20
18 34 2
18 35 18
18 36 16
18 37 15
18 38 3
18 39 18
18 40 10
18 41 1
18 42 6
18 43 17
18 44 9
18 45 3
18 46 17
18 47 20
18 48 9
18 49 5
18 50 14
18 51 2
18 52 8
18 53 8
18 54 16
18 55 17
18 56 13
18 57 7
18 58 19
18 59 15
18 60 15
18 61 16
18 62 2
18 63 12
18 64 3
18 65 4
18 66 4
18 67 10
18 68 8
18 69 5
18 70 15
18 71 11
18 72 20
18 73 19
18 74 11
18 75 1
18 76 17
18 77 18
18 78 17
18 79 7
18 80 3
18 81 18
18 82 6
18 83 20
18 84 4
18 85 5
18 86 6
18 87 10
18 88 20
18 89 11
18 90 20
18 91 1
18 92 17
18 93 7
18 94 7
18 95 2
18 96 13
18 97 3
18 98 14
18 99 6
19 19 0
19 20 16
19 21 1
19 22 20
19 23 9
19 24 2
19 25 13
19 26 18
19 27 13
19 28 20
19 29 13
19 30 12
19 31 15
19 32 13
19 33 1
19 34 11
19 35 16
19 36 5
19 37 12
19 38 7
19 39 16
19 40 16
19 41 1
19 42 8
19 43 5
19 44 16
19 45 8
19 46 10
19 47 9
19 48 4
19 49 1
19 50 12
19 51 17
19 52 7
19 53 13
19 54 20
19 55 18
19 56 17
19 57 5
19 58 2
19 59 17
19 60 12
19 61 7
19 62 12
19 63 1
19 64 14
19 65 19
19 66 1
19 67 14
19 68 12
19 69 12
19 70 16
19 71 10
19 72 12
19 73 10
19 74 20
19 75 12
19 76 18
19 77 10
19 78 15
19 79 7
19 80 6
19 81 15
19 82 15
19 83 6
19 84 2
19 85 18
19 86 12
19 87 12
19 88 20
19 89 17
19 90 7
19 91 15
19 92 9
19 93 3
19 94 7
19 95 7
19 96 10
19 97 6
19 98 3
19 99 19
20 20 0
20 21 0
20 22 0
20 23 0
20 24 0
20 25 0
20 26 0
20 27 0
20 28 0
20 29 0
20 30 17
20 31 10
20 32 20
20 33 18
20 34 16
20 35 12
20 36 5
20 37 17
20 38 4
20 39 4
20 40 5
20 41 10
20 42 19
20 43 9
20 44 2
20 45 7
20 46 15
20 47 3
20 48 18
20 49 8
20 50 13
20 51 19
20 52 5
20 53 11
20 54 19
20 55 4
20 56 3
20 57 12
20 58 19
20 59 2
20 60 13
20 61 2
20 62 10
20 63 2
20 64 11
20 65 6
20 66 4
20 67 7
20 68 5
20 69 13
20 70 1
20 71 15
20 72 16
20 73 18
20 74 11
20 75 13
20 76 6
20 77 8
20 78 9
20 79 10
20 80 8
20 81 20
20 82 17
20 83 17
20 84 4
20 85 4
20 86 5
20 87 4
20 88 19
20 89 1
20 90 18
20 91 1
20 92 16
20 93 2
20 94 12
20 95 14
20 96 3
20 97 17
20 98 16
20 99 1
21 21 0
21 22 0
21 23 0
21 24 0
21 25 0
21 26 0
21 27 0
21 28 0
21 29 0
21 30 13
21 31 2
21 32 7
21 33 16
21 34 16
21 35 6
21 36 1
21 37 11
21 38 14
21 39 15
21 40 1
21 41 3
21 42 1
21 43 16
21 44 17
21 45 15
21 46 4
21 47 2
21 48 13
21 49 7
21 50 2
21 51 11
21 52 9
21 53 18
21 54 14
21 55 5
21 56 13
21 57 6
21 58 11
21 59 6
21 60 9
21 61 18
21 62 5
21 63 7
21 64 16
21 65 6
21 66 5
21 67 8
21 68 20
21 69 20
21 70 19
21 71 19
21 72 10
21 73 20
21 74 5
21 75 6
21 76 15
21 77 19
21 78 18
21 79 8
21 80 20
21 81 18
21 82 17
21 83 18
21 84 11
21 85 19
21 86 17
21 87 3
21 88 7
21 89 17
21 90 3
21 91 17
21 92 7
21 93 9
21 94 14
21 95 5
21 96 17
21 97 10
21 98 14
21 99 7
22 22 0
22 23 0
22 24 0
22 25 0
22 26 0
22 27 0
22 28 0
22 29 0
22 30 1
22 31 14
22 32 5
22 33 19
22 34 16
22 35 11
22 36 5
22 37 7
22 38 10
22 39 10
22 40 15
22 41 3
22 42 9
22 43 6
22 44 9
22 45 11
22 46 2
22 47 4
22 48 16
22 49 14
22 50 3
22 51 17
22 52 18
22 53 7
22 54 18
22 55 15
22 56 6
22 57 13
22 58 9
22 59 17
22 60 13
22 61 4
22 62 1
22 63 17
22 64 2
22 65 1
22 66 16
22 67 10
22 68 17
22 69 16
22 70 19
22 71 19
22 72 12
22 73 10
22 74 7
22 75 5
22 76 16
22 77 12
22 78 11
22 79 11
22 80 13
22 81 3
22 82 10
22 83 19
22 84 2
22 85 12
22 86 10
22 87 16
22 88 7
22 89 1
22 90 15
22 91 12
22 92 9
22 93 16
22 94 13
22 95 17
22 96 14
22 97 11
22 98 12
22 99 6
23 23 0
23 24 0
23 25 0
23 26 0
23 27 0
23 28 0
23 29 0
23 30 10
23 31 12
23 32 14
23 33 5
23 34 12
23 35 12
23 36 9
23 37 3
23 38 8
23 39 9
23 40 8
23 41 14
23 42 13
23 43 11
23 44 20
23 45 4
23 46 17
23 47 1
23 48 9
23 49 14
23 50 16
23 51 3
23 52 5
23 53 10
23 54 3
23 55 8
23 56 8
23 57 19
23 58 2
23 59 20
23 60 5
23 61 17
23 62 1
23 63 10
23 64 19
23 65 20
23 66 6
23 67 17
23 68 3
23 69 7
23 70 4
23 71 6
23 72 12
23 73 18
23 74 13
23 75 20
23 76 18
23 77 7
23 78 4
23 79 13
23 80 9
23 81 8
23 82 12
23 83 19
23 84 7
23 85 19
23 86 20
23 87 3
23 88 2
23 89 16
23 90 20
23 91 14
23 92 4
23 93 11
23 94 20
23 95 10
23 96 12
23 97 8
23 98 18
23 99 9
24 24 0
24 25 0
24 26 0
24 27 0
24 28 0
24 29 0
24 30 15
24 31 17
24 32 11
24 33 19
24 34 12
24 35 13
24 36 16
24 37 19
24 38 2
24 39 5
24 40 10
24 41 3
24 42 7
24 43 9
24 44 9
24 45 10
24 46 6
24 47 18
24 48 16
24 49 16
24 50 7
24 51 13
24 52 2
24 53 11
24 54 18
24 55 16
24 56 7
24 57 5
24 58 10
24 59 10
24 60 7
24 61 8
24 62 3
24 63 18
24 64 13
24 65 11
24 66 14
24 67 17
24 68 5
24 69 16
24 70 11
24 71 10
24 72 19
24 73 10
24 74 11
24 75 3
24 76 17
24 77 14
24 78 19
24 79 14
24 80 4
24 81 19
24 82 16
24 83 10
24 84 3
24 85 16
24 86 20
24 87 8
24 88 2
24 89 1
24 90 15
24 91 17
24 92 5
24 93 17
24 94 11
24 95 4
24 96 4
24 97 15
24 98 5
24 99 14
25 25 0
25 26 0
25 27 0
25 28 0
25 29 0
25 30 3
25 31 4
25 32 20
25 33 1
25 34 9
25 35 1
25 36 20
25 37 17
25 38 16
25 39 6
25 40 13
25 41 2
25 42 5
25 43 16
25 44 10
25 45 17
25 46 17
25 47 5
25 48 15
25 49 5
25 50 19
25 51 20
25 52 4
25 53 6
25 54 18
25 55 3
25 56 4
25 57 13
25 58 20
25 59 20
25 60 16
25 61 9
25 62 12
25 63 4
25 64 19
25 65 16
25 66 17
25 67 19
25 68 2
25 69 20
25 70 18
25 71 13
25 72 9
25 73 19
25 74 4
25 75 10
25 76 2
25 77 15
25 78 6
25 79 10
25 80 18
25 81 16
25 82 9
25 83 14
25 84 17
25 85 6
25 86 4
25 87 16
25 88 2
25 89 20
25 90 4
25 91 9
25 92 7
25 93 12
25 94 7
25 95 17
25 96 14
25 97 14
25 98 19
25 99 12
26 26 0
26 27 0
26 28 0
26 29 0
26 30 11
26 31 1
26 32 15
26 33 1
26 34 5
26 35 10
26 36 16
26 37 13
26 38 12
26 39 14
26 40 5
26 41 2
26 42 20
26 43 14
26 44 10
26 45 12
26 46 17
26 47 20
26 48 8
26 49 11
26 50 1
26 51 1
26 52 7
26 53 18
26 54 15
26 55 1
26 56 9
26 57 5
26 58 9
26 59 15
26 60 12
26 61 12
26 62 19
26 63 4
26 64 19
26 65 11
26 66 12
26 67 16
26 68 6
26 69 12
26 70 7
26 71 10
26 72 3
26 73 16
26 74 6
26 75 10
26 76 4
26 77 18
26 78 9
26 79 12
26 80 5
26 81 13
26 82 3
26 83 7
26 84 19
26 85 20
26 86 4
26 87 4
26 88 1
26 89 19
26 90 17
26 91 15
26 92 13
26 93 16
26 94 3
26 95 11
26 96 6
26 97 11
26 98 5
26 99 9
27 27 0
27 28 0
27 29 0
27 30 18
27 31 11
27 32 1
27 33 9
27 34 1
27 35 15
27 36 2
27 37 20
27 38 8
27 39 6
27 40 15
27 41 17
27 42 9
27 43 18
27 44 1
27 45 2
27 46 14
27 47 8
27 48 15
27 49 8
27 50 6
27 51 2
27 52 15
27 53 11
27 54 2
27 55 3
27 56 15
27 57 1
27 58 9
27 59 12
27 60 3
27 61 16
27 62 9
27 63 9
27 64 10
27 65 2
27 66 5
27 67 8
27 68 10
27 69 13
27 70 4
27 71 10
27 72 13
27 73 7
27 74 17
27 75 2
27 76 16
27 77 18
27 78 15
27 79 2
27 80 18
27 81 20
27 82 13
27 83 5
27 84 14
27 85 13
27 86 18
27 87 7
27 88 8
27 89 3
27 90 20
27 91 20
27 92 3
27 93 3
27 94 14
27 95 15
27 96 13
27 97 4
27 98 1
27 99 1
28 28 0
28 29 0
28 30 7
28 31 18
28 32 2
28 33 18
28 34 16
28 35 6
28 36 18
28 37 15
28 38 9
28 39 15
28 40 4
28 41 18
28 42 19
28 43 20
28 44 17
28 45 11
28 46 18
28 47 5
28 48 20
28 49 19
28 50 15
28 51 4
28 52 1
28 53 13
28 54 2
28 55 3
28 56 2
28 57 16
28 58 19
28 59 13
28 60 3
28 61 4
28 62 7
28 63 17
28 64 12
28 65 11
28 66 5
28 67 16
28 68 11
28 69 17
28 70 9
28 71 15
28 72 13
28 73 5
28 74 14
28 75 15
28 76 4
28 77 7
28 78 16
28 79 16
28 80 1
28 81 18
28 82 16
28 83 8
28 84 15
28 85 13
28 86 3
28 87 13
28 88 18
28 89 17
28 90 12
28 91 14
28 92 11
28 93 14
28 94 11
28 95 3
28 96 13
28 97 12
28 98 3
28 99 14
29 29 0
29 30 18
29 31 13
29 32 13
29 33 16
29 34 16
29 35 7
29 36 14
29 37 9
29 38 18
29 39 4
29 40 15
29 41 18
29 42 15
29 43 11
29 44 8
29 45 4
29 46 14
29 47 14
29 48 9
29 49 13
29 50 5
29 51 9
29 52 20
29 53 17
29 54 6
29 55 6
29 56 9
29 57 11
29 58 19
29 59 1
29 60 19
29 61 10
29 62 14
29 63 3
29 64 17
29 65 3
29 66 1
29 67 10
29 68 2
29 69 2
29 70 8
29 71 10
29 72 7
29 73 18
29 74 6
29 75 3
29 76 1
29 77 1
29 78 20
29 79 1
29 80 19
29 81 13
29 82 7
29 83 5
29 84 2
29 85 19
29 86 4
29 87 3
29 88 13
29 89 8
29 90 13
29 91 5
29 92 9
29 93 7
29 94 3
29 95 9
29 96 15
29 97 19
29 98 14
29 99 13
30 30 0
30 31 0
30 32 0
30 33 0
30 34 0
30 35 0
30 36 0
30 37 0
30 38 0
30 39 0
30 40 16
30 41 17
30 42 12
30 43 8
30 44 10
30 45 15
30 46 2
30 47 12
30 48 18
30 49 9
30 50 16
30 51 8
30 52 1
30 53 17
30 54 5
30 55 6
30 56 4
30 57 17
30 58 11
30 59 4
30 60 5
30 61 18
30 62 3
30 63 13
30 64 14
30 65 4
30 66 1
30 67 13
30 68 15
30 69 20
30 70 9
30 71 8
30 72 17
30 73 1
30 74 18
30 75 8
30 76 4
30 77 3
30 78 7
30 79 5
30 80 19
30 81 10
30 82 2
30 83 4
30 84 19
30 85 16
30 86 3
30 87 13
30 88 19
30 89 1
30 90 12
30 91 1
30 92 7
30 93 18
30 94 15
30 95 20
30 96 8
30 97 13
30 98 5
30 99 16
31 31 0
31 32 0
31 33 0
31 34 0
31 35 0
31 36 0
31 37 0
31 38 0
31 39 0
31 40 17
31 41 13
31 42 13
31 43 5
31 44 13
31 45 11
31 46 13
31 47 18
31 48 4
31 49 5
31 50 17
31 51 9
31 52 1
31 53 4
31 54 17
31 55 15
31 56 2
31 57 6
31 58 20
31 59 2
31 60 6
31 61 10
31 62 1
31 63 11
31 64 1
31 65 12
31 66 4
31 67 15
31 68 2
31 69 6
31 70 19
31 71 7
31 72 10
31 73 14
31 74 10
31 75 2
31 76 11
31 77 18
31 78 10
31 79 6
31 80 20
31 81 20
31 82 3
31 83 6
31 84 11
31 85 20
31 86 7
31 87 5
31 88 2
31 89 20
31 90 6
31 91 18
31 92 20
31 93 3
31 94 13
31 95 18
31 96 5
31 97 14
31 98 12
31 99 17
32 32 0
32 33 0
32 34 0
32 35 0
32 36 0
32 37 0
32 38 0
32 39 0
32 40 12
32 41 7
32 42 8
32 43 7
32 44 15
32 45 1
32 46 15
32 47 8
32 48 19
32 49 17
32 50 8
32 51 20
32 52 12
32 53 16
32 54 18
32 55 14
32 56 10
32 57 5
32 58 3
32 59 4
32 60 11
32 61 9
32 62 11
32 63 5
32 64 14
32 65 3
32 66 17
32 67 17
32 68 18
32 69 8
32 70 1
32 71 15
32 72 14
32 73 9
32 74 2
32 75 7
32 76 14
32 77 1
32 78 5
32 79 3
32 80 13
32 81 9
32 82 11
32 83 10
32 84 1
32 85 16
32 86 18
32 87 9
32 88 20
32 89 9
32 90 17
32 91 11
32 92 14
32 93 16
32 94 6
32 95 11
32 96 9
32 97 15
32 98 8
32 99 13
33 33 0
33 34 0
33 35 0
33 36 0
33 37 0
33 38 0
33 39 0
33 40 20
33 41 17
33 42 4
33 43 17
33 44 3
33 45 19
33 46 10
33 47 17
33 48 17
33 49 11
33 50 6
33 51 20
33 52 6
33 53 9
33 54 5
33 55 12
33 56 11
33 57 10
33 58 3
33 59 20
33 60 20
33 61 17
33 62 10
33 63 15
33 64 8
33 65 19
33 66 11
33 67 5
33 68 15
33 69 10
33 70 13
33 71 6
33 72 19
33 73 3
33 74 12
33 75 3
33 76 14
33 77 8
33 78 12
33 79 7
33 80 4
33 81 12
33 82 4
33 83 19
33 84 20
33 85 2
33 86 9
33 87 15
33 88 15
33 89 15
33 90 1
33 91 10
33 92 2
33 93 16
33 94 15
33 95 18
33 96 20
33 97 5
33 98 8
33 99 3
34 34 0
34 35 0
34 36 0
34 37 0
34 38 0
34 39 0
34 40 1
34 41 14
34 42 13
34 43 17
34 44 6
34 45 11
34 46 4
34 47 11
34 48 3
34 49 4
34 50 8
34 51 12
34 52 15
34 53 19
34 54 9
34 55 10
34 56 10
34 57 20
34 58 10
34 59 8
34 60 13
34 61 12
34 62 12
34 63 17
34 64 13
34 65 20
34 66 3
34 67 13
34 68 7
34 69 12
34 70 10
34 71 3
34 72 13
34 73 12
34 74 14
34 75 19
34 76 9
34 77 19
34 78 16
34 79 16
34 80 16
34 81 10
34 82 8
34 83 10
34 84 13
34 85 7
34 86 3
34 87 14
34 88 7
34 89 8
34 90 10
34 91 1
34 92 1
34 93 12
34 94 1
34 95 1
34 96 16
34 97 3
34 98 6
34 99 7
35 35 0
35 36 0
35 37 0
35 38 0
35 39 0
35 40 20
35 41 16
35 42 1
35 43 4
35 44 13
35 45 5
35 46 20
35 47 10
35 48 1
35 49 10
35 50 19
35 51 1
35 52 6
35 53 13
35 54 6
35 55 11
35 56 1
35 57 20
35 58 4
35 59 10
35 60 1
35 61 10
35 62 13
35 63 19
35 64 19
35 65 15
35 66 11
35 67 9
35 68 9
35 69 20
35 70 12
35 71 16
35 72 1
35 73 8
35 74 10
35 75 3
35 76 8
35 77 15
35 78 15
35 79 4
35 80 18
35 81 14
35 82 13
35 83 15
35 84 6
35 85 8
35 86 5
35 87 14
35 88 20
35 89 17
35 90 20
35 91 2
35 92 9
35 93 7
35 94 7
35 95 15
35 96 3
35 97 12
35 98 12
35 99 5
36 36 0
36 37 0
36 38 0
36 39 0
36 40 9
36 41 4
36 42 4
36 43 2
36 44 13
36 45 13
36 46 12
36 47 6
36 48 4
36 49 14
36 50 8
36 51 15
36 52 11
36 53 15
36 54 1
36 55 12
36 56 16
36 57 20
36 58 19
36 59 1
36 60 11
36 61 18
36 62 4
36 63 9
36 64 8
36 65 1
36 66 1
36 67 18
36 68 11
36 69 17
36 70 7
36 71 10
36 72 16
36 73 3
36 74 19
36 75 4
36 76 15
36 77 13
36 78 12
36 79 6
36 80 8
36 81 16
36 82 19
36 83 12
36 84 17
36 85 10
36 86 7
36 87 1
36 88 3
36 89 14
36 90 2
36 91 5
36 92 5
36 93 4
36 94 11
36 95 3
36 96 8
36 97 15
36 98 10
36 99 16
37 37 0
37 38 0
37 39 0
37 40 11
37 41 9
37 42 6
37 43 16
37 44 5
37 45 19
37 46 9
37 47 12
37 48 2
37 49 6
37 50 13
37 51 12
37 52 3
37 53 2
37 54 10
37 55 12
37 56 16
37 57 7
37 58 7
37 59 10
37 60 14
37 61 18
37 62 2
37 63 17
37 64 4
37 65 13
37 66 20
37 67 10
37 68 3
37 69 18
37 70 17
37 71 13
37 72 20
37 73 9
37 74 7
37 75 2
37 76 7
37 77 11
37 78 10
37 79 14
37 80 17
37 81 11
37 82 9
37 83 1
37 84 17
37 85 18
37 86 1
37 87 17
37 88 2
37 89 1
37 90 2
37 91 16
37 92 4
37 93 10
37 94 1
37 95 20
37 96 10
37 97 12
37 98 18
37 99 9
38 38 0
38 39 0
38 40 5
38 41 3
38 42 12
38 43 1
38 44 1
38 45 17
38 46 6
38 47 15
38 48 14
38 49 10
38 50 18
38 51 9
38 52 12
38 53 4
38 54 1
38 55 5
38 56 1
38 57 13
38 58 10
38 59 4
38 60 11
38 61 16
38 62 1
38 63 13
38 64 20
38 65 2
38 66 9
38 67 18
38 68 13
38 69 6
38 70 1
38 71 18
38 72 16
38 73 19
38 74 19
38 75 1
38 76 9
38 77 9
38 78 16
38 79 9
38 80 1
38 81 16
38 82 16
38 83 20
38 84 18
38 85 20
38 86 4
38 87 5
38 88 16
38 89 12
38 90 5
38 91 10
38 92 19
38 93 18
38 94 14
38 95 7
38 96 19
38 97 11
38 98 10
38 99 19
39 39 0
39 40 3
39 41 12
39 42 19
39 43 13
39 44 2
39 45 1
39 46 15
39 47 5
39 48 16
39 49 17
39 50 1
39 51 17
39 52 11
39 53 1
39 54 7
39 55 18
39 56 11
39 57 13
39 58 18
39 59 16
39 60 12
39 61 14
39 62 5
39 63 9
39 64 4
39 65 8
39 66 10
39 67 11
39 68 13
39 69 5
39 70 12
39 71 10
39 72 15
39 73 15
39 74 15
39 75 6
39 76 10
39 77 5
39 78 10
39 79 15
39 80 17
39 81 2
39 82 16
39 83 18
39 84 2
39 85 8
39 86 17
39 87 19
39 88 2
39 89 11
39 90 11
39 91 7
39 92 20
39 93 15
39 94 10
39 95 7
39 96 4
39 97 7
39 98 1
39 99 16
40 40 0
40 41 0
40 42 0
40 43 0
40 44 0
40 45 0
40 46 0
40 47 0
40 48 0
40 49 0
40 50 9
40 51 2
40 52 1
40 53 8
40 54 7
40 55 5
40 56 8
40 57 1
40 58 1
40 59 2
40 60 3
40 61 16
40 62 20
40 63 4
40 64 2
40 65 14
40 66 14
40 67 19
40 68 17
40 69 12
40 70 6
40 71 7
40 72 9
40 73 19
40 74 17
40 75 15
40 76 18
40 77 15
40 78 17
40 79 16
40 80 17
40 81 18
40 82 16
40 83 8
40 84 16
40 85 15
40 86 14
40 87 3
40 88 16
40 89 5
40 90 19
40 91 16
40 92 5
40 93 19
40 94 8
40 95 17
40 96 10
40 97 13
40 98 11
40 99 3
41 41 0
41 42 0
41 43 0
41 44 0
41 45 0
41 46 0
41 47 0
41 48 0
41 49 0
41 50 2
41 51 19
41 52 13
41 53 11
41 54 4
41 55 13
41 56 10
41 57 16
41 58 10
41 59 12
41 60 20
41 61 11
41 62 8
41 63 11
41 64 2
41 65 11
41 66 1
41 67 9
41 68 16
41 69 20
41 70 14
41 71 19
41 72 6
41 73 13
41 74 2
41 75 7
41 76 17
41 77 13
41 78 1
41 79 10
41 80 4
41 81 9
41 82 7
41 83 3
41 84 1
41 85 11
41 86 18
41 87 15
41 88 19
41 89 18
41 90 10
41 91 14
41 92 1
41 93 7
41 94 17
41 95 7
41 96 20
41 97 5
41 98 8
41 99 1
42 42 0
42 43 0
42 44 0
42 45 0
42 46 0
42 47 0
42 48 0
42 49 0
42 50 9
42 51 10
42 52 15
42 53 16
42 54 9
42 55 14
42 56 7
42 57 16
42 58 17
42 59 6
42 60 16
42 61 2
42 62 2
42 63 3
42 64 18
42 65 14
42 66 6
42 67 15
42 68 12
42 69 10
42 70 5
42 71 20
42 72 18
42 73 5
42 74 16
42 75 12
42 76 8
42 77 15
42 78 19
42 79 20
42 80 3
42 81 7
42 82 3
42 83 17
42 84 7
42 85 3
42 86 5
42 87 17
42 88 1
42 89 3
42 90 7
42 91 9
42 92 14
42 93 19
42 94 20
42 95 20
42 96 17
42 97 16
42 98 17
42 99 14
43 43 0
43 44 0
43 45 0
43 46 0
43 47 0
43 48 0
43 49 0
43 50 20
43 51 5
43 52 11
43 53 15
43 54 2
43 55 6
43 56 14
43 57 5
43 58 16
43 59 19
43 60 14
43 61 12
43 62 5
43 63 15
43 64 18
43 65 7
43 66 6
43 67 2
43 68 5
43 69 4
43 70 15
43 71 8
43 72 2
43 73 10
43 74 12
43 75 12
43 76 10
43 77 19
43 78 5
43 79 10
43 80 9
43 81 14
43 82 3
43 83 5
43 84 20
43 85 11
43 86 3
43 87 15
43 88 9
43 89 9
43 90 6
43 91 1
43 92 9
43 93 9
43 94 19
43 95 20
43 96 14
43 97 5
43 98 6
43 99 18
44 44 0
44 45 0
44 46 0
44 47 0
44 48 0
44 49 0
44 50 5
44 51 3
44 52 5
44 53 16
44 54 19
44 55 7
44 56 13
44 57 2
44 58 12
44 59 2
44 60 5
44 61 1
44 62 17
44 63 15
44 64 1
44 65 15
44 66 20
44 67 16
44 68 19
44 69 5
44 70 9
44 71 14
44 72 11
44 73 2
44 74 4
44 75 2
44 76 13
44 77 4
44 78 5
44 79 4
44 80 11
44 81 15
44 82 3
44 83 20
44 84 1
44 85 3
44 86 20
44 87 4
44 88 5
44 89 8
44 90 10
44 91 8
44 92 10
44 93 8
44 94 11
44 95 1
44 96 1
44 97 18
44 98 6
44 99 16
45 45 0
45 46 0
45 47 0
45 48 0
45 49 0
45 50 14
45 51 1
45 52 2
45 53 16
45 54 14
45 55 9
45 56 14
45 57 15
45 58 9
45 59 15
45 60 11
45 61 15
45 62 11
45 63 8
45 64 17
45 65 3
45 66 2
45 67 11
45 68 1
45 69 18
45 70 14
45 71 1
45 72 12
45 73 9
45 74 20
45 75 5
45 76 13
45 77 16
45 78 11
45 79 11
45 80 20
45 81 8
45 82 16
45 83 2
45 84 11
45 85 5
45 86 19
45 87 3
45 88 2
45 89 17
45 90 5
45 91 10
45 92 13
45 93 20
45 94 9
45 95 19
45 96 5
45 97 18
45 98 17
45 99 20
46 46 0
46 47 0
46 48 0
46 49 0
46 50 9
46 51 18
46 52 20
46 53 14
46 54 14
46 55 15
46 56 9
46 57 4
46 58 18
46 59 18
46 60 8
46 61 9
46 62 1
46 63 2
46 64 19
46 65 8
46 66 15
46 67 3
46 68 11
46 69 3
46 70 19
46 71 12
46 72 10
46 73 20
46 74 7
46 75 9
46 76 8
46 77 1
46 78 5
46 79 2
46 80 2
46 81 5
46 82 1
46 83 19
46 84 3
46 85 18
46 86 3
46 87 16
46 88 20
46 89 15
46 90 2
46 91 13
46 92 15
46 93 5
46 94 12
46 95 20
46 96 8
46 97 5
46 98 12
46 99 8
47 47 0
47 48 0
47 49 0
47 50 15
47 51 15
47 52 15
47 53 5
47 54 10
47 55 6
47 56 15
47 57 16
47 58 5
47 59 13
47 60 2
47 61 14
47 62 14
47 63 5
47 64 18
47 65 14
47 66 16
47 67 19
47 68 2
47 69 1
47 70 3
47 71 4
47 72 4
47 73 16
47 74 15
47 75 18
47 76 5
47 77 6
47 78 4
47 79 17
47 80 7
47 81 4
47 82 8
47 83 9
47 84 19
47 85 7
47 86 14
47 87 8
47 88 11
47 89 6
47 90 17
47 91 3
47 92 17
47 93 19
47 94 3
47 95 7
47 96 17
47 97 6
47 98 15
47 99 5
48 48 0
48 49 0
48 50 1
48 51 8
48 52 4
48 53 20
48 54 18
48 55 1
48 56 17
48 57 17
48 58 17
48 59 10
48 60 19
48 61 3
48 62 19
48 63 18
48 64 16
48 65 12
48 66 13
48 67 14
48 68 13
48 69 11
48 70 4
48 71 9
48 72 3
48 73 17
48 74 15
48 75 2
48 76 19
48 77 17
48 78 6
48 79 10
48 80 19
48 81 17
48 82 14
48 83 1
48 84 2
48 85 8
48 86 17
48 87 12
48 88 7
48 89 3
48 90 16
48 91 18
48 92 4
48 93 9
48 94 7
48 95 16
48 96 18
48 97 9
48 98 15
48 99 10
49 49 0
49 50 19
49 51 4
49 52 6
49 53 18
49 54 9
49 55 9
49 56 1
49 57 5
49 58 1
49 59 16
49 60 1
49 61 9
49 62 12
49 63 7
49 64 6
49 65 3
49 66 6
49 67 9
49 68 6
49 69 17
49 70 9
49 71 8
49 72 1
49 73 9
49 74 18
49 75 18
49 76 6
49 77 20
49 78 11
49 79 1
49 80 13
49 81 11
49 82 1
49 83 7
49 84 20
49 85 11
49 86 1
49 87 17
49 88 1
49 89 3
49 90 19
49 91 4
49 92 5
49 93 3
49 94 18
49 95 16
49 96 7
49 97 10
49 98 5
49 99 20
50 50 0
50 51 0
50 52 0
50 53 0
50 54 0
50 55 0
50 56 0
50 57 0
50 58 0
50 59 0
50 60 8
50 61 18
50 62 9
50 63 20
50 64 4
50 65 3
50 66 8
50 67 17
50 68 19
50 69 8
50 70 10
50 71 1
50 72 18
50 73 9
50 74 14
50 75 20
50 76 6
50 77 17
50 78 13
50 79 17
50 80 3
50 81 4
50 82 12
50 83 5
50 84 6
50 85 7
50 86 3
50 87 14
50 88 5
50 89 1
50 90 17
50 91 1
50 92 3
50 93 11
50 94 13
50 95 20
50 96 9
50 97 16
50 98 20
50 99 12
51 51 0
51 52 0
51 53 0
51 54 0
51 55 0
51 56 0
51 57 0
51 58 0
51 59 0
51 60 13
51 61 12
51 62 15
51 63 15
51 64 15
51 65 11
51 66 18
51 67 1
51 68 9
51 69 9
51 70 4
51 71 4
51 72 4
51 73 20
51 74 19
51 75 4
51 76 13
51 77 6
51 78 14
51 79 12
51 80 15
51 81 12
51 82 11
51 83 19
51 84 11
51 85 7
51 86 5
51 87 5
51 88 17
51 89 9
51 90 2
51 91 5
51 92 10
51 93 20
51 94 8
51 95 6
51 96 17
51 97 3
51 98 17
51 99 17
52 52 0
52 53 0
52 54 0
52 55 0
52 56 0
52 57 0
52 58 0
52 59 0
52 60 15
52 61 3
52 62 4
52 63 12
52 64 6
52 65 6
52 66 4
52 67 13
52 68 7
52 69 14
52 70 19
52 71 10
52 72 9
52 73 18
52 74 2
52 75 17
52 76 2
52 77 6
52 78 4
52 79 10
52 80 17
52 81 17
52 82 4
52 83 9
52 84 7
52 85 5
52 86 3
52 87 18
52 88 20
52 89 19
52 90 7
52 91 5
52 92 2
52 93 3
52 94 4
52 95 16
52 96 8
52 97 7
52 98 14
52 99 9
53 53 0
53 54 0
53 55 0
53 56 0
53 57 0
53 58 0
53 59 0
53 60 5
53 61 3
53 62 15
53 63 20
53 64 20
53 65 8
53 66 13
53 67 1
53 68 13
53 69 17
53 70 11
53 71 7
53 72 18
53 73 20
53 74 5
53 75 11
53 76 18
53 77 10
53 78 16
53 79 9
53 80 2
53 81 10
53 82 7
53 83 7
53 84 13
53 85 3
53 86 7
53 87 18
53 88 5
53 89 17
53 90 8
53 91 8
53 92 18
53 93 16
53 94 14
53 95 14
53 96 16
53 97 5
53 98 16
53 99 18
54 54 0
54 55 0
54 56 0
54 57 0
54 58 0
54 59 0
54 60 8
54 61 11
54 62 20
54 63 12
54 64 6
54 65 6
54 66 5
54 67 1
54 68 2
54 69 20
54 70 9
54 71 4
54 72 2
54 73 6
54 74 6
54 75 14
54 76 18
54 77 13
54 78 6
54 79 2
54 80 18
54 81 14
54 82 16
54 83 9
54 84 3
54 85 1
54 86 9
54 87 11
54 88 2
54 89 8
54 90 20
54 91 9
54 92 20
54 93 1
54 94 9
54 95 1
54 96 9
54 97 19
54 98 1
54 99 1
55 55 0
55 56 0
55 57 0
55 58 0
55 59 0
55 60 2
55 61 2
55 62 8
55 63 7
55 64 12
55 65 4
55 66 5
55 67 16
55 68 17
55 69 20
55 70 17
55 71 12
55 72 3
55 73 6
55 74 3
55 75 1
55 76 15
55 77 19
55 78 1
55 79 1
55 80 20
55 81 3
55 82 6
55 83 13
55 84 12
55 85 15
55 86 2
55 87 9
55 88 6
55 89 5
55 90 4
55 91 17
55 92 18
55 93 10
55 94 18
55 95 12
55 96 6
55 97 2
55 98 7
55 99 13
56 56 0
56 57 0
56 58 0
56 59 0
56 60 14
56 61 6
56 62 12
56 63 3
56 64 5
56 65 4
56 66 4
56 67 11
56 68 14
56 69 8
56 70 7
56 71 12
56 72 15
56 73 5
56 74 9
56 75 13
56 76 9
56 77 18
56 78 3
56 79 9
56 80 5
56 81 20
56 82 20
56 83 3
56 84 7
56 85 6
56 86 16
56 87 5
56 88 16
56 89 8
56 90 13
56 91 5
56 92 5
56 93 12
56 94 16
56 95 6
56 96 15
56 97 4
56 98 8
56 99 11
57 57 0
57 58 0
57 59 0
57 60 12
57 61 2
57 62 1
57 63 13
57 64 12
57 65 12
57 66 14
57 67 4
57 68 12
57 69 13
57 70 3
57 71 19
57 72 17
57 73 10
57 74 6
57 75 14
57 76 1
57 77 17
57 78 11
57 79 12
57 80 5
57 81 14
57 82 15
57 83 12
57 84 11
57 85 4
57 86 17
57 87 19
57 88 6
57 89 2
57 90 5
57 91 17
57 92 18
57 93 2
57 94 17
57 95 20
57 96 14
57 97 16
57 98 4
57 99 7
58 58 0
58 59 0
58 60 19
58 61 19
58 62 10
58 63 8
58 64 2
58 65 7
58 66 6
58 67 20
58 68 9
58 69 8
58 70 15
58 71 12
58 72 19
58 73 8
58 74 13
58 75 5
58 76 1
58 77 6
58 78 3
58 79 14
58 80 5
58 81 13
58 82 3
58 83 4
58 84 8
58 85 14
58 86 13
58 87 17
58 88 15
58 89 15
58 90 2
58 91 20
58 92 3
58 93 18
58 94 15
58 95 2
58 96 18
58 97 10
58 98 20
58 99 6
59 59 0
59 60 14
59 61 2
59 62 11
59 63 19
59 64 8
59 65 12
59 66 5
59 67 12
59 68 4
59 69 17
59 70 10
59 71 17
59 72 19
59 73 1
59 74 19
59 75 9
59 76 19
59 77 15
59 78 2
59 79 7
59 80 2
59 81 8
59 82 4
59 83 15
59 84 6
59 85 10
59 86 10
59 87 2
59 88 11
59 89 4
59 90 6
59 91 10
59 92 20
59 93 9
59 94 12
59 95 12
59 96 10
59 97 15
59 98 5
59 99 18
60 60 0
60 61 0
60 62 0
60 63 0
60 64 0
60 65 0
60 66 0
60 67 0
60 68 0
60 69 0
60 70 20
60 71 2
60 72 17
60 73 5
60 74 20
60 75 2
60 76 20
60 77 11
60 78 20
60 79 14
60 80 9
60 81 13
60 82 5
60 83 11
60 84 13
60 85 3
60 86 13
60 87 17
60 88 7
60 89 2
60 90 7
60 91 4
60 92 2
60 93 3
60 94 13
60 95 18
60 96 19
60 97 12
60 98 16
60 99 14
61 61 0
61 62 0
61 63 0
61 64 0
61 65 0
61 66 0
61 67 0
61 68 0
61 69 0
61 70 3
61 71 13
61 72 2
61 73 16
61 74 14
61 75 4
61 76 15
61 77 1
61 78 6
61 79 14
61 80 18
61 81 16
61 82 5
61 83 1
61 84 18
61 85 17
61 86 7
61 87 7
61 88 2
61 89 11
61 90 7
61 91 2
61 92 19
61 93 9
61 94 6
61 95 19
61 96 14
61 97 17
61 98 19
61 99 1
62 62 0
62 63 0
62 64 0
62 65 0
62 66 0
62 67 0
62 68 0
62 69 0
62 70 9
62 71 4
62 72 10
62 73 16
62 74 6
62 75 5
62 76 3
62 77 4
62 78 1
62 79 18
62 80 9
62 81 14
62 82 20
62 83 1
62 84 10
62 85 7
62 86 17
62 87 11
62 88 14
62 89 18
62 90 17
62 91 1
62 92 16
62 93 7
62 94 9
62 95 12
62 96 18
62 97 20
62 98 16
62 99 3
63 63 0
63 64 0
63 65 0
63 66 0
63 67 0
63 68 0
63 69 0
63 70 5
63 71 6
63 72 1
63 73 6
63 74 6
63 75 11
63 76 5
63 77 18
63 78 10
63 79 18
63 80 7
63 81 9
63 82 17
63 83 16
63 84 6
63 85 2
63 86 7
63 87 17
63 88 8
63 89 8
63 90 18
63 91 9
63 92 10
63 93 1
63 94 6
63 95 1
63 96 8
63 97 6
63 98 2
63 99 9
64 64 0
64 65 0
64 66 0
64 67 0
64 68 0
64 69 0
64 70 8
64 71 17
64 72 1
64 73 13
64 74 8
64 75 20
64 76 12
64 77 7
64 78 15
64 79 3
64 80 12
64 81 12
64 82 19
64 83 6
64 84 17
64 85 1
64 86 10
64 87 3
64 88 17
64 89 11
64 90 8
64 91 3
64 92 15
64 93 10
64 94 15
64 95 2
64 96 13
64 97 15
64 98 15
64 99 10
65 65 0
65 66 0
65 67 0
65 68 0
65 69 0
65 70 14
65 71 6
65 72 5
65 73 19
65 74 19
65 75 1
65 76 9
65 77 1
65 78 4
65 79 5
65 80 20
65 81 17
65 82 11
65 83 15
65 84 16
65 85 7
65 86 1
65 87 9
65 88 15
65 89 19
65 90 1
65 91 4
65 92 14
65 93 7
65 94 10
65 95 19
65 96 8
65 97 20
65 98 6
65 99 7
66 66 0
66 67 0
66 68 0
66 69 0
66 70 8
66 71 8
66 72 14
66 73 9
66 74 11
66 75 11
66 76 18
66 77 18
66 78 18
66 79 10
66 80 2
66 81 18
66 82 1
66 83 9
66 84 14
66 85 19
66 86 6
66 87 4
66 88 18
66 89 10
66 90 1
66 91 1
66 92 17
66 93 15
66 94 2
66 95 19
66 96 1
66 97 19
66 98 10
66 99 11
67 67 0
67 68 0
67 69 0
67 70 2
67 71 4
67 72 14
67 73 19
67 74 17
67 75 12
67 76 12
67 77 4
67 78 5
67 79 11
67 80 14
67 81 18
67 82 15
67 83 15
67 84 15
67 85 9
67 86 3
67 87 12
67 88 10
67 89 9
67 90 5
67 91 18
67 92 10
67 93 4
67 94 19
67 95 18
67 96 11
67 97 13
67 98 6
67 99 17
68 68 0
68 69 0
68 70 5
68 71 9
68 72 18
68 73 18
68 74 8
68 75 16
68 76 12
68 77 19
68 78 19
68 79 2
68 80 19
68 81 13
68 82 2
68 83 9
68 84 4
68 85 4
68 86 9
68 87 1
68 88 5
68 89 10
68 90 4
68 91 19
68 92 1
68 93 4
68 94 14
68 95 19
68 96 6
68 97 3
68 98 8
68 99 9
69 69 0
69 70 10
69 71 3
69 72 19
69 73 4
69 74 1
69 75 10
69 76 18
69 77 2
69 78 19
69 79 3
69 80 3
69 81 2
69 82 19
69 83 4
69 84 16
69 85 9
69 86 8
69 87 9
69 88 13
69 89 7
69 90 11
69 91 12
69 92 4
69 93 10
69 94 15
69 95 10
69 96 9
69 97 16
69 98 7
69 99 10
70 70 0
70 71 0
70 72 0
70 73 0
70 74 0
70 75 0
70 76 0
70 77 0
70 78 0
70 79 0
70 80 19
70 81 4
70 82 3
70 83 20
70 84 20
70 85 15
70 86 3
70 87 9
70 88 1
70 89 14
70 90 13
70 91 1
70 92 8
70 93 8
70 94 12
70 95 13
70 96 12
70 97 11
70 98 1
70 99 10
71 71 0
71 72 0
71 73 0
71 74 0
71 75 0
71 76 0
71 77 0
71 78 0
71 79 0
71 80 6
71 81 16
71 82 1
71 83 13
71 84 6
71 85 20
71 86 7
71 87 6
71 88 8
71 89 17
71 90 15
71 91 11
71 92 12
71 93 12
71 94 14
71 95 9
71 96 13
71 97 7
71 98 7
71 99 11
72 72 0
72 73 0
72 74 0
72 75 0
72 76 0
72 77 0
72 78 0
72 79 0
72 80 20
72 81 20
72 82 3
72 83 11
72 84 19
72 85 15
72 86 4
72 87 20
72 88 17
72 89 11
72 90 6
72 91 4
72 92 17
72 93 1
72 94 4
72 95 5
72 96 17
72 97 13
72 98 7
72 99 20
73 73 0
73 74 0
73 75 0
73 76 0
73 77 0
73 78 0
73 79 0
73 80 16
73 81 20
73 82 9
73 83 2
73 84 13
73 85 7
73 86 16
73 87 10
73 88 20
73 89 12
73 90 16
73 91 18
73 92 1
73 93 5
73 94 9
73 95 17
73 96 12
73 97 17
73 98 7
73 99 10
74 74 0
74 75 0
74 76 0
74 77 0
74 78 0
74 79 0
74 80 11
74 81 20
74 82 12
74 83 14
74 84 9
74 85 10
74 86 20
74 87 5
74 88 9
74 89 8
74 90 9
74 91 20
74 92 12
74 93 17
74 94 2
74 95 18
74 96 1
74 97 19
74 98 9
74 99 18
75 75 0
75 76 0
75 77 0
75 78 0
75 79 0
75 80 11
75 81 2
75 82 9
75 83 20
75 84 9
75 85 15
75 86 16
75 87 11
75 88 19
75 89 18
75 90 7
75 91 7
75 92 11
75 93 15
75 94 7
75 95 15
75 96 7
75 97 17
75 98 2
75 99 8
76 76 0
76 77 0
76 78 0
76 79 0
76 80 15
76 81 12
76 82 16
76 83 1
76 84 14
76 85 8
76 86 10
76 87 4
76 88 7
76 89 20
76 90 18
76 91 20
76 92 19
76 93 9
76 94 17
76 95 16
76 96 5
76 97 13
76 98 7
76 99 2
77 77 0
77 78 0
77 79 0
77 80 16
77 81 10
77 82 4
77 83 16
77 84 18
77 85 9
77 86 1
77 87 20
77 88 19
77 89 10
77 90 10
77 91 3
77 92 5
77 93 14
77 94 2
77 95 12
77 96 20
77 97 6
77 98 11
77 99 16
78 78 0
78 79 0
78 80 6
78 81 5
78 82 16
78 83 6
78 84 3
78 85 9
78 86 9
78 87 8
78 88 3
78 89 8
78 90 17
78 91 11
78 92 12
78 93 9
78 94 17
78 95 10
78 96 9
78 97 13
78 98 20
78 99 19
79 79 0
79 80 16
79 81 7
79 82 14
79 83 12
79 84 15
79 85 7
79 86 9
79 87 12
79 88 3
79 89 9
79 90 14
79 91 2
79 92 8
79 93 18
79 94 11
79 95 9
79 96 19
79 97 11
79 98 9
79 99 1
80 80 0
80 81 0
80 82 0
80 83 0
80 84 0
80 85 0
80 86 0
80 87 0
80 88 0
80 89 0
80 90 13
80 91 12
80 92 14
80 93 14
80 94 12
80 95 9
80 96 5
80 97 14
80 98 11
80 99 13
81 81 0
81 82 0
81 83 0
81 84 0
81 85 0
81 86 0
81 87 0
81 88 0
81 89 0
81 90 5
81 91 15
81 92 14
81 93 16
81 94 20
81 95 7
81 96 8
81 97 17
81 98 4
81 99 6
82 82 0
82 83 0
82 84 0
82 85 0
82 86 0
82 87 0
82 88 0
82 89 0
82 90 11
82 91 19
82 92 1
82 93 3
82 94 17
82 95 11
82 96 10
82 97 18
82 98 7
82 99 1
83 83 0
83 84 0
83 85 0
83 86 0
83 87 0
83 88 0
83 89 0
83 90 6
83 91 12
83 92 7
83 93 20
83 94 3
83 95 19
83 96 19
83 97 11
83 98 17
83 99 17
84 84 0
84 85 0
84 86 0
84 87 0
84 88 0
84 89 0
84 90 2
84 91 3
84 92 14
84 93 6
84 94 12
84 95 19
84 96 14
84 97 12
84 98 13
84 99 8
85 85 0
85 86 0
85 87 0
85 88 0
85 89 0
85 90 7
85 91 4
85 92 19
85 93 9
85 94 15
85 95 13
85 96 15
85 97 18
85 98 20
85 99 11
86 86 0
86 87 0
86 88 0
86 89 0
86 90 3
86 91 9
86 92 2
86 93 2
86 94 7
86 95 14
86 96 8
86 97 14
86 98 2
86 99 10
87 87 0
87 88 0
87 89 0
87 90 10
87 91 9
87 92 17
87 93 11
87 94 7
87 95 3
87 96 2
87 97 11
87 98 14
87 99 14
88 88 0
88 89 0
88 90 11
88 91 2
88 92 15
88 93 17
88 94 6
88 95 9
88 96 8
88 97 19
88 98 16
88 99 9
89 89 0
89 90 11
89 91 6
89 92 5
89 93 5
89 94 19
89 95 16
89 96 11
89 97 2
89 98 9
89 99 19
90 90 0
90 91 0
90 92 0
90 93 0
90 94 0
90 95 0
90 96 0
90 97 0
90 98 0
90 99 0
91 91 0
91 92 0
91 93 0
91 94 0
91 95 0
91 96 0
91 97 0
91 98 0
91 99 0
92 92 0
92 93 0
92 94 0
92 95 0
92 96 0
92 97 0
92 98 0
92 99 0
93 93 0
93 94 0
93 95 0
93 96 0
93 97 0
93 98 0
93 99 0
94 94 0
94 95 0
94 96 0
94 97 0
94 98 0
94 99 0
95 95 0
95 96 0
95 97 0
95 98 0
95 99 0
96 96 0
96 97 0
96 98 0
96 99 0
97 97 0
97 98 0
97 99 0
98 98 0
98 99 0
99 99 0
