10
6
4
3
5
3
2
7
10
4
6
0 0 0
0 1 0
0 2 0
0 3 0
0 4 0
0 5 0
0 6 98
0 7 100
0 8 101
0 9 103
0 10 102
0 11 100
0 12 101
0 13 103
0 14 102
0 15 99
0 16 97
0 17 105
0 18 101
0 19 101
0 20 99
0 21 100
0 22 103
0 23 99
0 24 102
0 25 106
0 26 99
0 27 104
0 28 99
0 29 100
0 30 101
0 31 99
0 32 102
0 33 98
0 34 98
0 35 102
0 36 101
0 37 101
0 38 99
0 39 98
0 40 99
0 41 102
0 42 100
0 43 99
0 44 101
0 45 97
0 46 100
0 47 101
0 48 101
0 49 102
1 1 0
1 2 0
1 3 0
1 4 0
1 5 0
1 6 98
1 7 98
1 8 99
1 9 100
1 10 101
1 11 101
1 12 102
1 13 99
1 14 104
1 15 101
1 16 102
1 17 102
1 18 101
1 19 99
1 20 101
1 21 99
1 22 103
1 23 99
1 24 97
1 25 99
1 26 97
1 27 100
1 28 95
1 29 101
1 30 101
1 31 102
1 32 99
1 33 100
1 34 101
1 35 104
1 36 99
1 37 100
1 38 99
1 39 99
1 40 96
1 41 100
1 42 100
1 43 99
1 44 99
1 45 103
1 46 101
1 47 101
1 48 101
1 49 100
2 2 0
2 3 0
2 4 0
2 5 0
2 6 98
2 7 100
2 8 100
2 9 101
2 10 99
2 11 98
2 12 101
2 13 99
2 14 101
2 15 104
2 16 103
2 17 101
2 18 99
2 19 100
2 20 99
2 21 98
2 22 100
2 23 102
2 24 105
2 25 99
2 26 99
2 27 102
2 28 97
2 29 100
2 30 100
2 31 102
2 32 96
2 33 101
2 34 101
2 35 102
2 36 101
2 37 101
2 38 97
2 39 102
2 40 98
2 41 100
2 42 100
2 43 96
2 44 100
2 45 97
2 46 103
2 47 96
2 48 99
2 49 97
3 3 0
3 4 0
3 5 0
3 6 101
3 7 104
3 8 99
3 9 101
3 10 98
3 11 100
3 12 100
3 13 100
3 14 99
3 15 98
3 16 102
3 17 100
3 18 101
3 19 101
3 20 99
3 21 100
3 22 100
3 23 99
3 24 96
3 25 102
3 26 103
3 27 98
3 28 100
3 29 99
3 30 101
3 31 97
3 32 100
3 33 98
3 34 104
3 35 97
3 36 97
3 37 99
3 38 99
3 39 99
3 40 98
3 41 99
3 42 101
3 43 103
3 44 100
3 45 100
3 46 101
3 47 98
3 48 100
3 49 99
4 4 0
4 5 0
4 6 98
4 7 102
4 8 103
4 9 102
4 10 99
4 11 99
4 12 101
4 13 105
4 14 104
4 15 104
4 16 101
4 17 100
4 18 102
4 19 101
4 20 97
4 21 101
4 22 100
4 23 99
4 24 101
4 25 104
4 26 102
4 27 104
4 28 102
4 29 99
4 30 102
4 31 102
4 32 95
4 33 98
4 34 100
4 35 99
4 36 102
4 37 101
4 38 100
4 39 100
4 40 99
4 41 100
4 42 99
4 43 101
4 44 100
4 45 98
4 46 98
4 47 97
4 48 95
4 49 99
5 5 0
5 6 98
5 7 98
5 8 95
5 9 99
5 10 102
5 11 99
5 12 98
5 13 97
5 14 99
5 15 99
5 16 102
5 17 99
5 18 99
5 19 102
5 20 99
5 21 102
5 22 102
5 23 101
5 24 101
5 25 101
5 26 100
5 27 104
5 28 100
5 29 100
5 30 101
5 31 98
5 32 102
5 33 101
5 34 100
5 35 101
5 36 102
5 37 100
5 38 102
5 39 100
5 40 99
5 41 99
5 42 103
5 43 100
5 44 103
5 45 98
5 46 103
5 47 100
5 48 100
5 49 100
6 6 0
6 7 0
6 8 0
6 9 0
6 10 103
6 11 99
6 12 101
6 13 105
6 14 100
6 15 99
6 16 101
6 17 102
6 18 98
6 19 100
6 20 99
6 21 98
6 22 99
6 23 101
6 24 101
6 25 102
6 26 100
6 27 100
6 28 98
6 29 101
6 30 102
6 31 102
6 32 101
6 33 101
6 34 102
6 35 102
6 36 100
6 37 98
6 38 98
6 39 103
6 40 97
6 41 100
6 42 102
6 43 101
6 44 99
6 45 98
6 46 100
6 47 99
6 48 101
6 49 102
7 7 0
7 8 0
7 9 0
7 10 101
7 11 104
7 12 98
7 13 102
7 14 97
7 15 99
7 16 99
7 17 100
7 18 101
7 19 99
7 20 101
7 21 103
7 22 101
7 23 101
7 24 98
7 25 102
7 26 103
7 27 100
7 28 99
7 29 98
7 30 102
7 31 100
7 32 97
7 33 100
7 34 102
7 35 100
7 36 104
7 37 97
7 38 99
7 39 102
7 40 102
7 41 101
7 42 102
7 43 100
7 44 101
7 45 99
7 46 99
7 47 101
7 48 101
7 49 101
8 8 0
8 9 0
8 10 99
8 11 97
8 12 97
8 13 105
8 14 98
8 15 101
8 16 99
8 17 97
8 18 101
8 19 98
8 20 99
8 21 102
8 22 100
8 23 99
8 24 100
8 25 100
8 26 100
8 27 98
8 28 100
8 29 98
8 30 100
8 31 102
8 32 102
8 33 101
8 34 99
8 35 98
8 36 97
8 37 100
8 38 99
8 39 100
8 40 101
8 41 102
8 42 97
8 43 102
8 44 98
8 45 99
8 46 101
8 47 100
8 48 100
8 49 103
9 9 0
9 10 103
9 11 102
9 12 98
9 13 99
9 14 96
9 15 102
9 16 102
9 17 103
9 18 102
9 19 102
9 20 102
9 21 100
9 22 100
9 23 96
9 24 100
9 25 96
9 26 98
9 27 101
9 28 101
9 29 97
9 30 98
9 31 105
9 32 99
9 33 101
9 34 101
9 35 100
9 36 100
9 37 98
9 38 98
9 39 101
9 40 101
9 41 95
9 42 100
9 43 101
9 44 100
9 45 95
9 46 96
9 47 100
9 48 99
9 49 100
10 10 0
10 11 0
10 12 0
10 13 101
10 14 101
10 15 99
10 16 99
10 17 98
10 18 98
10 19 97
10 20 97
10 21 100
10 22 99
10 23 102
10 24 99
10 25 103
10 26 98
10 27 96
10 28 102
10 29 97
10 30 104
10 31 101
10 32 98
10 33 101
10 34 98
10 35 104
10 36 99
10 37 99
10 38 97
10 39 101
10 40 103
10 41 101
10 42 99
10 43 100
10 44 98
10 45 96
10 46 100
10 47 99
10 48 100
10 49 99
11 11 0
11 12 0
11 13 97
11 14 102
11 15 100
11 16 102
11 17 101
11 18 100
11 19 100
11 20 100
11 21 99
11 22 102
11 23 102
11 24 99
11 25 101
11 26 100
11 27 100
11 28 101
11 29 102
11 30 102
11 31 98
11 32 102
11 33 97
11 34 97
11 35 98
11 36 100
11 37 99
11 38 98
11 39 102
11 40 98
11 41 102
11 42 102
11 43 96
11 44 100
11 45 102
11 46 100
11 47 96
11 48 101
11 49 101
12 12 0
12 13 104
12 14 101
12 15 100
12 16 97
12 17 100
12 18 100
12 19 102
12 20 99
12 21 99
12 22 101
12 23 100
12 24 104
12 25 103
12 26 101
12 27 101
12 28 103
12 29 100
12 30 101
12 31 98
12 32 102
12 33 101
12 34 98
12 35 99
12 36 103
12 37 100
12 38 99
12 39 98
12 40 98
12 41 98
12 42 103
12 43 100
12 44 104
12 45 99
12 46 99
12 47 99
12 48 99
12 49 101
13 13 0
13 14 0
13 15 0
13 16 0
13 17 0
13 18 100
13 19 103
13 20 98
13 21 103
13 22 102
13 23 100
13 24 102
13 25 102
13 26 101
13 27 98
13 28 99
13 29 100
13 30 98
13 31 99
13 32 101
13 33 97
13 34 97
13 35 102
13 36 100
13 37 100
13 38 100
13 39 104
13 40 101
13 41 100
13 42 102
13 43 97
13 44 102
13 45 103
13 46 100
13 47 104
13 48 100
13 49 98
14 14 0
14 15 0
14 16 0
14 17 0
14 18 99
14 19 97
14 20 102
14 21 102
14 22 99
14 23 101
14 24 104
14 25 99
14 26 102
14 27 100
14 28 100
14 29 102
14 30 101
14 31 100
14 32 102
14 33 97
14 34 100
14 35 98
14 36 101
14 37 100
14 38 101
14 39 102
14 40 100
14 41 102
14 42 98
14 43 98
14 44 97
14 45 103
14 46 100
14 47 98
14 48 100
14 49 100
15 15 0
15 16 0
15 17 0
15 18 101
15 19 100
15 20 96
15 21 102
15 22 101
15 23 100
15 24 100
15 25 100
15 26 103
15 27 97
15 28 97
15 29 98
15 30 100
15 31 103
15 32 101
15 33 101
15 34 98
15 35 100
15 36 106
15 37 98
15 38 100
15 39 97
15 40 99
15 41 99
15 42 99
15 43 100
15 44 101
15 45 98
15 46 96
15 47 102
15 48 100
15 49 98
16 16 0
16 17 0
16 18 99
16 19 98
16 20 102
16 21 99
16 22 99
16 23 101
16 24 102
16 25 97
16 26 99
16 27 100
16 28 98
16 29 100
16 30 100
16 31 101
16 32 100
16 33 95
16 34 100
16 35 98
16 36 102
16 37 101
16 38 100
16 39 98
16 40 101
16 41 100
16 42 101
16 43 101
16 44 97
16 45 101
16 46 99
16 47 99
16 48 100
16 49 95
17 17 0
17 18 100
17 19 102
17 20 102
17 21 101
17 22 103
17 23 103
17 24 101
17 25 101
17 26 100
17 27 101
17 28 98
17 29 102
17 30 97
17 31 105
17 32 99
17 33 102
17 34 101
17 35 101
17 36 100
17 37 101
17 38 101
17 39 106
17 40 98
17 41 100
17 42 100
17 43 99
17 44 96
17 45 102
17 46 100
17 47 100
17 48 103
17 49 101
18 18 0
18 19 0
18 20 0
18 21 100
18 22 100
18 23 97
18 24 103
18 25 99
18 26 105
18 27 100
18 28 96
18 29 100
18 30 100
18 31 100
18 32 103
18 33 103
18 34 100
18 35 99
18 36 99
18 37 100
18 38 100
18 39 101
18 40 98
18 41 102
18 42 100
18 43 104
18 44 101
18 45 102
18 46 102
18 47 97
18 48 100
18 49 100
19 19 0
19 20 0
19 21 102
19 22 100
19 23 99
19 24 98
19 25 100
19 26 100
19 27 100
19 28 98
19 29 101
19 30 104
19 31 102
19 32 100
19 33 102
19 34 102
19 35 102
19 36 102
19 37 102
19 38 101
19 39 98
19 40 100
19 41 100
19 42 98
19 43 101
19 44 99
19 45 101
19 46 99
19 47 99
19 48 98
19 49 99
20 20 0
20 21 101
20 22 103
20 23 98
20 24 103
20 25 99
20 26 99
20 27 101
20 28 100
20 29 102
20 30 100
20 31 98
20 32 100
20 33 100
20 34 100
20 35 101
20 36 100
20 37 100
20 38 95
20 39 105
20 40 96
20 41 99
20 42 101
20 43 98
20 44 100
20 45 97
20 46 100
20 47 105
20 48 100
20 49 99
21 21 0
21 22 0
21 23 100
21 24 99
21 25 99
21 26 99
21 27 100
21 28 98
21 29 98
21 30 101
21 31 100
21 32 100
21 33 100
21 34 101
21 35 102
21 36 98
21 37 103
21 38 102
21 39 102
21 40 99
21 41 100
21 42 100
21 43 102
21 44 97
21 45 96
21 46 101
21 47 97
21 48 103
21 49 99
22 22 0
22 23 100
22 24 95
22 25 101
22 26 101
22 27 102
22 28 99
22 29 98
22 30 99
22 31 102
22 32 97
22 33 100
22 34 95
22 35 98
22 36 102
22 37 101
22 38 96
22 39 100
22 40 101
22 41 100
22 42 100
22 43 98
22 44 100
22 45 99
22 46 98
22 47 99
22 48 101
22 49 100
23 23 0
23 24 0
23 25 0
23 26 0
23 27 0
23 28 0
23 29 0
23 30 97
23 31 103
23 32 100
23 33 97
23 34 99
23 35 100
23 36 101
23 37 97
23 38 97
23 39 103
23 40 104
23 41 101
23 42 102
23 43 98
23 44 98
23 45 99
23 46 96
23 47 99
23 48 98
23 49 98
24 24 0
24 25 0
24 26 0
24 27 0
24 28 0
24 29 0
24 30 97
24 31 99
24 32 99
24 33 102
24 34 102
24 35 99
24 36 100
24 37 96
24 38 99
24 39 98
24 40 102
24 41 99
24 42 100
24 43 103
24 44 101
24 45 100
24 46 96
24 47 100
24 48 98
24 49 99
25 25 0
25 26 0
25 27 0
25 28 0
25 29 0
25 30 100
25 31 100
25 32 103
25 33 99
25 34 99
25 35 103
25 36 100
25 37 99
25 38 99
25 39 103
25 40 101
25 41 102
25 42 102
25 43 105
25 44 99
25 45 99
25 46 101
25 47 97
25 48 96
25 49 99
26 26 0
26 27 0
26 28 0
26 29 0
26 30 97
26 31 101
26 32 100
26 33 99
26 34 101
26 35 99
26 36 99
26 37 98
26 38 98
26 39 98
26 40 99
26 41 96
26 42 99
26 43 101
26 44 102
26 45 102
26 46 99
26 47 101
26 48 101
26 49 100
27 27 0
27 28 0
27 29 0
27 30 99
27 31 98
27 32 102
27 33 100
27 34 98
27 35 97
27 36 99
27 37 99
27 38 105
27 39 101
27 40 101
27 41 98
27 42 99
27 43 99
27 44 101
27 45 96
27 46 100
27 47 101
27 48 101
27 49 104
28 28 0
28 29 0
28 30 99
28 31 100
28 32 97
28 33 101
28 34 100
28 35 100
28 36 99
28 37 100
28 38 101
28 39 95
28 40 100
28 41 103
28 42 101
28 43 99
28 44 100
28 45 100
28 46 100
28 47 100
28 48 100
28 49 99
29 29 0
29 30 103
29 31 99
29 32 99
29 33 102
29 34 102
29 35 100
29 36 99
29 37 101
29 38 100
29 39 100
29 40 104
29 41 102
29 42 98
29 43 99
29 44 103
29 45 98
29 46 100
29 47 98
29 48 102
29 49 103
30 30 0
30 31 0
30 32 0
30 33 0
30 34 0
30 35 0
30 36 0
30 37 0
30 38 0
30 39 0
30 40 97
30 41 102
30 42 101
30 43 100
30 44 101
30 45 101
30 46 102
30 47 97
30 48 101
30 49 99
31 31 0
31 32 0
31 33 0
31 34 0
31 35 0
31 36 0
31 37 0
31 38 0
31 39 0
31 40 98
31 41 100
31 42 99
31 43 105
31 44 96
31 45 98
31 46 103
31 47 101
31 48 102
31 49 100
32 32 0
32 33 0
32 34 0
32 35 0
32 36 0
32 37 0
32 38 0
32 39 0
32 40 100
32 41 103
32 42 103
32 43 97
32 44 100
32 45 100
32 46 101
32 47 98
32 48 96
32 49 101
33 33 0
33 34 0
33 35 0
33 36 0
33 37 0
33 38 0
33 39 0
33 40 101
33 41 101
33 42 103
33 43 101
33 44 100
33 45 100
33 46 101
33 47 102
33 48 99
33 49 101
34 34 0
34 35 0
34 36 0
34 37 0
34 38 0
34 39 0
34 40 97
34 41 98
34 42 103
34 43 100
34 44 101
34 45 95
34 46 101
34 47 99
34 48 102
34 49 99
35 35 0
35 36 0
35 37 0
35 38 0
35 39 0
35 40 100
35 41 99
35 42 102
35 43 95
35 44 102
35 45 102
35 46 100
35 47 100
35 48 101
35 49 100
36 36 0
36 37 0
36 38 0
36 39 0
36 40 99
36 41 101
36 42 98
36 43 103
36 44 101
36 45 101
36 46 102
36 47 99
36 48 102
36 49 104
37 37 0
37 38 0
37 39 0
37 40 100
37 41 99
37 42 103
37 43 97
37 44 102
37 45 101
37 46 99
37 47 99
37 48 98
37 49 102
38 38 0
38 39 0
38 40 99
38 41 98
38 42 99
38 43 98
38 44 98
38 45 100
38 46 101
38 47 102
38 48 100
38 49 103
39 39 0
39 40 101
39 41 98
39 42 104
39 43 99
39 44 101
39 45 101
39 46 95
39 47 106
39 48 104
39 49 100
40 40 0
40 41 0
40 42 0
40 43 0
40 44 98
40 45 97
40 46 105
40 47 100
40 48 98
40 49 98
41 41 0
41 42 0
41 43 0
41 44 101
41 45 100
41 46 104
41 47 97
41 48 98
41 49 96
42 42 0
42 43 0
42 44 99
42 45 99
42 46 99
42 47 101
42 48 98
42 49 102
43 43 0
43 44 93
43 45 100
43 46 103
43 47 100
43 48 99
43 49 100
44 44 0
44 45 0
44 46 0
44 47 0
44 48 0
44 49 0
45 45 0
45 46 0
45 47 0
45 48 0
45 49 0
46 46 0
46 47 0
46 48 0
46 49 0
47 47 0
47 48 0
47 49 0
48 48 0
48 49 0
49 49 0
