5
1
10
1
8
8
0 0 0
0 1 17
0 2 4
0 3 10
0 4 17
0 5 15
0 6 12
0 7 12
0 8 8
0 9 17
0 10 12
0 11 1
0 12 14
0 13 14
0 14 4
0 15 5
0 16 8
0 17 17
0 18 18
0 19 11
0 20 12
0 21 3
0 22 10
0 23 19
0 24 14
0 25 11
0 26 10
0 27 11
1 1 0
1 2 0
1 3 0
1 4 0
1 5 0
1 6 0
1 7 0
1 8 0
1 9 0
1 10 0
1 11 8
1 12 9
1 13 6
1 14 5
1 15 13
1 16 17
1 17 19
1 18 4
1 19 7
1 20 17
1 21 2
1 22 11
1 23 11
1 24 9
1 25 17
1 26 17
1 27 20
2 2 0
2 3 0
2 4 0
2 5 0
2 6 0
2 7 0
2 8 0
2 9 0
2 10 0
2 11 20
2 12 1
2 13 20
2 14 11
2 15 4
2 16 17
2 17 3
2 18 13
2 19 18
2 20 2
2 21 20
2 22 17
2 23 15
2 24 19
2 25 4
2 26 2
2 27 11
3 3 0
3 4 0
3 5 0
3 6 0
3 7 0
3 8 0
3 9 0
3 10 0
3 11 5
3 12 8
3 13 8
3 14 9
3 15 9
3 16 3
3 17 14
3 18 1
3 19 4
3 20 13
3 21 19
3 22 10
3 23 12
3 24 15
3 25 10
3 26 13
3 27 2
4 4 0
4 5 0
4 6 0
4 7 0
4 8 0
4 9 0
4 10 0
4 11 5
4 12 18
4 13 16
4 14 4
4 15 1
4 16 6
4 17 16
4 18 9
4 19 3
4 20 2
4 21 8
4 22 10
4 23 20
4 24 2
4 25 20
4 26 1
4 27 13
5 5 0
5 6 0
5 7 0
5 8 0
5 9 0
5 10 0
5 11 5
5 12 5
5 13 19
5 14 20
5 15 2
5 16 15
5 17 16
5 18 1
5 19 18
5 20 11
5 21 7
5 22 13
5 23 9
5 24 6
5 25 9
5 26 5
5 27 4
6 6 0
6 7 0
6 8 0
6 9 0
6 10 0
6 11 3
6 12 10
6 13 4
6 14 4
6 15 5
6 16 2
6 17 8
6 18 4
6 19 20
6 20 2
6 21 10
6 22 14
6 23 20
6 24 20
6 25 14
6 26 19
6 27 9
7 7 0
7 8 0
7 9 0
7 10 0
7 11 5
7 12 8
7 13 7
7 14 4
7 15 13
7 16 16
7 17 14
7 18 20
7 19 6
7 20 15
7 21 6
7 22 2
7 23 18
7 24 11
7 25 15
7 26 19
7 27 20
8 8 0
8 9 0
8 10 0
8 11 2
8 12 5
8 13 9
8 14 4
8 15 2
8 16 12
8 17 12
8 18 4
8 19 9
8 20 17
8 21 16
8 22 12
8 23 2
8 24 20
8 25 15
8 26 3
8 27 12
9 9 0
9 10 0
9 11 2
9 12 9
9 13 20
9 14 8
9 15 3
9 16 8
9 17 9
9 18 11
9 19 1
9 20 7
9 21 17
9 22 7
9 23 12
9 24 7
9 25 7
9 26 6
9 27 20
10 10 0
10 11 9
10 12 12
10 13 7
10 14 16
10 15 16
10 16 11
10 17 6
10 18 12
10 19 3
10 20 8
10 21 18
10 22 4
10 23 8
10 24 1
10 25 12
10 26 12
10 27 19
11 11 0
11 12 5
11 13 1
11 14 11
11 15 17
11 16 13
11 17 11
11 18 13
11 19 14
11 20 20
11 21 9
11 22 19
11 23 9
11 24 13
11 25 3
11 26 19
11 27 10
12 12 0
12 13 0
12 14 0
12 15 0
12 16 0
12 17 0
12 18 0
12 19 0
12 20 4
12 21 1
12 22 17
12 23 15
12 24 12
12 25 7
12 26 2
12 27 7
13 13 0
13 14 0
13 15 0
13 16 0
13 17 0
13 18 0
13 19 0
13 20 1
13 21 20
13 22 11
13 23 11
13 24 11
13 25 19
13 26 11
13 27 9
14 14 0
14 15 0
14 16 0
14 17 0
14 18 0
14 19 0
14 20 7
14 21 14
14 22 7
14 23 8
14 24 14
14 25 7
14 26 8
14 27 10
15 15 0
15 16 0
15 17 0
15 18 0
15 19 0
15 20 3
15 21 6
15 22 18
15 23 14
15 24 17
15 25 16
15 26 3
15 27 13
16 16 0
16 17 0
16 18 0
16 19 0
16 20 15
16 21 1
16 22 6
16 23 20
16 24 9
16 25 17
16 26 8
16 27 12
17 17 0
17 18 0
17 19 0
17 20 8
17 21 13
17 22 15
17 23 10
17 24 1
17 25 10
17 26 6
17 27 7
18 18 0
18 19 0
18 20 4
18 21 15
18 22 7
18 23 11
18 24 4
18 25 4
18 26 14
18 27 11
19 19 0
19 20 3
19 21 19
19 22 15
19 23 9
19 24 7
19 25 6
19 26 9
19 27 15
20 20 0
20 21 0
20 22 0
20 23 0
20 24 0
20 25 0
20 26 0
20 27 0
21 21 0
21 22 0
21 23 0
21 24 0
21 25 0
21 26 0
21 27 0
22 22 0
22 23 0
22 24 0
22 25 0
22 26 0
22 27 0
23 23 0
23 24 0
23 25 0
23 26 0
23 27 0
24 24 0
24 25 0
24 26 0
24 27 0
25 25 0
25 26 0
25 27 0
26 26 0
26 27 0
27 27 0
