10
10
10
10
10
10
10
10
10
10
10
0 0 0
0 1 0
0 2 0
0 3 0
0 4 0
0 5 0
0 6 0
0 7 0
0 8 0
0 9 0
0 10 22
0 11 33
0 12 7
0 13 33
0 14 43
0 15 45
0 16 15
0 17 36
0 18 36
0 19 22
0 20 20
0 21 2
0 22 17
0 23 23
0 24 21
0 25 31
0 26 25
0 27 36
0 28 11
0 29 24
0 30 49
0 31 18
0 32 8
0 33 47
0 34 5
0 35 25
0 36 21
0 37 11
0 38 2
0 39 28
0 40 27
0 41 33
0 42 20
0 43 47
0 44 26
0 45 21
0 46 27
0 47 29
0 48 36
0 49 39
0 50 7
0 51 49
0 52 17
0 53 26
0 54 16
0 55 11
0 56 14
0 57 8
0 58 44
0 59 24
0 60 21
0 61 35
0 62 4
0 63 41
0 64 49
0 65 24
0 66 34
0 67 35
0 68 12
0 69 22
0 70 33
0 71 24
0 72 16
0 73 19
0 74 34
0 75 31
0 76 38
0 77 37
0 78 31
0 79 7
0 80 36
0 81 48
0 82 49
0 83 48
0 84 42
0 85 49
0 86 45
0 87 14
0 88 38
0 89 39
0 90 7
0 91 28
0 92 15
0 93 21
0 94 31
0 95 23
0 96 36
0 97 50
0 98 24
0 99 21
1 1 0
1 2 0
1 3 0
1 4 0
1 5 0
1 6 0
1 7 0
1 8 0
1 9 0
1 10 8
1 11 33
1 12 40
1 13 22
1 14 23
1 15 45
1 16 17
1 17 37
1 18 31
1 19 27
1 20 1
1 21 14
1 22 45
1 23 23
1 24 23
1 25 27
1 26 48
1 27 21
1 28 37
1 29 25
1 30 31
1 31 28
1 32 7
1 33 48
1 34 29
1 35 15
1 36 39
1 37 23
1 38 14
1 39 46
1 40 44
1 41 34
1 42 43
1 43 19
1 44 11
1 45 12
1 46 49
1 47 18
1 48 47
1 49 18
1 50 47
1 51 11
1 52 23
1 53 45
1 54 36
1 55 36
1 56 6
1 57 49
1 58 3
1 59 42
1 60 46
1 61 28
1 62 12
1 63 41
1 64 3
1 65 4
1 66 19
1 67 8
1 68 17
1 69 29
1 70 41
1 71 11
1 72 41
1 73 46
1 74 47
1 75 5
1 76 1
1 77 13
1 78 47
1 79 23
1 80 49
1 81 19
1 82 12
1 83 17
1 84 34
1 85 20
1 86 29
1 87 41
1 88 9
1 89 31
1 90 6
1 91 35
1 92 42
1 93 29
1 94 23
1 95 6
1 96 44
1 97 11
1 98 5
1 99 15
2 2 0
2 3 0
2 4 0
2 5 0
2 6 0
2 7 0
2 8 0
2 9 0
2 10 29
2 11 34
2 12 42
2 13 22
2 14 41
2 15 5
2 16 6
2 17 36
2 18 34
2 19 12
2 20 16
2 21 25
2 22 45
2 23 27
2 24 13
2 25 49
2 26 21
2 27 33
2 28 29
2 29 16
2 30 18
2 31 38
2 32 19
2 33 33
2 34 40
2 35 48
2 36 40
2 37 1
2 38 46
2 39 50
2 40 2
2 41 9
2 42 18
2 43 49
2 44 2
2 45 37
2 46 50
2 47 3
2 48 17
2 49 40
2 50 29
2 51 29
2 52 23
2 53 21
2 54 44
2 55 36
2 56 44
2 57 34
2 58 44
2 59 45
2 60 18
2 61 43
2 62 31
2 63 8
2 64 37
2 65 19
2 66 24
2 67 35
2 68 50
2 69 26
2 70 42
2 71 35
2 72 48
2 73 24
2 74 24
2 75 6
2 76 30
2 77 39
2 78 20
2 79 2
2 80 31
2 81 29
2 82 42
2 83 32
2 84 5
2 85 47
2 86 26
2 87 50
2 88 33
2 89 31
2 90 28
2 91 26
2 92 5
2 93 27
2 94 5
2 95 50
2 96 36
2 97 32
2 98 40
2 99 21
3 3 0
3 4 0
3 5 0
3 6 0
3 7 0
3 8 0
3 9 0
3 10 2
3 11 34
3 12 30
3 13 37
3 14 27
3 15 8
3 16 21
3 17 23
3 18 2
3 19 12
3 20 37
3 21 10
3 22 2
3 23 4
3 24 22
3 25 39
3 26 43
3 27 44
3 28 34
3 29 21
3 30 44
3 31 28
3 32 31
3 33 6
3 34 19
3 35 42
3 36 34
3 37 19
3 38 26
3 39 35
3 40 36
3 41 9
3 42 28
3 43 15
3 44 1
3 45 31
3 46 24
3 47 20
3 48 37
3 49 22
3 50 26
3 51 37
3 52 34
3 53 17
3 54 1
3 55 43
3 56 30
3 57 29
3 58 38
3 59 16
3 60 1
3 61 20
3 62 28
3 63 35
3 64 7
3 65 32
3 66 14
3 67 16
3 68 38
3 69 9
3 70 46
3 71 41
3 72 42
3 73 46
3 74 45
3 75 41
3 76 31
3 77 32
3 78 22
3 79 23
3 80 31
3 81 18
3 82 38
3 83 30
3 84 20
3 85 4
3 86 34
3 87 29
3 88 2
3 89 17
3 90 35
3 91 37
3 92 49
3 93 15
3 94 50
3 95 10
3 96 45
3 97 10
3 98 44
3 99 38
4 4 0
4 5 0
4 6 0
4 7 0
4 8 0
4 9 0
4 10 23
4 11 13
4 12 41
4 13 26
4 14 14
4 15 7
4 16 5
4 17 48
4 18 2
4 19 1
4 20 36
4 21 1
4 22 24
4 23 16
4 24 27
4 25 30
4 26 33
4 27 40
4 28 36
4 29 34
4 30 32
4 31 30
4 32 25
4 33 8
4 34 44
4 35 33
4 36 2
4 37 10
4 38 44
4 39 31
4 40 10
4 41 6
4 42 36
4 43 42
4 44 32
4 45 37
4 46 49
4 47 7
4 48 12
4 49 36
4 50 7
4 51 21
4 52 32
4 53 22
4 54 46
4 55 4
4 56 47
4 57 38
4 58 34
4 59 21
4 60 25
4 61 50
4 62 2
4 63 31
4 64 23
4 65 27
4 66 46
4 67 15
4 68 5
4 69 42
4 70 47
4 71 46
4 72 6
4 73 9
4 74 12
4 75 10
4 76 16
4 77 23
4 78 44
4 79 3
4 80 13
4 81 32
4 82 49
4 83 34
4 84 36
4 85 34
4 86 27
4 87 1
4 88 5
4 89 6
4 90 34
4 91 6
4 92 2
4 93 17
4 94 4
4 95 2
4 96 17
4 97 31
4 98 19
4 99 21
5 5 0
5 6 0
5 7 0
5 8 0
5 9 0
5 10 29
5 11 2
5 12 27
5 13 32
5 14 34
5 15 43
5 16 29
5 17 9
5 18 25
5 19 32
5 20 7
5 21 18
5 22 40
5 23 31
5 24 41
5 25 41
5 26 43
5 27 29
5 28 33
5 29 25
5 30 20
5 31 26
5 32 34
5 33 9
5 34 23
5 35 14
5 36 49
5 37 2
5 38 5
5 39 38
5 40 19
5 41 6
5 42 32
5 43 49
5 44 23
5 45 11
5 46 45
5 47 48
5 48 1
5 49 39
5 50 21
5 51 23
5 52 42
5 53 22
5 54 31
5 55 17
5 56 22
5 57 9
5 58 24
5 59 13
5 60 2
5 61 33
5 62 38
5 63 36
5 64 16
5 65 5
5 66 43
5 67 5
5 68 2
5 69 11
5 70 19
5 71 13
5 72 2
5 73 13
5 74 34
5 75 22
5 76 8
5 77 2
5 78 19
5 79 45
5 80 38
5 81 27
5 82 45
5 83 23
5 84 16
5 85 10
5 86 28
5 87 5
5 88 17
5 89 46
5 90 34
5 91 42
5 92 34
5 93 46
5 94 6
5 95 9
5 96 2
5 97 8
5 98 34
5 99 40
6 6 0
6 7 0
6 8 0
6 9 0
6 10 47
6 11 15
6 12 1
6 13 17
6 14 25
6 15 31
6 16 30
6 17 43
6 18 49
6 19 33
6 20 5
6 21 21
6 22 42
6 23 24
6 24 6
6 25 10
6 26 15
6 27 24
6 28 43
6 29 4
6 30 38
6 31 35
6 32 27
6 33 19
6 34 23
6 35 18
6 36 9
6 37 43
6 38 42
6 39 15
6 40 46
6 41 34
6 42 31
6 43 1
6 44 24
6 45 3
6 46 6
6 47 33
6 48 49
6 49 24
6 50 28
6 51 32
6 52 34
6 53 15
6 54 15
6 55 23
6 56 38
6 57 15
6 58 41
6 59 28
6 60 8
6 61 43
6 62 45
6 63 29
6 64 16
6 65 20
6 66 30
6 67 28
6 68 5
6 69 36
6 70 15
6 71 11
6 72 32
6 73 1
6 74 47
6 75 22
6 76 9
6 77 8
6 78 13
6 79 15
6 80 34
6 81 36
6 82 46
6 83 24
6 84 22
6 85 43
6 86 23
6 87 46
6 88 19
6 89 35
6 90 48
6 91 46
6 92 28
6 93 44
6 94 20
6 95 4
6 96 15
6 97 5
6 98 4
6 99 18
7 7 0
7 8 0
7 9 0
7 10 42
7 11 29
7 12 8
7 13 26
7 14 23
7 15 3
7 16 21
7 17 37
7 18 7
7 19 8
7 20 16
7 21 45
7 22 36
7 23 20
7 24 12
7 25 39
7 26 37
7 27 12
7 28 44
7 29 34
7 30 5
7 31 33
7 32 14
7 33 41
7 34 14
7 35 39
7 36 38
7 37 20
7 38 42
7 39 13
7 40 42
7 41 25
7 42 36
7 43 18
7 44 24
7 45 21
7 46 18
7 47 46
7 48 48
7 49 9
7 50 41
7 51 43
7 52 21
7 53 8
7 54 8
7 55 1
7 56 9
7 57 20
7 58 42
7 59 5
7 60 15
7 61 16
7 62 32
7 63 26
7 64 24
7 65 13
7 66 20
7 67 30
7 68 41
7 69 16
7 70 49
7 71 10
7 72 34
7 73 31
7 74 21
7 75 7
7 76 30
7 77 25
7 78 28
7 79 37
7 80 3
7 81 13
7 82 20
7 83 29
7 84 7
7 85 34
7 86 11
7 87 21
7 88 6
7 89 23
7 90 25
7 91 21
7 92 8
7 93 20
7 94 44
7 95 17
7 96 1
7 97 40
7 98 9
7 99 29
8 8 0
8 9 0
8 10 31
8 11 40
8 12 4
8 13 1
8 14 21
8 15 1
8 16 49
8 17 30
8 18 35
8 19 33
8 20 15
8 21 9
8 22 19
8 23 37
8 24 30
8 25 13
8 26 9
8 27 23
8 28 31
8 29 48
8 30 40
8 31 32
8 32 41
8 33 2
8 34 36
8 35 25
8 36 50
8 37 11
8 38 46
8 39 44
8 40 6
8 41 37
8 42 4
8 43 50
8 44 3
8 45 4
8 46 1
8 47 21
8 48 38
8 49 38
8 50 38
8 51 31
8 52 39
8 53 12
8 54 12
8 55 3
8 56 39
8 57 1
8 58 12
8 59 4
8 60 30
8 61 11
8 62 29
8 63 23
8 64 9
8 65 39
8 66 43
8 67 45
8 68 38
8 69 11
8 70 10
8 71 15
8 72 43
8 73 23
8 74 40
8 75 8
8 76 41
8 77 46
8 78 27
8 79 22
8 80 19
8 81 35
8 82 39
8 83 8
8 84 37
8 85 30
8 86 4
8 87 36
8 88 34
8 89 43
8 90 12
8 91 19
8 92 15
8 93 18
8 94 7
8 95 23
8 96 1
8 97 21
8 98 45
8 99 24
9 9 0
9 10 35
9 11 11
9 12 29
9 13 30
9 14 3
9 15 10
9 16 46
9 17 46
9 18 43
9 19 39
9 20 23
9 21 38
9 22 37
9 23 23
9 24 16
9 25 48
9 26 15
9 27 36
9 28 16
9 29 18
9 30 28
9 31 50
9 32 11
9 33 4
9 34 47
9 35 9
9 36 18
9 37 44
9 38 15
9 39 45
9 40 47
9 41 31
9 42 3
9 43 1
9 44 44
9 45 35
9 46 15
9 47 36
9 48 20
9 49 41
9 50 38
9 51 17
9 52 7
9 53 31
9 54 10
9 55 41
9 56 31
9 57 4
9 58 13
9 59 31
9 60 33
9 61 14
9 62 28
9 63 21
9 64 5
9 65 28
9 66 35
9 67 13
9 68 43
9 69 13
9 70 30
9 71 24
9 72 42
9 73 17
9 74 1
9 75 36
9 76 30
9 77 12
9 78 37
9 79 27
9 80 40
9 81 8
9 82 39
9 83 31
9 84 19
9 85 25
9 86 8
9 87 3
9 88 18
9 89 31
9 90 36
9 91 12
9 92 32
9 93 30
9 94 40
9 95 46
9 96 35
9 97 24
9 98 25
9 99 14
10 10 0
10 11 0
10 12 0
10 13 0
10 14 0
10 15 0
10 16 0
10 17 0
10 18 0
10 19 0
10 20 2
10 21 50
10 22 7
10 23 43
10 24 20
10 25 20
10 26 11
10 27 18
10 28 46
10 29 14
10 30 50
10 31 24
10 32 32
10 33 44
10 34 43
10 35 22
10 36 10
10 37 41
10 38 16
10 39 37
10 40 10
10 41 42
10 42 31
10 43 31
10 44 20
10 45 7
10 46 39
10 47 24
10 48 49
10 49 25
10 50 29
10 51 50
10 52 8
10 53 27
10 54 2
10 55 28
10 56 1
10 57 48
10 58 45
10 59 11
10 60 23
10 61 14
10 62 39
10 63 38
10 64 6
10 65 4
10 66 9
10 67 46
10 68 44
10 69 43
10 70 7
10 71 20
10 72 21
10 73 50
10 74 4
10 75 17
10 76 17
10 77 4
10 78 6
10 79 13
10 80 2
10 81 32
10 82 36
10 83 44
10 84 13
10 85 32
10 86 22
10 87 34
10 88 12
10 89 17
10 90 50
10 91 20
10 92 16
10 93 42
10 94 11
10 95 1
10 96 1
10 97 47
10 98 36
10 99 32
11 11 0
11 12 0
11 13 0
11 14 0
11 15 0
11 16 0
11 17 0
11 18 0
11 19 0
11 20 3
11 21 12
11 22 16
11 23 45
11 24 1
11 25 37
11 26 12
11 27 4
11 28 26
11 29 39
11 30 14
11 31 36
11 32 35
11 33 31
11 34 4
11 35 35
11 36 12
11 37 7
11 38 20
11 39 44
11 40 4
11 41 35
11 42 1
11 43 48
11 44 31
11 45 42
11 46 42
11 47 20
11 48 45
11 49 37
11 50 14
11 51 20
11 52 10
11 53 42
11 54 14
11 55 21
11 56 30
11 57 1
11 58 6
11 59 24
11 60 10
11 61 10
11 62 48
11 63 12
11 64 50
11 65 32
11 66 13
11 67 36
11 68 34
11 69 7
11 70 27
11 71 22
11 72 15
11 73 17
11 74 21
11 75 39
11 76 10
11 77 44
11 78 26
11 79 45
11 80 34
11 81 50
11 82 25
11 83 4
11 84 3
11 85 18
11 86 26
11 87 9
11 88 32
11 89 11
11 90 19
11 91 37
11 92 44
11 93 38
11 94 36
11 95 47
11 96 41
11 97 12
11 98 20
11 99 4
12 12 0
12 13 0
12 14 0
12 15 0
12 16 0
12 17 0
12 18 0
12 19 0
12 20 7
12 21 13
12 22 7
12 23 50
12 24 19
12 25 17
12 26 12
12 27 39
12 28 45
12 29 31
12 30 32
12 31 13
12 32 46
12 33 16
12 34 22
12 35 34
12 36 11
12 37 19
12 38 30
12 39 6
12 40 11
12 41 9
12 42 11
12 43 43
12 44 32
12 45 2
12 46 22
12 47 45
12 48 8
12 49 17
12 50 43
12 51 31
12 52 22
12 53 31
12 54 31
12 55 49
12 56 30
12 57 42
12 58 28
12 59 44
12 60 20
12 61 44
12 62 46
12 63 24
12 64 18
12 65 45
12 66 14
12 67 27
12 68 40
12 69 30
12 70 2
12 71 25
12 72 28
12 73 2
12 74 50
12 75 14
12 76 36
12 77 20
12 78 27
12 79 47
12 80 15
12 81 46
12 82 31
12 83 36
12 84 20
12 85 19
12 86 35
12 87 13
12 88 4
12 89 21
12 90 14
12 91 17
12 92 8
12 93 15
12 94 49
12 95 4
12 96 43
12 97 48
12 98 27
12 99 41
13 13 0
13 14 0
13 15 0
13 16 0
13 17 0
13 18 0
13 19 0
13 20 15
13 21 40
13 22 25
13 23 32
13 24 16
13 25 8
13 26 31
13 27 41
13 28 8
13 29 17
13 30 41
13 31 41
13 32 24
13 33 29
13 34 18
13 35 47
13 36 2
13 37 29
13 38 19
13 39 12
13 40 46
13 41 37
13 42 10
13 43 18
13 44 22
13 45 14
13 46 31
13 47 21
13 48 38
13 49 2
13 50 10
13 51 12
13 52 11
13 53 39
13 54 9
13 55 38
13 56 5
13 57 23
13 58 38
13 59 28
13 60 11
13 61 10
13 62 31
13 63 7
13 64 7
13 65 43
13 66 20
13 67 13
13 68 14
13 69 12
13 70 7
13 71 30
13 72 10
13 73 9
13 74 28
13 75 30
13 76 10
13 77 11
13 78 2
13 79 16
13 80 40
13 81 32
13 82 12
13 83 9
13 84 17
13 85 45
13 86 11
13 87 25
13 88 25
13 89 49
13 90 50
13 91 31
13 92 27
13 93 42
13 94 45
13 95 24
13 96 24
13 97 32
13 98 34
13 99 44
14 14 0
14 15 0
14 16 0
14 17 0
14 18 0
14 19 0
14 20 5
14 21 17
14 22 19
14 23 34
14 24 40
14 25 15
14 26 27
14 27 23
14 28 1
14 29 2
14 30 8
14 31 30
14 32 2
14 33 15
14 34 41
14 35 31
14 36 38
14 37 9
14 38 11
14 39 35
14 40 47
14 41 26
14 42 23
14 43 5
14 44 1
14 45 18
14 46 49
14 47 44
14 48 17
14 49 38
14 50 31
14 51 27
14 52 42
14 53 48
14 54 35
14 55 17
14 56 21
14 57 28
14 58 43
14 59 4
14 60 47
14 61 21
14 62 36
14 63 34
14 64 37
14 65 33
14 66 21
14 67 44
14 68 28
14 69 24
14 70 46
14 71 7
14 72 44
14 73 19
14 74 45
14 75 5
14 76 13
14 77 34
14 78 1
14 79 30
14 80 22
14 81 11
14 82 11
14 83 43
14 84 20
14 85 32
14 86 21
14 87 20
14 88 28
14 89 20
14 90 30
14 91 43
14 92 42
14 93 24
14 94 49
14 95 31
14 96 50
14 97 45
14 98 28
14 99 4
15 15 0
15 16 0
15 17 0
15 18 0
15 19 0
15 20 8
15 21 15
15 22 10
15 23 15
15 24 47
15 25 30
15 26 37
15 27 10
15 28 29
15 29 13
15 30 34
15 31 34
15 32 1
15 33 36
15 34 36
15 35 20
15 36 19
15 37 1
15 38 48
15 39 7
15 40 38
15 41 39
15 42 4
15 43 11
15 44 6
15 45 12
15 46 22
15 47 11
15 48 50
15 49 33
15 50 27
15 51 39
15 52 11
15 53 4
15 54 7
15 55 43
15 56 9
15 57 44
15 58 24
15 59 9
15 60 45
15 61 36
15 62 7
15 63 39
15 64 28
15 65 13
15 66 36
15 67 4
15 68 30
15 69 38
15 70 21
15 71 47
15 72 33
15 73 21
15 74 14
15 75 17
15 76 46
15 77 1
15 78 15
15 79 30
15 80 21
15 81 24
15 82 49
15 83 22
15 84 48
15 85 22
15 86 10
15 87 32
15 88 22
15 89 36
15 90 3
15 91 14
15 92 31
15 93 34
15 94 16
15 95 43
15 96 28
15 97 8
15 98 18
15 99 35
16 16 0
16 17 0
16 18 0
16 19 0
16 20 25
16 21 35
16 22 41
16 23 41
16 24 44
16 25 22
16 26 23
16 27 46
16 28 10
16 29 23
16 30 1
16 31 39
16 32 19
16 33 23
16 34 28
16 35 27
16 36 36
16 37 35
16 38 19
16 39 29
16 40 36
16 41 43
16 42 4
16 43 12
16 44 47
16 45 50
16 46 33
16 47 47
16 48 32
16 49 40
16 50 32
16 51 11
16 52 8
16 53 33
16 54 42
16 55 24
16 56 20
16 57 7
16 58 33
16 59 25
16 60 41
16 61 10
16 62 10
16 63 6
16 64 39
16 65 2
16 66 25
16 67 1
16 68 22
16 69 36
16 70 46
16 71 41
16 72 18
16 73 40
16 74 10
16 75 50
16 76 29
16 77 45
16 78 40
16 79 16
16 80 23
16 81 47
16 82 44
16 83 34
16 84 40
16 85 12
16 86 22
16 87 34
16 88 4
16 89 1
16 90 15
16 91 41
16 92 45
16 93 31
16 94 10
16 95 15
16 96 42
16 97 47
16 98 1
16 99 17
17 17 0
17 18 0
17 19 0
17 20 48
17 21 49
17 22 45
17 23 9
17 24 15
17 25 37
17 26 43
17 27 40
17 28 10
17 29 35
17 30 46
17 31 10
17 32 48
17 33 11
17 34 37
17 35 23
17 36 9
17 37 35
17 38 11
17 39 35
17 40 25
17 41 38
17 42 10
17 43 9
17 44 33
17 45 25
17 46 24
17 47 29
17 48 19
17 49 5
17 50 36
17 51 50
17 52 35
17 53 42
17 54 2
17 55 3
17 56 50
17 57 16
17 58 2
17 59 45
17 60 33
17 61 32
17 62 37
17 63 39
17 64 25
17 65 12
17 66 4
17 67 13
17 68 35
17 69 9
17 70 4
17 71 4
17 72 22
17 73 20
17 74 24
17 75 37
17 76 11
17 77 21
17 78 24
17 79 33
17 80 47
17 81 24
17 82 1
17 83 10
17 84 14
17 85 42
17 86 36
17 87 12
17 88 21
17 89 2
17 90 46
17 91 22
17 92 22
17 93 10
17 94 29
17 95 5
17 96 12
17 97 30
17 98 10
17 99 37
18 18 0
18 19 0
18 20 13
18 21 43
18 22 6
18 23 11
18 24 5
18 25 24
18 26 9
18 27 47
18 28 49
18 29 19
18 30 43
18 31 42
18 32 30
18 33 18
18 34 14
18 35 42
18 36 36
18 37 2
18 38 13
18 39 12
18 40 40
18 41 47
18 42 17
18 43 1
18 44 34
18 45 9
18 46 12
18 47 6
18 48 34
18 49 12
18 50 9
18 51 43
18 52 31
18 53 38
18 54 47
18 55 50
18 56 45
18 57 36
18 58 13
18 59 41
18 60 23
18 61 50
18 62 50
18 63 33
18 64 33
18 65 42
18 66 36
18 67 15
18 68 44
18 69 45
18 70 3
18 71 50
18 72 38
18 73 43
18 74 39
18 75 1
18 76 3
18 77 34
18 78 16
18 79 22
18 80 45
18 81 39
18 82 21
18 83 15
18 84 4
18 85 40
18 86 4
18 87 14
18 88 39
18 89 40
18 90 25
18 91 9
18 92 34
18 93 5
18 94 5
18 95 42
18 96 13
18 97 30
18 98 18
18 99 40
19 19 0
19 20 33
19 21 30
19 22 45
19 23 12
19 24 13
19 25 48
19 26 15
19 27 11
19 28 50
19 29 48
19 30 16
19 31 14
19 32 28
19 33 6
19 34 2
19 35 46
19 36 37
19 37 39
19 38 47
19 39 3
19 40 10
19 41 36
19 42 38
19 43 44
19 44 6
19 45 24
19 46 5
19 47 24
19 48 31
19 49 5
19 50 21
19 51 48
19 52 32
19 53 26
19 54 36
19 55 22
19 56 31
19 57 44
19 58 45
19 59 5
19 60 23
19 61 26
19 62 13
19 63 26
19 64 46
19 65 14
19 66 29
19 67 1
19 68 27
19 69 43
19 70 15
19 71 13
19 72 9
19 73 49
19 74 4
19 75 31
19 76 22
19 77 48
19 78 35
19 79 35
19 80 27
19 81 40
19 82 2
19 83 11
19 84 11
19 85 25
19 86 27
19 87 34
19 88 49
19 89 35
19 90 16
19 91 26
19 92 10
19 93 33
19 94 3
19 95 37
19 96 19
19 97 15
19 98 9
19 99 39
20 20 0
20 21 0
20 22 0
20 23 0
20 24 0
20 25 0
20 26 0
20 27 0
20 28 0
20 29 0
20 30 6
20 31 31
20 32 3
20 33 39
20 34 34
20 35 35
20 36 48
20 37 32
20 38 17
20 39 48
20 40 21
20 41 20
20 42 36
20 43 15
20 44 31
20 45 8
20 46 15
20 47 13
20 48 40
20 49 3
20 50 44
20 51 20
20 52 37
20 53 24
20 54 6
20 55 33
20 56 31
20 57 1
20 58 21
20 59 3
20 60 22
20 61 27
20 62 31
20 63 29
20 64 38
20 65 29
20 66 2
20 67 24
20 68 30
20 69 2
20 70 26
20 71 17
20 72 17
20 73 13
20 74 48
20 75 10
20 76 49
20 77 37
20 78 18
20 79 5
20 80 23
20 81 18
20 82 10
20 83 21
20 84 37
20 85 21
20 86 39
20 87 24
20 88 36
20 89 13
20 90 18
20 91 49
20 92 17
20 93 31
20 94 4
20 95 16
20 96 14
20 97 17
20 98 48
20 99 32
21 21 0
21 22 0
21 23 0
21 24 0
21 25 0
21 26 0
21 27 0
21 28 0
21 29 0
21 30 18
21 31 4
21 32 19
21 33 8
21 34 16
21 35 23
21 36 35
21 37 43
21 38 47
21 39 23
21 40 45
21 41 50
21 42 22
21 43 1
21 44 4
21 45 35
21 46 35
21 47 45
21 48 15
21 49 39
21 50 26
21 51 15
21 52 44
21 53 14
21 54 21
21 55 33
21 56 42
21 57 37
21 58 3
21 59 37
21 60 50
21 61 14
21 62 39
21 63 31
21 64 9
21 65 32
21 66 29
21 67 23
21 68 12
21 69 15
21 70 41
21 71 32
21 72 6
21 73 45
21 74 39
21 75 48
21 76 37
21 77 33
21 78 4
21 79 21
21 80 47
21 81 9
21 82 28
21 83 4
21 84 40
21 85 6
21 86 5
21 87 14
21 88 19
21 89 29
21 90 29
21 91 11
21 92 31
21 93 24
21 94 41
21 95 28
21 96 28
21 97 36
21 98 22
21 99 37
22 22 0
22 23 0
22 24 0
22 25 0
22 26 0
22 27 0
22 28 0
22 29 0
22 30 13
22 31 31
22 32 7
22 33 44
22 34 29
22 35 31
22 36 40
22 37 38
22 38 1
22 39 6
22 40 7
22 41 17
22 42 28
22 43 39
22 44 19
22 45 16
22 46 13
22 47 34
22 48 39
22 49 17
22 50 44
22 51 40
22 52 31
22 53 35
22 54 39
22 55 29
22 56 5
22 57 46
22 58 6
22 59 7
22 60 21
22 61 33
22 62 49
22 63 38
22 64 12
22 65 46
22 66 11
22 67 3
22 68 25
22 69 20
22 70 13
22 71 6
22 72 3
22 73 22
22 74 6
22 75 49
22 76 12
22 77 14
22 78 49
22 79 43
22 80 25
22 81 6
22 82 19
22 83 43
22 84 50
22 85 9
22 86 36
22 87 28
22 88 28
22 89 16
22 90 42
22 91 35
22 92 40
22 93 13
22 94 35
22 95 35
22 96 44
22 97 29
22 98 30
22 99 23
23 23 0
23 24 0
23 25 0
23 26 0
23 27 0
23 28 0
23 29 0
23 30 20
23 31 2
23 32 19
23 33 28
23 34 21
23 35 36
23 36 38
23 37 18
23 38 24
23 39 44
23 40 3
23 41 12
23 42 25
23 43 31
23 44 39
23 45 32
23 46 16
23 47 38
23 48 37
23 49 10
23 50 11
23 51 26
23 52 31
23 53 37
23 54 46
23 55 44
23 56 21
23 57 30
23 58 50
23 59 1
23 60 12
23 61 15
23 62 26
23 63 43
23 64 4
23 65 15
23 66 8
23 67 31
23 68 6
23 69 23
23 70 40
23 71 14
23 72 24
23 73 24
23 74 38
23 75 22
23 76 39
23 77 14
23 78 20
23 79 8
23 80 23
23 81 6
23 82 25
23 83 14
23 84 39
23 85 48
23 86 34
23 87 49
23 88 27
23 89 49
23 90 46
23 91 30
23 92 15
23 93 24
23 94 2
23 95 29
23 96 45
23 97 14
23 98 19
23 99 11
24 24 0
24 25 0
24 26 0
24 27 0
24 28 0
24 29 0
24 30 8
24 31 38
24 32 42
24 33 32
24 34 48
24 35 18
24 36 11
24 37 34
24 38 39
24 39 3
24 40 32
24 41 16
24 42 34
24 43 42
24 44 2
24 45 7
24 46 21
24 47 6
24 48 2
24 49 7
24 50 6
24 51 13
24 52 33
24 53 18
24 54 3
24 55 12
24 56 16
24 57 43
24 58 16
24 59 3
24 60 39
24 61 31
24 62 41
24 63 11
24 64 18
24 65 28
24 66 43
24 67 5
24 68 5
24 69 23
24 70 25
24 71 19
24 72 3
24 73 12
24 74 41
24 75 47
24 76 22
24 77 28
24 78 31
24 79 16
24 80 38
24 81 44
24 82 43
24 83 43
24 84 2
24 85 7
24 86 28
24 87 17
24 88 27
24 89 6
24 90 41
24 91 6
24 92 2
24 93 35
24 94 11
24 95 20
24 96 50
24 97 31
24 98 17
24 99 2
25 25 0
25 26 0
25 27 0
25 28 0
25 29 0
25 30 12
25 31 21
25 32 42
25 33 13
25 34 9
25 35 31
25 36 1
25 37 50
25 38 42
25 39 28
25 40 43
25 41 47
25 42 38
25 43 5
25 44 42
25 45 22
25 46 28
25 47 30
25 48 12
25 49 28
25 50 4
25 51 11
25 52 39
25 53 11
25 54 7
25 55 18
25 56 27
25 57 38
25 58 47
25 59 41
25 60 28
25 61 48
25 62 32
25 63 3
25 64 45
25 65 48
25 66 26
25 67 28
25 68 46
25 69 5
25 70 16
25 71 44
25 72 3
25 73 15
25 74 19
25 75 38
25 76 12
25 77 26
25 78 26
25 79 49
25 80 42
25 81 12
25 82 46
25 83 17
25 84 48
25 85 39
25 86 18
25 87 26
25 88 18
25 89 34
25 90 9
25 91 29
25 92 18
25 93 6
25 94 44
25 95 20
25 96 34
25 97 10
25 98 11
25 99 33
26 26 0
26 27 0
26 28 0
26 29 0
26 30 43
26 31 27
26 32 45
26 33 39
26 34 10
26 35 48
26 36 33
26 37 19
26 38 3
26 39 6
26 40 12
26 41 35
26 42 36
26 43 15
26 44 12
26 45 39
26 46 22
26 47 42
26 48 36
26 49 21
26 50 38
26 51 31
26 52 5
26 53 26
26 54 17
26 55 35
26 56 11
26 57 6
26 58 21
26 59 33
26 60 17
26 61 6
26 62 12
26 63 45
26 64 9
26 65 19
26 66 36
26 67 41
26 68 24
26 69 13
26 70 9
26 71 46
26 72 16
26 73 5
26 74 11
26 75 32
26 76 27
26 77 25
26 78 8
26 79 8
26 80 38
26 81 30
26 82 41
26 83 43
26 84 28
26 85 18
26 86 2
26 87 19
26 88 34
26 89 15
26 90 16
26 91 8
26 92 22
26 93 37
26 94 45
26 95 46
26 96 21
26 97 27
26 98 11
26 99 20
27 27 0
27 28 0
27 29 0
27 30 46
27 31 2
27 32 25
27 33 12
27 34 14
27 35 33
27 36 29
27 37 43
27 38 35
27 39 43
27 40 42
27 41 23
27 42 14
27 43 44
27 44 19
27 45 16
27 46 49
27 47 1
27 48 47
27 49 36
27 50 1
27 51 44
27 52 28
27 53 45
27 54 22
27 55 39
27 56 46
27 57 13
27 58 50
27 59 15
27 60 45
27 61 48
27 62 48
27 63 8
27 64 22
27 65 27
27 66 30
27 67 19
27 68 4
27 69 29
27 70 30
27 71 25
27 72 31
27 73 46
27 74 45
27 75 24
27 76 6
27 77 50
27 78 3
27 79 24
27 80 25
27 81 6
27 82 29
27 83 6
27 84 13
27 85 30
27 86 33
27 87 4
27 88 30
27 89 15
27 90 39
27 91 22
27 92 7
27 93 13
27 94 49
27 95 42
27 96 23
27 97 30
27 98 6
27 99 4
28 28 0
28 29 0
28 30 19
28 31 15
28 32 45
28 33 26
28 34 10
28 35 44
28 36 25
28 37 18
28 38 48
28 39 37
28 40 2
28 41 26
28 42 10
28 43 6
28 44 39
28 45 20
28 46 26
28 47 42
28 48 40
28 49 44
28 50 11
28 51 45
28 52 32
28 53 48
28 54 40
28 55 28
28 56 7
28 57 45
28 58 32
28 59 21
28 60 43
28 61 27
28 62 42
28 63 31
28 64 37
28 65 13
28 66 46
28 67 39
28 68 7
28 69 47
28 70 9
28 71 50
28 72 26
28 73 40
28 74 8
28 75 24
28 76 44
28 77 30
28 78 9
28 79 9
28 80 18
28 81 14
28 82 37
28 83 24
28 84 13
28 85 35
28 86 11
28 87 27
28 88 46
28 89 47
28 90 34
28 91 47
28 92 26
28 93 31
28 94 32
28 95 37
28 96 48
28 97 8
28 98 29
28 99 41
29 29 0
29 30 12
29 31 39
29 32 40
29 33 8
29 34 4
29 35 1
29 36 13
29 37 46
29 38 13
29 39 16
29 40 42
29 41 34
29 42 28
29 43 36
29 44 18
29 45 42
29 46 34
29 47 38
29 48 6
29 49 18
29 50 17
29 51 41
29 52 12
29 53 32
29 54 42
29 55 1
29 56 25
29 57 8
29 58 27
29 59 26
29 60 13
29 61 3
29 62 47
29 63 38
29 64 32
29 65 8
29 66 32
29 67 18
29 68 24
29 69 24
29 70 29
29 71 6
29 72 1
29 73 39
29 74 18
29 75 16
29 76 17
29 77 37
29 78 16
29 79 45
29 80 2
29 81 44
29 82 37
29 83 9
29 84 30
29 85 16
29 86 22
29 87 18
29 88 19
29 89 26
29 90 30
29 91 30
29 92 5
29 93 18
29 94 43
29 95 36
29 96 20
29 97 37
29 98 15
29 99 39
30 30 0
30 31 0
30 32 0
30 33 0
30 34 0
30 35 0
30 36 0
30 37 0
30 38 0
30 39 0
30 40 6
30 41 11
30 42 30
30 43 18
30 44 29
30 45 40
30 46 7
30 47 20
30 48 30
30 49 22
30 50 32
30 51 32
30 52 32
30 53 14
30 54 5
30 55 39
30 56 24
30 57 37
30 58 37
30 59 20
30 60 39
30 61 8
30 62 2
30 63 45
30 64 10
30 65 12
30 66 11
30 67 49
30 68 18
30 69 32
30 70 13
30 71 39
30 72 25
30 73 34
30 74 40
30 75 47
30 76 27
30 77 19
30 78 12
30 79 39
30 80 11
30 81 46
30 82 43
30 83 12
30 84 32
30 85 4
30 86 23
30 87 10
30 88 43
30 89 9
30 90 29
30 91 33
30 92 18
30 93 46
30 94 43
30 95 23
30 96 15
30 97 12
30 98 22
30 99 26
31 31 0
31 32 0
31 33 0
31 34 0
31 35 0
31 36 0
31 37 0
31 38 0
31 39 0
31 40 21
31 41 8
31 42 7
31 43 7
31 44 7
31 45 38
31 46 21
31 47 30
31 48 6
31 49 45
31 50 41
31 51 41
31 52 35
31 53 16
31 54 16
31 55 37
31 56 50
31 57 32
31 58 19
31 59 6
31 60 14
31 61 3
31 62 37
31 63 6
31 64 23
31 65 24
31 66 48
31 67 24
31 68 8
31 69 7
31 70 38
31 71 41
31 72 44
31 73 9
31 74 18
31 75 50
31 76 43
31 77 42
31 78 31
31 79 41
31 80 47
31 81 1
31 82 24
31 83 30
31 84 15
31 85 45
31 86 32
31 87 5
31 88 48
31 89 40
31 90 50
31 91 25
31 92 13
31 93 34
31 94 32
31 95 34
31 96 38
31 97 32
31 98 3
31 99 22
32 32 0
32 33 0
32 34 0
32 35 0
32 36 0
32 37 0
32 38 0
32 39 0
32 40 50
32 41 39
32 42 21
32 43 1
32 44 43
32 45 9
32 46 17
32 47 22
32 48 40
32 49 16
32 50 46
32 51 25
32 52 33
32 53 38
32 54 49
32 55 21
32 56 32
32 57 2
32 58 5
32 59 14
32 60 1
32 61 45
32 62 16
32 63 33
32 64 31
32 65 31
32 66 18
32 67 4
32 68 12
32 69 4
32 70 9
32 71 9
32 72 42
32 73 50
32 74 22
32 75 19
32 76 50
32 77 46
32 78 17
32 79 27
32 80 26
32 81 33
32 82 9
32 83 49
32 84 47
32 85 41
32 86 36
32 87 1
32 88 6
32 89 1
32 90 39
32 91 34
32 92 43
32 93 29
32 94 10
32 95 42
32 96 14
32 97 4
32 98 22
32 99 5
33 33 0
33 34 0
33 35 0
33 36 0
33 37 0
33 38 0
33 39 0
33 40 34
33 41 25
33 42 4
33 43 34
33 44 44
33 45 34
33 46 31
33 47 40
33 48 31
33 49 36
33 50 10
33 51 11
33 52 6
33 53 33
33 54 7
33 55 42
33 56 44
33 57 36
33 58 36
33 59 23
33 60 45
33 61 6
33 62 20
33 63 25
33 64 49
33 65 38
33 66 38
33 67 10
33 68 40
33 69 10
33 70 27
33 71 8
33 72 50
33 73 6
33 74 14
33 75 46
33 76 2
33 77 15
33 78 26
33 79 36
33 80 20
33 81 22
33 82 45
33 83 7
33 84 10
33 85 12
33 86 14
33 87 12
33 88 17
33 89 42
33 90 39
33 91 4
33 92 14
33 93 37
33 94 30
33 95 14
33 96 3
33 97 37
33 98 44
33 99 38
34 34 0
34 35 0
34 36 0
34 37 0
34 38 0
34 39 0
34 40 38
34 41 19
34 42 46
34 43 35
34 44 2
34 45 48
34 46 35
34 47 35
34 48 33
34 49 14
34 50 26
34 51 19
34 52 19
34 53 39
34 54 29
34 55 42
34 56 19
34 57 37
34 58 20
34 59 8
34 60 36
34 61 9
34 62 35
34 63 32
34 64 10
34 65 50
34 66 21
34 67 20
34 68 32
34 69 27
34 70 6
34 71 17
34 72 3
34 73 37
34 74 24
34 75 29
34 76 46
34 77 33
34 78 31
34 79 27
34 80 41
34 81 40
34 82 22
34 83 3
34 84 14
34 85 14
34 86 28
34 87 18
34 88 36
34 89 28
34 90 4
34 91 21
34 92 22
34 93 21
34 94 18
34 95 13
34 96 4
34 97 23
34 98 34
34 99 18
35 35 0
35 36 0
35 37 0
35 38 0
35 39 0
35 40 5
35 41 42
35 42 43
35 43 38
35 44 24
35 45 27
35 46 34
35 47 3
35 48 32
35 49 48
35 50 25
35 51 3
35 52 34
35 53 17
35 54 33
35 55 44
35 56 30
35 57 39
35 58 30
35 59 11
35 60 43
35 61 6
35 62 38
35 63 22
35 64 28
35 65 44
35 66 48
35 67 18
35 68 6
35 69 10
35 70 43
35 71 23
35 72 1
35 73 45
35 74 16
35 75 37
35 76 16
35 77 17
35 78 19
35 79 47
35 80 22
35 81 34
35 82 37
35 83 7
35 84 36
35 85 45
35 86 3
35 87 31
35 88 6
35 89 4
35 90 13
35 91 24
35 92 50
35 93 14
35 94 19
35 95 48
35 96 49
35 97 2
35 98 44
35 99 43
36 36 0
36 37 0
36 38 0
36 39 0
36 40 31
36 41 7
36 42 38
36 43 45
36 44 35
36 45 29
36 46 50
36 47 5
36 48 45
36 49 37
36 50 21
36 51 40
36 52 32
36 53 47
36 54 35
36 55 28
36 56 9
36 57 14
36 58 16
36 59 23
36 60 18
36 61 44
36 62 47
36 63 36
36 64 26
36 65 33
36 66 11
36 67 40
36 68 9
36 69 41
36 70 42
36 71 17
36 72 32
36 73 38
36 74 32
36 75 16
36 76 40
36 77 1
36 78 33
36 79 25
36 80 19
36 81 18
36 82 22
36 83 19
36 84 24
36 85 40
36 86 4
36 87 33
36 88 13
36 89 13
36 90 6
36 91 39
36 92 45
36 93 30
36 94 24
36 95 17
36 96 1
36 97 27
36 98 9
36 99 32
37 37 0
37 38 0
37 39 0
37 40 4
37 41 10
37 42 24
37 43 10
37 44 38
37 45 26
37 46 19
37 47 25
37 48 35
37 49 37
37 50 17
37 51 36
37 52 42
37 53 35
37 54 1
37 55 17
37 56 4
37 57 49
37 58 47
37 59 2
37 60 23
37 61 31
37 62 48
37 63 33
37 64 7
37 65 32
37 66 24
37 67 38
37 68 48
37 69 17
37 70 30
37 71 34
37 72 20
37 73 12
37 74 9
37 75 9
37 76 4
37 77 2
37 78 10
37 79 19
37 80 43
37 81 40
37 82 31
37 83 15
37 84 12
37 85 37
37 86 14
37 87 6
37 88 9
37 89 50
37 90 2
37 91 5
37 92 13
37 93 24
37 94 46
37 95 6
37 96 22
37 97 45
37 98 11
37 99 31
38 38 0
38 39 0
38 40 1
38 41 30
38 42 5
38 43 13
38 44 49
38 45 30
38 46 24
38 47 4
38 48 7
38 49 8
38 50 13
38 51 12
38 52 42
38 53 17
38 54 37
38 55 5
38 56 35
38 57 48
38 58 33
38 59 29
38 60 39
38 61 33
38 62 18
38 63 30
38 64 39
38 65 3
38 66 10
38 67 8
38 68 12
38 69 17
38 70 8
38 71 42
38 72 40
38 73 25
38 74 29
38 75 43
38 76 31
38 77 44
38 78 34
38 79 32
38 80 1
38 81 24
38 82 49
38 83 17
38 84 9
38 85 44
38 86 10
38 87 30
38 88 28
38 89 12
38 90 17
38 91 18
38 92 15
38 93 21
38 94 50
38 95 1
38 96 15
38 97 13
38 98 12
38 99 49
39 39 0
39 40 39
39 41 39
39 42 26
39 43 1
39 44 45
39 45 5
39 46 25
39 47 14
39 48 17
39 49 30
39 50 44
39 51 26
39 52 24
39 53 27
39 54 13
39 55 34
39 56 33
39 57 16
39 58 25
39 59 6
39 60 13
39 61 32
39 62 46
39 63 44
39 64 2
39 65 30
39 66 10
39 67 31
39 68 9
39 69 41
39 70 12
39 71 31
39 72 13
39 73 38
39 74 5
39 75 22
39 76 42
39 77 36
39 78 23
39 79 31
39 80 16
39 81 8
39 82 25
39 83 8
39 84 26
39 85 16
39 86 27
39 87 45
39 88 24
39 89 2
39 90 30
39 91 19
39 92 13
39 93 50
39 94 33
39 95 29
39 96 10
39 97 19
39 98 26
39 99 23
40 40 0
40 41 0
40 42 0
40 43 0
40 44 0
40 45 0
40 46 0
40 47 0
40 48 0
40 49 0
40 50 41
40 51 18
40 52 37
40 53 28
40 54 23
40 55 29
40 56 3
40 57 6
40 58 2
40 59 37
40 60 17
40 61 5
40 62 28
40 63 17
40 64 19
40 65 50
40 66 30
40 67 16
40 68 5
40 69 5
40 70 25
40 71 17
40 72 33
40 73 49
40 74 2
40 75 48
40 76 42
40 77 33
40 78 44
40 79 3
40 80 13
40 81 47
40 82 29
40 83 11
40 84 47
40 85 22
40 86 13
40 87 7
40 88 23
40 89 16
40 90 12
40 91 9
40 92 44
40 93 18
40 94 17
40 95 22
40 96 9
40 97 10
40 98 7
40 99 32
41 41 0
41 42 0
41 43 0
41 44 0
41 45 0
41 46 0
41 47 0
41 48 0
41 49 0
41 50 10
41 51 46
41 52 37
41 53 28
41 54 47
41 55 5
41 56 4
41 57 15
41 58 8
41 59 29
41 60 5
41 61 37
41 62 38
41 63 3
41 64 46
41 65 38
41 66 42
41 67 40
41 68 11
41 69 8
41 70 42
41 71 40
41 72 18
41 73 49
41 74 12
41 75 31
41 76 14
41 77 10
41 78 7
41 79 48
41 80 47
41 81 37
41 82 18
41 83 5
41 84 16
41 85 39
41 86 38
41 87 8
41 88 5
41 89 40
41 90 3
41 91 48
41 92 45
41 93 46
41 94 16
41 95 31
41 96 43
41 97 31
41 98 22
41 99 26
42 42 0
42 43 0
42 44 0
42 45 0
42 46 0
42 47 0
42 48 0
42 49 0
42 50 23
42 51 9
42 52 20
42 53 35
42 54 47
42 55 50
42 56 16
42 57 27
42 58 30
42 59 20
42 60 32
42 61 22
42 62 28
42 63 35
42 64 29
42 65 16
42 66 33
42 67 29
42 68 21
42 69 21
42 70 47
42 71 48
42 72 25
42 73 40
42 74 39
42 75 22
42 76 22
42 77 28
42 78 19
42 79 20
42 80 42
42 81 43
42 82 27
42 83 18
42 84 46
42 85 5
42 86 18
42 87 21
42 88 26
42 89 12
42 90 43
42 91 13
42 92 17
42 93 41
42 94 1
42 95 30
42 96 12
42 97 37
42 98 49
42 99 46
43 43 0
43 44 0
43 45 0
43 46 0
43 47 0
43 48 0
43 49 0
43 50 11
43 51 31
43 52 36
43 53 39
43 54 22
43 55 18
43 56 34
43 57 50
43 58 9
43 59 31
43 60 1
43 61 42
43 62 10
43 63 35
43 64 46
43 65 47
43 66 10
43 67 20
43 68 19
43 69 17
43 70 9
43 71 33
43 72 37
43 73 19
43 74 47
43 75 29
43 76 48
43 77 24
43 78 19
43 79 7
43 80 24
43 81 1
43 82 12
43 83 39
43 84 20
43 85 5
43 86 23
43 87 37
43 88 31
43 89 6
43 90 35
43 91 6
43 92 36
43 93 36
43 94 12
43 95 21
43 96 41
43 97 41
43 98 12
43 99 30
44 44 0
44 45 0
44 46 0
44 47 0
44 48 0
44 49 0
44 50 30
44 51 35
44 52 30
44 53 25
44 54 23
44 55 4
44 56 13
44 57 30
44 58 3
44 59 30
44 60 25
44 61 30
44 62 47
44 63 35
44 64 19
44 65 25
44 66 21
44 67 22
44 68 39
44 69 40
44 70 34
44 71 48
44 72 46
44 73 24
44 74 26
44 75 50
44 76 14
44 77 3
44 78 36
44 79 41
44 80 9
44 81 35
44 82 5
44 83 12
44 84 31
44 85 44
44 86 13
44 87 3
44 88 47
44 89 39
44 90 47
44 91 48
44 92 38
44 93 6
44 94 10
44 95 36
44 96 23
44 97 12
44 98 20
44 99 49
45 45 0
45 46 0
45 47 0
45 48 0
45 49 0
45 50 12
45 51 4
45 52 34
45 53 10
45 54 35
45 55 35
45 56 28
45 57 5
45 58 38
45 59 50
45 60 28
45 61 29
45 62 16
45 63 26
45 64 17
45 65 16
45 66 48
45 67 12
45 68 31
45 69 13
45 70 38
45 71 25
45 72 33
45 73 31
45 74 11
45 75 50
45 76 6
45 77 24
45 78 23
45 79 17
45 80 29
45 81 43
45 82 29
45 83 13
45 84 28
45 85 1
45 86 10
45 87 14
45 88 32
45 89 3
45 90 6
45 91 7
45 92 5
45 93 8
45 94 49
45 95 45
45 96 49
45 97 6
45 98 42
45 99 46
46 46 0
46 47 0
46 48 0
46 49 0
46 50 19
46 51 48
46 52 2
46 53 43
46 54 10
46 55 44
46 56 27
46 57 4
46 58 48
46 59 39
46 60 48
46 61 23
46 62 50
46 63 34
46 64 39
46 65 5
46 66 21
46 67 8
46 68 28
46 69 49
46 70 44
46 71 30
46 72 38
46 73 50
46 74 31
46 75 39
46 76 14
46 77 45
46 78 25
46 79 10
46 80 23
46 81 35
46 82 5
46 83 1
46 84 37
46 85 32
46 86 13
46 87 4
46 88 34
46 89 4
46 90 38
46 91 43
46 92 13
46 93 23
46 94 36
46 95 2
46 96 31
46 97 49
46 98 24
46 99 23
47 47 0
47 48 0
47 49 0
47 50 6
47 51 43
47 52 49
47 53 36
47 54 38
47 55 14
47 56 5
47 57 40
47 58 23
47 59 44
47 60 42
47 61 10
47 62 35
47 63 20
47 64 13
47 65 2
47 66 42
47 67 27
47 68 24
47 69 1
47 70 27
47 71 46
47 72 31
47 73 37
47 74 44
47 75 24
47 76 22
47 77 2
47 78 5
47 79 6
47 80 43
47 81 44
47 82 37
47 83 10
47 84 37
47 85 44
47 86 6
47 87 8
47 88 4
47 89 9
47 90 38
47 91 6
47 92 50
47 93 33
47 94 5
47 95 41
47 96 23
47 97 14
47 98 33
47 99 38
48 48 0
48 49 0
48 50 20
48 51 41
48 52 14
48 53 7
48 54 45
48 55 45
48 56 12
48 57 50
48 58 34
48 59 33
48 60 25
48 61 50
48 62 29
48 63 9
48 64 45
48 65 6
48 66 36
48 67 40
48 68 38
48 69 39
48 70 28
48 71 24
48 72 37
48 73 18
48 74 42
48 75 16
48 76 5
48 77 22
48 78 40
48 79 44
48 80 16
48 81 30
48 82 25
48 83 33
48 84 21
48 85 10
48 86 41
48 87 14
48 88 11
48 89 34
48 90 39
48 91 30
48 92 12
48 93 32
48 94 36
48 95 2
48 96 46
48 97 49
48 98 17
48 99 1
49 49 0
49 50 3
49 51 16
49 52 42
49 53 30
49 54 42
49 55 17
49 56 48
49 57 46
49 58 9
49 59 35
49 60 24
49 61 30
49 62 14
49 63 25
49 64 25
49 65 25
49 66 26
49 67 47
49 68 40
49 69 44
49 70 19
49 71 49
49 72 9
49 73 43
49 74 21
49 75 27
49 76 48
49 77 43
49 78 27
49 79 6
49 80 20
49 81 11
49 82 46
49 83 9
49 84 30
49 85 37
49 86 6
49 87 23
49 88 47
49 89 33
49 90 7
49 91 26
49 92 1
49 93 12
49 94 9
49 95 46
49 96 15
49 97 16
49 98 33
49 99 20
50 50 0
50 51 0
50 52 0
50 53 0
50 54 0
50 55 0
50 56 0
50 57 0
50 58 0
50 59 0
50 60 44
50 61 47
50 62 17
50 63 30
50 64 7
50 65 12
50 66 25
50 67 8
50 68 46
50 69 6
50 70 21
50 71 46
50 72 4
50 73 27
50 74 25
50 75 33
50 76 27
50 77 10
50 78 37
50 79 14
50 80 24
50 81 23
50 82 47
50 83 16
50 84 36
50 85 5
50 86 5
50 87 41
50 88 50
50 89 50
50 90 8
50 91 2
50 92 36
50 93 29
50 94 39
50 95 21
50 96 32
50 97 15
50 98 26
50 99 16
51 51 0
51 52 0
51 53 0
51 54 0
51 55 0
51 56 0
51 57 0
51 58 0
51 59 0
51 60 22
51 61 26
51 62 47
51 63 3
51 64 44
51 65 48
51 66 10
51 67 20
51 68 36
51 69 47
51 70 33
51 71 30
51 72 30
51 73 47
51 74 14
51 75 13
51 76 27
51 77 48
51 78 46
51 79 41
51 80 3
51 81 16
51 82 21
51 83 46
51 84 3
51 85 30
51 86 12
51 87 27
51 88 6
51 89 29
51 90 20
51 91 19
51 92 14
51 93 39
51 94 35
51 95 41
51 96 36
51 97 42
51 98 38
51 99 41
52 52 0
52 53 0
52 54 0
52 55 0
52 56 0
52 57 0
52 58 0
52 59 0
52 60 25
52 61 49
52 62 31
52 63 24
52 64 3
52 65 49
52 66 36
52 67 3
52 68 33
52 69 26
52 70 9
52 71 23
52 72 40
52 73 12
52 74 8
52 75 12
52 76 11
52 77 48
52 78 14
52 79 36
52 80 30
52 81 40
52 82 27
52 83 41
52 84 31
52 85 12
52 86 17
52 87 15
52 88 10
52 89 50
52 90 31
52 91 7
52 92 3
52 93 49
52 94 41
52 95 40
52 96 17
52 97 42
52 98 32
52 99 46
53 53 0
53 54 0
53 55 0
53 56 0
53 57 0
53 58 0
53 59 0
53 60 26
53 61 49
53 62 2
53 63 43
53 64 12
53 65 28
53 66 40
53 67 43
53 68 9
53 69 19
53 70 2
53 71 31
53 72 16
53 73 28
53 74 50
53 75 30
53 76 48
53 77 11
53 78 29
53 79 36
53 80 26
53 81 15
53 82 16
53 83 37
53 84 16
53 85 2
53 86 16
53 87 5
53 88 10
53 89 23
53 90 6
53 91 34
53 92 50
53 93 19
53 94 44
53 95 4
53 96 32
53 97 33
53 98 16
53 99 22
54 54 0
54 55 0
54 56 0
54 57 0
54 58 0
54 59 0
54 60 10
54 61 22
54 62 46
54 63 7
54 64 22
54 65 37
54 66 15
54 67 26
54 68 14
54 69 49
54 70 45
54 71 38
54 72 9
54 73 14
54 74 41
54 75 48
54 76 31
54 77 50
54 78 1
54 79 4
54 80 24
54 81 14
54 82 27
54 83 18
54 84 8
54 85 5
54 86 48
54 87 47
54 88 14
54 89 33
54 90 23
54 91 24
54 92 45
54 93 12
54 94 11
54 95 4
54 96 20
54 97 2
54 98 15
54 99 6
55 55 0
55 56 0
55 57 0
55 58 0
55 59 0
55 60 12
55 61 19
55 62 28
55 63 20
55 64 20
55 65 47
55 66 16
55 67 50
55 68 18
55 69 20
55 70 45
55 71 33
55 72 13
55 73 41
55 74 38
55 75 35
55 76 22
55 77 20
55 78 41
55 79 14
55 80 19
55 81 38
55 82 28
55 83 27
55 84 6
55 85 31
55 86 2
55 87 25
55 88 49
55 89 30
55 90 43
55 91 19
55 92 2
55 93 10
55 94 38
55 95 23
55 96 18
55 97 24
55 98 47
55 99 16
56 56 0
56 57 0
56 58 0
56 59 0
56 60 29
56 61 14
56 62 35
56 63 32
56 64 19
56 65 35
56 66 23
56 67 27
56 68 9
56 69 2
56 70 31
56 71 3
56 72 5
56 73 37
56 74 41
56 75 50
56 76 42
56 77 8
56 78 4
56 79 37
56 80 44
56 81 3
56 82 2
56 83 7
56 84 20
56 85 4
56 86 20
56 87 25
56 88 23
56 89 20
56 90 17
56 91 35
56 92 30
56 93 41
56 94 2
56 95 44
56 96 4
56 97 22
56 98 29
56 99 48
57 57 0
57 58 0
57 59 0
57 60 15
57 61 32
57 62 13
57 63 22
57 64 37
57 65 19
57 66 41
57 67 48
57 68 2
57 69 19
57 70 39
57 71 5
57 72 10
57 73 47
57 74 45
57 75 34
57 76 11
57 77 10
57 78 50
57 79 4
57 80 25
57 81 15
57 82 11
57 83 10
57 84 20
57 85 37
57 86 44
57 87 7
57 88 1
57 89 19
57 90 10
57 91 6
57 92 24
57 93 11
57 94 40
57 95 47
57 96 43
57 97 13
57 98 31
57 99 17
58 58 0
58 59 0
58 60 38
58 61 16
58 62 21
58 63 4
58 64 8
58 65 23
58 66 35
58 67 46
58 68 46
58 69 15
58 70 30
58 71 30
58 72 14
58 73 47
58 74 24
58 75 12
58 76 40
58 77 16
58 78 5
58 79 49
58 80 38
58 81 10
58 82 20
58 83 27
58 84 45
58 85 18
58 86 42
58 87 28
58 88 43
58 89 35
58 90 36
58 91 11
58 92 7
58 93 45
58 94 47
58 95 38
58 96 40
58 97 33
58 98 48
58 99 2
59 59 0
59 60 46
59 61 33
59 62 20
59 63 40
59 64 23
59 65 15
59 66 26
59 67 8
59 68 46
59 69 24
59 70 18
59 71 41
59 72 10
59 73 16
59 74 11
59 75 25
59 76 30
59 77 5
59 78 1
59 79 3
59 80 5
59 81 10
59 82 20
59 83 34
59 84 9
59 85 44
59 86 10
59 87 23
59 88 16
59 89 34
59 90 26
59 91 50
59 92 14
59 93 37
59 94 19
59 95 16
59 96 13
59 97 42
59 98 38
59 99 36
60 60 0
60 61 0
60 62 0
60 63 0
60 64 0
60 65 0
60 66 0
60 67 0
60 68 0
60 69 0
60 70 18
60 71 19
60 72 36
60 73 47
60 74 21
60 75 43
60 76 49
60 77 39
60 78 28
60 79 13
60 80 16
60 81 33
60 82 44
60 83 9
60 84 47
60 85 17
60 86 10
60 87 3
60 88 9
60 89 41
60 90 14
60 91 35
60 92 38
60 93 23
60 94 50
60 95 46
60 96 50
60 97 16
60 98 12
60 99 44
61 61 0
61 62 0
61 63 0
61 64 0
61 65 0
61 66 0
61 67 0
61 68 0
61 69 0
61 70 34
61 71 48
61 72 15
61 73 25
61 74 40
61 75 6
61 76 41
61 77 47
61 78 17
61 79 13
61 80 6
61 81 30
61 82 20
61 83 4
61 84 36
61 85 17
61 86 9
61 87 28
61 88 6
61 89 2
61 90 33
61 91 43
61 92 17
61 93 12
61 94 40
61 95 12
61 96 14
61 97 48
61 98 21
61 99 5
62 62 0
62 63 0
62 64 0
62 65 0
62 66 0
62 67 0
62 68 0
62 69 0
62 70 6
62 71 13
62 72 29
62 73 30
62 74 17
62 75 20
62 76 19
62 77 41
62 78 25
62 79 5
62 80 33
62 81 43
62 82 11
62 83 40
62 84 28
62 85 48
62 86 21
62 87 20
62 88 9
62 89 40
62 90 22
62 91 25
62 92 1
62 93 39
62 94 24
62 95 47
62 96 36
62 97 48
62 98 28
62 99 20
63 63 0
63 64 0
63 65 0
63 66 0
63 67 0
63 68 0
63 69 0
63 70 19
63 71 26
63 72 5
63 73 7
63 74 16
63 75 48
63 76 37
63 77 21
63 78 18
63 79 7
63 80 42
63 81 49
63 82 27
63 83 8
63 84 6
63 85 24
63 86 36
63 87 47
63 88 25
63 89 44
63 90 3
63 91 6
63 92 45
63 93 36
63 94 33
63 95 13
63 96 12
63 97 41
63 98 24
63 99 3
64 64 0
64 65 0
64 66 0
64 67 0
64 68 0
64 69 0
64 70 50
64 71 36
64 72 26
64 73 20
64 74 4
64 75 20
64 76 10
64 77 43
64 78 7
64 79 12
64 80 22
64 81 24
64 82 22
64 83 39
64 84 50
64 85 24
64 86 40
64 87 11
64 88 18
64 89 4
64 90 13
64 91 4
64 92 33
64 93 32
64 94 46
64 95 42
64 96 2
64 97 40
64 98 35
64 99 24
65 65 0
65 66 0
65 67 0
65 68 0
65 69 0
65 70 26
65 71 38
65 72 16
65 73 50
65 74 39
65 75 21
65 76 25
65 77 34
65 78 12
65 79 48
65 80 12
65 81 16
65 82 12
65 83 21
65 84 28
65 85 27
65 86 30
65 87 41
65 88 20
65 89 38
65 90 47
65 91 44
65 92 48
65 93 43
65 94 18
65 95 44
65 96 10
65 97 36
65 98 43
65 99 43
66 66 0
66 67 0
66 68 0
66 69 0
66 70 49
66 71 31
66 72 10
66 73 16
66 74 35
66 75 20
66 76 23
66 77 39
66 78 37
66 79 38
66 80 25
66 81 42
66 82 39
66 83 27
66 84 50
66 85 47
66 86 17
66 87 46
66 88 19
66 89 36
66 90 47
66 91 30
66 92 34
66 93 17
66 94 50
66 95 29
66 96 39
66 97 30
66 98 49
66 99 50
67 67 0
67 68 0
67 69 0
67 70 19
67 71 20
67 72 21
67 73 7
67 74 45
67 75 37
67 76 40
67 77 19
67 78 46
67 79 29
67 80 26
67 81 24
67 82 12
67 83 44
67 84 11
67 85 4
67 86 16
67 87 24
67 88 11
67 89 5
67 90 43
67 91 18
67 92 49
67 93 49
67 94 23
67 95 16
67 96 31
67 97 49
67 98 40
67 99 32
68 68 0
68 69 0
68 70 46
68 71 31
68 72 15
68 73 34
68 74 43
68 75 17
68 76 48
68 77 28
68 78 7
68 79 50
68 80 38
68 81 44
68 82 34
68 83 45
68 84 47
68 85 8
68 86 34
68 87 12
68 88 6
68 89 40
68 90 33
68 91 19
68 92 20
68 93 43
68 94 44
68 95 31
68 96 37
68 97 11
68 98 10
68 99 21
69 69 0
69 70 30
69 71 21
69 72 32
69 73 49
69 74 2
69 75 3
69 76 38
69 77 16
69 78 26
69 79 50
69 80 44
69 81 28
69 82 26
69 83 1
69 84 1
69 85 14
69 86 46
69 87 18
69 88 39
69 89 23
69 90 3
69 91 5
69 92 36
69 93 11
69 94 40
69 95 21
69 96 21
69 97 50
69 98 2
69 99 4
70 70 0
70 71 0
70 72 0
70 73 0
70 74 0
70 75 0
70 76 0
70 77 0
70 78 0
70 79 0
70 80 19
70 81 27
70 82 12
70 83 48
70 84 29
70 85 43
70 86 7
70 87 37
70 88 9
70 89 18
70 90 31
70 91 11
70 92 21
70 93 39
70 94 5
70 95 23
70 96 4
70 97 9
70 98 14
70 99 29
71 71 0
71 72 0
71 73 0
71 74 0
71 75 0
71 76 0
71 77 0
71 78 0
71 79 0
71 80 34
71 81 29
71 82 37
71 83 1
71 84 6
71 85 24
71 86 11
71 87 15
71 88 25
71 89 14
71 90 22
71 91 37
71 92 38
71 93 11
71 94 21
71 95 43
71 96 18
71 97 18
71 98 5
71 99 17
72 72 0
72 73 0
72 74 0
72 75 0
72 76 0
72 77 0
72 78 0
72 79 0
72 80 36
72 81 27
72 82 43
72 83 23
72 84 7
72 85 9
72 86 8
72 87 13
72 88 49
72 89 5
72 90 22
72 91 19
72 92 12
72 93 15
72 94 17
72 95 1
72 96 31
72 97 4
72 98 50
72 99 44
73 73 0
73 74 0
73 75 0
73 76 0
73 77 0
73 78 0
73 79 0
73 80 7
73 81 47
73 82 42
73 83 14
73 84 50
73 85 16
73 86 30
73 87 40
73 88 46
73 89 32
73 90 18
73 91 48
73 92 16
73 93 36
73 94 38
73 95 49
73 96 34
73 97 17
73 98 22
73 99 24
74 74 0
74 75 0
74 76 0
74 77 0
74 78 0
74 79 0
74 80 5
74 81 45
74 82 46
74 83 18
74 84 7
74 85 34
74 86 50
74 87 41
74 88 41
74 89 22
74 90 29
74 91 4
74 92 49
74 93 17
74 94 43
74 95 13
74 96 38
74 97 5
74 98 50
74 99 4
75 75 0
75 76 0
75 77 0
75 78 0
75 79 0
75 80 30
75 81 18
75 82 28
75 83 26
75 84 9
75 85 33
75 86 29
75 87 28
75 88 19
75 89 32
75 90 15
75 91 26
75 92 35
75 93 29
75 94 47
75 95 23
75 96 21
75 97 40
75 98 20
75 99 48
76 76 0
76 77 0
76 78 0
76 79 0
76 80 16
76 81 22
76 82 28
76 83 25
76 84 24
76 85 42
76 86 47
76 87 43
76 88 46
76 89 5
76 90 40
76 91 14
76 92 10
76 93 26
76 94 13
76 95 30
76 96 1
76 97 39
76 98 46
76 99 22
77 77 0
77 78 0
77 79 0
77 80 20
77 81 5
77 82 42
77 83 17
77 84 39
77 85 21
77 86 16
77 87 47
77 88 50
77 89 32
77 90 42
77 91 21
77 92 48
77 93 40
77 94 23
77 95 48
77 96 27
77 97 6
77 98 4
77 99 21
78 78 0
78 79 0
78 80 33
78 81 15
78 82 20
78 83 4
78 84 38
78 85 10
78 86 35
78 87 12
78 88 35
78 89 36
78 90 5
78 91 22
78 92 28
78 93 20
78 94 28
78 95 31
78 96 35
78 97 30
78 98 3
78 99 38
79 79 0
79 80 20
79 81 35
79 82 50
79 83 45
79 84 21
79 85 49
79 86 42
79 87 46
79 88 48
79 89 14
79 90 44
79 91 34
79 92 49
79 93 46
79 94 4
79 95 11
79 96 48
79 97 46
79 98 42
79 99 30
80 80 0
80 81 0
80 82 0
80 83 0
80 84 0
80 85 0
80 86 0
80 87 0
80 88 0
80 89 0
80 90 14
80 91 10
80 92 36
80 93 46
80 94 13
80 95 21
80 96 31
80 97 33
80 98 36
80 99 43
81 81 0
81 82 0
81 83 0
81 84 0
81 85 0
81 86 0
81 87 0
81 88 0
81 89 0
81 90 48
81 91 32
81 92 31
81 93 37
81 94 16
81 95 14
81 96 28
81 97 48
81 98 13
81 99 7
82 82 0
82 83 0
82 84 0
82 85 0
82 86 0
82 87 0
82 88 0
82 89 0
82 90 47
82 91 38
82 92 41
82 93 26
82 94 32
82 95 34
82 96 20
82 97 2
82 98 41
82 99 26
83 83 0
83 84 0
83 85 0
83 86 0
83 87 0
83 88 0
83 89 0
83 90 13
83 91 43
83 92 40
83 93 45
83 94 32
83 95 10
83 96 18
83 97 48
83 98 19
83 99 14
84 84 0
84 85 0
84 86 0
84 87 0
84 88 0
84 89 0
84 90 19
84 91 37
84 92 22
84 93 21
84 94 44
84 95 14
84 96 29
84 97 30
84 98 17
84 99 26
85 85 0
85 86 0
85 87 0
85 88 0
85 89 0
85 90 39
85 91 19
85 92 26
85 93 10
85 94 2
85 95 8
85 96 19
85 97 4
85 98 47
85 99 6
86 86 0
86 87 0
86 88 0
86 89 0
86 90 34
86 91 5
86 92 6
86 93 24
86 94 29
86 95 49
86 96 20
86 97 41
86 98 35
86 99 50
87 87 0
87 88 0
87 89 0
87 90 11
87 91 14
87 92 45
87 93 40
87 94 26
87 95 4
87 96 47
87 97 37
87 98 18
87 99 12
88 88 0
88 89 0
88 90 5
88 91 33
88 92 29
88 93 3
88 94 5
88 95 18
88 96 16
88 97 16
88 98 16
88 99 25
89 89 0
89 90 31
89 91 40
89 92 45
89 93 30
89 94 42
89 95 5
89 96 3
89 97 16
89 98 32
89 99 29
90 90 0
90 91 0
90 92 0
90 93 0
90 94 0
90 95 0
90 96 0
90 97 0
90 98 0
90 99 0
91 91 0
91 92 0
91 93 0
91 94 0
91 95 0
91 96 0
91 97 0
91 98 0
91 99 0
92 92 0
92 93 0
92 94 0
92 95 0
92 96 0
92 97 0
92 98 0
92 99 0
93 93 0
93 94 0
93 95 0
93 96 0
93 97 0
93 98 0
93 99 0
94 94 0
94 95 0
94 96 0
94 97 0
94 98 0
94 99 0
95 95 0
95 96 0
95 97 0
95 98 0
95 99 0
96 96 0
96 97 0
96 98 0
96 99 0
97 97 0
97 98 0
97 99 0
98 98 0
98 99 0
99 99 0
