5
43
23
47
6
11
0 0 0
0 1 0
0 2 0
0 3 0
0 4 0
0 5 0
0 6 0
0 7 0
0 8 0
0 9 0
0 10 0
0 11 0
0 12 0
0 13 0
0 14 0
0 15 0
0 16 0
0 17 0
0 18 0
0 19 0
0 20 0
0 21 0
0 22 0
0 23 0
0 24 0
0 25 0
0 26 0
0 27 0
0 28 0
0 29 0
0 30 0
0 31 0
0 32 0
0 33 0
0 34 0
0 35 0
0 36 0
0 37 0
0 38 0
0 39 0
0 40 0
0 41 0
0 42 0
0 43 22
0 44 20
0 45 17
0 46 22
0 47 18
0 48 21
0 49 22
0 50 23
0 51 21
0 52 19
0 53 20
0 54 22
0 55 18
0 56 19
0 57 22
0 58 20
0 59 20
0 60 19
0 61 18
0 62 16
0 63 20
0 64 22
0 65 21
0 66 19
0 67 18
0 68 22
0 69 21
0 70 15
0 71 19
0 72 19
0 73 21
0 74 20
0 75 20
0 76 19
0 77 18
0 78 19
0 79 21
0 80 21
0 81 23
0 82 20
0 83 20
0 84 20
0 85 19
0 86 19
0 87 23
0 88 20
0 89 15
0 90 22
0 91 19
0 92 19
0 93 21
0 94 19
0 95 21
0 96 20
0 97 18
0 98 18
0 99 18
0 100 19
0 101 19
0 102 22
0 103 21
0 104 19
0 105 20
0 106 19
0 107 24
0 108 20
0 109 18
0 110 22
0 111 20
0 112 20
0 113 19
0 114 18
0 115 25
0 116 18
0 117 21
0 118 18
0 119 24
0 120 17
0 121 20
0 122 19
0 123 17
0 124 21
0 125 20
0 126 23
0 127 21
0 128 17
0 129 18
1 1 0
1 2 0
1 3 0
1 4 0
1 5 0
1 6 0
1 7 0
1 8 0
1 9 0
1 10 0
1 11 0
1 12 0
1 13 0
1 14 0
1 15 0
1 16 0
1 17 0
1 18 0
1 19 0
1 20 0
1 21 0
1 22 0
1 23 0
1 24 0
1 25 0
1 26 0
1 27 0
1 28 0
1 29 0
1 30 0
1 31 0
1 32 0
1 33 0
1 34 0
1 35 0
1 36 0
1 37 0
1 38 0
1 39 0
1 40 0
1 41 0
1 42 0
1 43 22
1 44 21
1 45 22
1 46 19
1 47 20
1 48 17
1 49 21
1 50 18
1 51 17
1 52 21
1 53 20
1 54 20
1 55 17
1 56 20
1 57 22
1 58 20
1 59 22
1 60 21
1 61 22
1 62 19
1 63 21
1 64 19
1 65 18
1 66 20
1 67 18
1 68 19
1 69 21
1 70 21
1 71 19
1 72 15
1 73 22
1 74 18
1 75 20
1 76 18
1 77 24
1 78 22
1 79 20
1 80 21
1 81 23
1 82 26
1 83 18
1 84 19
1 85 16
1 86 25
1 87 18
1 88 21
1 89 20
1 90 20
1 91 19
1 92 17
1 93 22
1 94 21
1 95 20
1 96 19
1 97 15
1 98 19
1 99 18
1 100 17
1 101 18
1 102 21
1 103 19
1 104 19
1 105 19
1 106 22
1 107 22
1 108 19
1 109 18
1 110 20
1 111 19
1 112 18
1 113 22
1 114 19
1 115 21
1 116 23
1 117 20
1 118 23
1 119 20
1 120 18
1 121 19
1 122 20
1 123 20
1 124 20
1 125 19
1 126 22
1 127 21
1 128 21
1 129 20
2 2 0
2 3 0
2 4 0
2 5 0
2 6 0
2 7 0
2 8 0
2 9 0
2 10 0
2 11 0
2 12 0
2 13 0
2 14 0
2 15 0
2 16 0
2 17 0
2 18 0
2 19 0
2 20 0
2 21 0
2 22 0
2 23 0
2 24 0
2 25 0
2 26 0
2 27 0
2 28 0
2 29 0
2 30 0
2 31 0
2 32 0
2 33 0
2 34 0
2 35 0
2 36 0
2 37 0
2 38 0
2 39 0
2 40 0
2 41 0
2 42 0
2 43 19
2 44 17
2 45 23
2 46 18
2 47 21
2 48 19
2 49 20
2 50 15
2 51 23
2 52 16
2 53 22
2 54 22
2 55 19
2 56 17
2 57 20
2 58 18
2 59 22
2 60 23
2 61 19
2 62 21
2 63 18
2 64 20
2 65 20
2 66 19
2 67 17
2 68 20
2 69 22
2 70 18
2 71 22
2 72 18
2 73 17
2 74 21
2 75 22
2 76 18
2 77 21
2 78 17
2 79 23
2 80 21
2 81 21
2 82 21
2 83 19
2 84 22
2 85 21
2 86 16
2 87 18
2 88 22
2 89 17
2 90 21
2 91 19
2 92 19
2 93 19
2 94 21
2 95 21
2 96 22
2 97 19
2 98 20
2 99 20
2 100 19
2 101 20
2 102 23
2 103 23
2 104 24
2 105 19
2 106 24
2 107 18
2 108 19
2 109 20
2 110 22
2 111 19
2 112 21
2 113 18
2 114 21
2 115 24
2 116 20
2 117 20
2 118 20
2 119 24
2 120 17
2 121 28
2 122 23
2 123 21
2 124 23
2 125 17
2 126 21
2 127 24
2 128 20
2 129 19
3 3 0
3 4 0
3 5 0
3 6 0
3 7 0
3 8 0
3 9 0
3 10 0
3 11 0
3 12 0
3 13 0
3 14 0
3 15 0
3 16 0
3 17 0
3 18 0
3 19 0
3 20 0
3 21 0
3 22 0
3 23 0
3 24 0
3 25 0
3 26 0
3 27 0
3 28 0
3 29 0
3 30 0
3 31 0
3 32 0
3 33 0
3 34 0
3 35 0
3 36 0
3 37 0
3 38 0
3 39 0
3 40 0
3 41 0
3 42 0
3 43 17
3 44 14
3 45 18
3 46 19
3 47 20
3 48 19
3 49 19
3 50 18
3 51 20
3 52 17
3 53 19
3 54 18
3 55 18
3 56 19
3 57 21
3 58 21
3 59 22
3 60 17
3 61 18
3 62 22
3 63 20
3 64 20
3 65 19
3 66 19
3 67 18
3 68 23
3 69 17
3 70 24
3 71 22
3 72 22
3 73 19
3 74 21
3 75 17
3 76 21
3 77 20
3 78 22
3 79 19
3 80 22
3 81 17
3 82 22
3 83 22
3 84 22
3 85 15
3 86 13
3 87 20
3 88 21
3 89 20
3 90 20
3 91 20
3 92 24
3 93 20
3 94 20
3 95 21
3 96 22
3 97 19
3 98 21
3 99 18
3 100 20
3 101 21
3 102 20
3 103 20
3 104 16
3 105 20
3 106 18
3 107 20
3 108 22
3 109 21
3 110 24
3 111 20
3 112 21
3 113 17
3 114 17
3 115 21
3 116 23
3 117 22
3 118 22
3 119 21
3 120 21
3 121 21
3 122 17
3 123 17
3 124 22
3 125 23
3 126 22
3 127 21
3 128 22
3 129 17
4 4 0
4 5 0
4 6 0
4 7 0
4 8 0
4 9 0
4 10 0
4 11 0
4 12 0
4 13 0
4 14 0
4 15 0
4 16 0
4 17 0
4 18 0
4 19 0
4 20 0
4 21 0
4 22 0
4 23 0
4 24 0
4 25 0
4 26 0
4 27 0
4 28 0
4 29 0
4 30 0
4 31 0
4 32 0
4 33 0
4 34 0
4 35 0
4 36 0
4 37 0
4 38 0
4 39 0
4 40 0
4 41 0
4 42 0
4 43 20
4 44 19
4 45 19
4 46 22
4 47 25
4 48 22
4 49 23
4 50 20
4 51 20
4 52 20
4 53 18
4 54 22
4 55 18
4 56 19
4 57 20
4 58 18
4 59 21
4 60 17
4 61 18
4 62 21
4 63 20
4 64 23
4 65 20
4 66 17
4 67 20
4 68 18
4 69 21
4 70 20
4 71 22
4 72 22
4 73 24
4 74 17
4 75 22
4 76 21
4 77 22
4 78 21
4 79 21
4 80 23
4 81 20
4 82 15
4 83 21
4 84 23
4 85 20
4 86 18
4 87 20
4 88 19
4 89 19
4 90 19
4 91 20
4 92 20
4 93 20
4 94 21
4 95 21
4 96 20
4 97 19
4 98 23
4 99 21
4 100 22
4 101 15
4 102 20
4 103 21
4 104 23
4 105 17
4 106 20
4 107 21
4 108 21
4 109 19
4 110 23
4 111 17
4 112 20
4 113 24
4 114 21
4 115 18
4 116 19
4 117 18
4 118 19
4 119 19
4 120 19
4 121 21
4 122 17
4 123 22
4 124 20
4 125 20
4 126 18
4 127 20
4 128 22
4 129 20
5 5 0
5 6 0
5 7 0
5 8 0
5 9 0
5 10 0
5 11 0
5 12 0
5 13 0
5 14 0
5 15 0
5 16 0
5 17 0
5 18 0
5 19 0
5 20 0
5 21 0
5 22 0
5 23 0
5 24 0
5 25 0
5 26 0
5 27 0
5 28 0
5 29 0
5 30 0
5 31 0
5 32 0
5 33 0
5 34 0
5 35 0
5 36 0
5 37 0
5 38 0
5 39 0
5 40 0
5 41 0
5 42 0
5 43 18
5 44 17
5 45 23
5 46 22
5 47 20
5 48 19
5 49 19
5 50 18
5 51 20
5 52 20
5 53 18
5 54 19
5 55 19
5 56 17
5 57 20
5 58 18
5 59 22
5 60 20
5 61 21
5 62 19
5 63 20
5 64 18
5 65 21
5 66 23
5 67 20
5 68 20
5 69 21
5 70 19
5 71 22
5 72 19
5 73 19
5 74 18
5 75 21
5 76 22
5 77 15
5 78 19
5 79 19
5 80 20
5 81 20
5 82 21
5 83 18
5 84 19
5 85 20
5 86 22
5 87 19
5 88 16
5 89 18
5 90 18
5 91 21
5 92 23
5 93 19
5 94 21
5 95 22
5 96 23
5 97 18
5 98 19
5 99 21
5 100 18
5 101 16
5 102 22
5 103 16
5 104 18
5 105 20
5 106 19
5 107 22
5 108 23
5 109 20
5 110 22
5 111 21
5 112 22
5 113 21
5 114 18
5 115 19
5 116 19
5 117 18
5 118 18
5 119 18
5 120 19
5 121 20
5 122 21
5 123 23
5 124 17
5 125 22
5 126 23
5 127 23
5 128 21
5 129 19
6 6 0
6 7 0
6 8 0
6 9 0
6 10 0
6 11 0
6 12 0
6 13 0
6 14 0
6 15 0
6 16 0
6 17 0
6 18 0
6 19 0
6 20 0
6 21 0
6 22 0
6 23 0
6 24 0
6 25 0
6 26 0
6 27 0
6 28 0
6 29 0
6 30 0
6 31 0
6 32 0
6 33 0
6 34 0
6 35 0
6 36 0
6 37 0
6 38 0
6 39 0
6 40 0
6 41 0
6 42 0
6 43 22
6 44 22
6 45 23
6 46 18
6 47 21
6 48 22
6 49 19
6 50 19
6 51 20
6 52 22
6 53 19
6 54 18
6 55 20
6 56 20
6 57 19
6 58 18
6 59 20
6 60 15
6 61 16
6 62 25
6 63 22
6 64 17
6 65 21
6 66 19
6 67 19
6 68 19
6 69 18
6 70 17
6 71 17
6 72 18
6 73 20
6 74 21
6 75 20
6 76 20
6 77 20
6 78 19
6 79 21
6 80 20
6 81 19
6 82 15
6 83 19
6 84 21
6 85 19
6 86 25
6 87 23
6 88 22
6 89 22
6 90 23
6 91 19
6 92 20
6 93 17
6 94 19
6 95 22
6 96 21
6 97 18
6 98 19
6 99 21
6 100 23
6 101 21
6 102 19
6 103 19
6 104 24
6 105 18
6 106 21
6 107 22
6 108 20
6 109 20
6 110 21
6 111 22
6 112 22
6 113 21
6 114 21
6 115 23
6 116 21
6 117 20
6 118 19
6 119 22
6 120 19
6 121 20
6 122 23
6 123 20
6 124 23
6 125 20
6 126 21
6 127 22
6 128 23
6 129 19
7 7 0
7 8 0
7 9 0
7 10 0
7 11 0
7 12 0
7 13 0
7 14 0
7 15 0
7 16 0
7 17 0
7 18 0
7 19 0
7 20 0
7 21 0
7 22 0
7 23 0
7 24 0
7 25 0
7 26 0
7 27 0
7 28 0
7 29 0
7 30 0
7 31 0
7 32 0
7 33 0
7 34 0
7 35 0
7 36 0
7 37 0
7 38 0
7 39 0
7 40 0
7 41 0
7 42 0
7 43 22
7 44 19
7 45 18
7 46 20
7 47 18
7 48 20
7 49 22
7 50 20
7 51 18
7 52 22
7 53 16
7 54 20
7 55 19
7 56 19
7 57 22
7 58 18
7 59 17
7 60 19
7 61 20
7 62 19
7 63 23
7 64 17
7 65 18
7 66 21
7 67 18
7 68 20
7 69 20
7 70 17
7 71 19
7 72 19
7 73 20
7 74 22
7 75 20
7 76 24
7 77 20
7 78 21
7 79 21
7 80 21
7 81 19
7 82 17
7 83 18
7 84 18
7 85 19
7 86 22
7 87 18
7 88 19
7 89 20
7 90 21
7 91 18
7 92 17
7 93 16
7 94 19
7 95 19
7 96 21
7 97 18
7 98 20
7 99 23
7 100 17
7 101 19
7 102 24
7 103 18
7 104 21
7 105 16
7 106 18
7 107 19
7 108 21
7 109 24
7 110 20
7 111 17
7 112 25
7 113 20
7 114 19
7 115 18
7 116 21
7 117 20
7 118 17
7 119 23
7 120 17
7 121 17
7 122 19
7 123 24
7 124 17
7 125 22
7 126 20
7 127 17
7 128 22
7 129 20
8 8 0
8 9 0
8 10 0
8 11 0
8 12 0
8 13 0
8 14 0
8 15 0
8 16 0
8 17 0
8 18 0
8 19 0
8 20 0
8 21 0
8 22 0
8 23 0
8 24 0
8 25 0
8 26 0
8 27 0
8 28 0
8 29 0
8 30 0
8 31 0
8 32 0
8 33 0
8 34 0
8 35 0
8 36 0
8 37 0
8 38 0
8 39 0
8 40 0
8 41 0
8 42 0
8 43 20
8 44 21
8 45 21
8 46 19
8 47 23
8 48 22
8 49 21
8 50 22
8 51 20
8 52 20
8 53 22
8 54 20
8 55 20
8 56 22
8 57 21
8 58 21
8 59 18
8 60 20
8 61 22
8 62 19
8 63 18
8 64 20
8 65 19
8 66 22
8 67 21
8 68 19
8 69 21
8 70 20
8 71 19
8 72 17
8 73 13
8 74 20
8 75 17
8 76 20
8 77 17
8 78 18
8 79 21
8 80 21
8 81 23
8 82 20
8 83 14
8 84 19
8 85 21
8 86 21
8 87 19
8 88 21
8 89 20
8 90 22
8 91 23
8 92 19
8 93 17
8 94 22
8 95 17
8 96 19
8 97 22
8 98 17
8 99 20
8 100 19
8 101 21
8 102 21
8 103 20
8 104 21
8 105 22
8 106 19
8 107 22
8 108 22
8 109 20
8 110 21
8 111 19
8 112 17
8 113 20
8 114 22
8 115 19
8 116 21
8 117 18
8 118 21
8 119 17
8 120 22
8 121 19
8 122 22
8 123 21
8 124 21
8 125 20
8 126 20
8 127 21
8 128 18
8 129 19
9 9 0
9 10 0
9 11 0
9 12 0
9 13 0
9 14 0
9 15 0
9 16 0
9 17 0
9 18 0
9 19 0
9 20 0
9 21 0
9 22 0
9 23 0
9 24 0
9 25 0
9 26 0
9 27 0
9 28 0
9 29 0
9 30 0
9 31 0
9 32 0
9 33 0
9 34 0
9 35 0
9 36 0
9 37 0
9 38 0
9 39 0
9 40 0
9 41 0
9 42 0
9 43 20
9 44 17
9 45 20
9 46 17
9 47 21
9 48 21
9 49 21
9 50 20
9 51 22
9 52 18
9 53 18
9 54 20
9 55 19
9 56 22
9 57 24
9 58 23
9 59 21
9 60 21
9 61 20
9 62 18
9 63 24
9 64 18
9 65 20
9 66 17
9 67 23
9 68 24
9 69 18
9 70 20
9 71 23
9 72 21
9 73 23
9 74 21
9 75 14
9 76 17
9 77 24
9 78 23
9 79 19
9 80 21
9 81 20
9 82 17
9 83 17
9 84 20
9 85 22
9 86 20
9 87 21
9 88 19
9 89 21
9 90 18
9 91 14
9 92 18
9 93 17
9 94 18
9 95 22
9 96 19
9 97 21
9 98 22
9 99 21
9 100 19
9 101 17
9 102 19
9 103 20
9 104 21
9 105 20
9 106 20
9 107 20
9 108 21
9 109 20
9 110 15
9 111 22
9 112 22
9 113 18
9 114 22
9 115 19
9 116 22
9 117 21
9 118 18
9 119 17
9 120 15
9 121 23
9 122 20
9 123 21
9 124 20
9 125 25
9 126 25
9 127 19
9 128 21
9 129 17
10 10 0
10 11 0
10 12 0
10 13 0
10 14 0
10 15 0
10 16 0
10 17 0
10 18 0
10 19 0
10 20 0
10 21 0
10 22 0
10 23 0
10 24 0
10 25 0
10 26 0
10 27 0
10 28 0
10 29 0
10 30 0
10 31 0
10 32 0
10 33 0
10 34 0
10 35 0
10 36 0
10 37 0
10 38 0
10 39 0
10 40 0
10 41 0
10 42 0
10 43 24
10 44 18
10 45 21
10 46 19
10 47 20
10 48 20
10 49 20
10 50 17
10 51 20
10 52 22
10 53 18
10 54 21
10 55 18
10 56 20
10 57 21
10 58 20
10 59 21
10 60 22
10 61 22
10 62 18
10 63 19
10 64 19
10 65 20
10 66 20
10 67 21
10 68 22
10 69 19
10 70 21
10 71 17
10 72 21
10 73 21
10 74 17
10 75 23
10 76 20
10 77 19
10 78 19
10 79 19
10 80 18
10 81 22
10 82 21
10 83 22
10 84 22
10 85 19
10 86 18
10 87 18
10 88 18
10 89 21
10 90 22
10 91 19
10 92 22
10 93 25
10 94 20
10 95 25
10 96 18
10 97 22
10 98 21
10 99 19
10 100 20
10 101 17
10 102 18
10 103 19
10 104 21
10 105 20
10 106 22
10 107 21
10 108 20
10 109 19
10 110 22
10 111 21
10 112 23
10 113 18
10 114 22
10 115 21
10 116 19
10 117 21
10 118 19
10 119 23
10 120 18
10 121 19
10 122 23
10 123 21
10 124 19
10 125 22
10 126 20
10 127 24
10 128 18
10 129 19
11 11 0
11 12 0
11 13 0
11 14 0
11 15 0
11 16 0
11 17 0
11 18 0
11 19 0
11 20 0
11 21 0
11 22 0
11 23 0
11 24 0
11 25 0
11 26 0
11 27 0
11 28 0
11 29 0
11 30 0
11 31 0
11 32 0
11 33 0
11 34 0
11 35 0
11 36 0
11 37 0
11 38 0
11 39 0
11 40 0
11 41 0
11 42 0
11 43 21
11 44 25
11 45 21
11 46 18
11 47 23
11 48 20
11 49 20
11 50 22
11 51 23
11 52 17
11 53 20
11 54 23
11 55 22
11 56 17
11 57 19
11 58 20
11 59 21
11 60 21
11 61 15
11 62 23
11 63 22
11 64 18
11 65 20
11 66 19
11 67 23
11 68 21
11 69 21
11 70 19
11 71 21
11 72 16
11 73 15
11 74 23
11 75 19
11 76 18
11 77 16
11 78 22
11 79 16
11 80 19
11 81 20
11 82 21
11 83 22
11 84 20
11 85 17
11 86 23
11 87 19
11 88 22
11 89 20
11 90 18
11 91 18
11 92 22
11 93 21
11 94 22
11 95 19
11 96 22
11 97 20
11 98 22
11 99 21
11 100 20
11 101 23
11 102 21
11 103 21
11 104 20
11 105 22
11 106 20
11 107 21
11 108 20
11 109 18
11 110 22
11 111 20
11 112 17
11 113 18
11 114 20
11 115 17
11 116 23
11 117 16
11 118 19
11 119 17
11 120 18
11 121 18
11 122 18
11 123 19
11 124 19
11 125 21
11 126 21
11 127 23
11 128 17
11 129 21
12 12 0
12 13 0
12 14 0
12 15 0
12 16 0
12 17 0
12 18 0
12 19 0
12 20 0
12 21 0
12 22 0
12 23 0
12 24 0
12 25 0
12 26 0
12 27 0
12 28 0
12 29 0
12 30 0
12 31 0
12 32 0
12 33 0
12 34 0
12 35 0
12 36 0
12 37 0
12 38 0
12 39 0
12 40 0
12 41 0
12 42 0
12 43 21
12 44 19
12 45 20
12 46 17
12 47 23
12 48 20
12 49 18
12 50 19
12 51 23
12 52 20
12 53 25
12 54 17
12 55 17
12 56 18
12 57 18
12 58 20
12 59 21
12 60 20
12 61 21
12 62 19
12 63 22
12 64 19
12 65 18
12 66 16
12 67 17
12 68 19
12 69 20
12 70 19
12 71 19
12 72 18
12 73 21
12 74 19
12 75 20
12 76 19
12 77 20
12 78 21
12 79 17
12 80 19
12 81 20
12 82 17
12 83 21
12 84 19
12 85 15
12 86 19
12 87 19
12 88 22
12 89 18
12 90 19
12 91 22
12 92 13
12 93 21
12 94 19
12 95 19
12 96 20
12 97 22
12 98 25
12 99 19
12 100 18
12 101 20
12 102 19
12 103 23
12 104 24
12 105 20
12 106 17
12 107 17
12 108 21
12 109 20
12 110 21
12 111 19
12 112 21
12 113 18
12 114 17
12 115 21
12 116 21
12 117 18
12 118 26
12 119 17
12 120 21
12 121 19
12 122 19
12 123 16
12 124 18
12 125 17
12 126 23
12 127 22
12 128 19
12 129 21
13 13 0
13 14 0
13 15 0
13 16 0
13 17 0
13 18 0
13 19 0
13 20 0
13 21 0
13 22 0
13 23 0
13 24 0
13 25 0
13 26 0
13 27 0
13 28 0
13 29 0
13 30 0
13 31 0
13 32 0
13 33 0
13 34 0
13 35 0
13 36 0
13 37 0
13 38 0
13 39 0
13 40 0
13 41 0
13 42 0
13 43 26
13 44 22
13 45 19
13 46 21
13 47 19
13 48 21
13 49 21
13 50 20
13 51 19
13 52 20
13 53 20
13 54 23
13 55 18
13 56 20
13 57 19
13 58 19
13 59 20
13 60 21
13 61 17
13 62 20
13 63 23
13 64 18
13 65 23
13 66 20
13 67 18
13 68 20
13 69 18
13 70 20
13 71 24
13 72 20
13 73 19
13 74 20
13 75 18
13 76 20
13 77 20
13 78 23
13 79 20
13 80 24
13 81 20
13 82 20
13 83 23
13 84 20
13 85 24
13 86 18
13 87 21
13 88 18
13 89 21
13 90 18
13 91 18
13 92 19
13 93 21
13 94 20
13 95 20
13 96 18
13 97 16
13 98 20
13 99 20
13 100 22
13 101 23
13 102 22
13 103 17
13 104 22
13 105 21
13 106 21
13 107 20
13 108 20
13 109 18
13 110 18
13 111 17
13 112 18
13 113 24
13 114 19
13 115 21
13 116 22
13 117 19
13 118 19
13 119 19
13 120 18
13 121 20
13 122 22
13 123 16
13 124 17
13 125 22
13 126 23
13 127 23
13 128 25
13 129 19
14 14 0
14 15 0
14 16 0
14 17 0
14 18 0
14 19 0
14 20 0
14 21 0
14 22 0
14 23 0
14 24 0
14 25 0
14 26 0
14 27 0
14 28 0
14 29 0
14 30 0
14 31 0
14 32 0
14 33 0
14 34 0
14 35 0
14 36 0
14 37 0
14 38 0
14 39 0
14 40 0
14 41 0
14 42 0
14 43 19
14 44 21
14 45 17
14 46 21
14 47 19
14 48 21
14 49 18
14 50 17
14 51 20
14 52 18
14 53 20
14 54 20
14 55 22
14 56 17
14 57 20
14 58 19
14 59 20
14 60 20
14 61 20
14 62 22
14 63 23
14 64 22
14 65 19
14 66 20
14 67 19
14 68 17
14 69 15
14 70 19
14 71 20
14 72 20
14 73 22
14 74 26
14 75 20
14 76 19
14 77 19
14 78 23
14 79 22
14 80 22
14 81 25
14 82 18
14 83 22
14 84 20
14 85 20
14 86 18
14 87 20
14 88 21
14 89 18
14 90 19
14 91 16
14 92 22
14 93 19
14 94 17
14 95 19
14 96 20
14 97 19
14 98 20
14 99 22
14 100 19
14 101 18
14 102 18
14 103 20
14 104 20
14 105 23
14 106 19
14 107 23
14 108 23
14 109 21
14 110 20
14 111 18
14 112 18
14 113 19
14 114 17
14 115 20
14 116 20
14 117 20
14 118 21
14 119 18
14 120 20
14 121 22
14 122 20
14 123 20
14 124 20
14 125 20
14 126 21
14 127 19
14 128 24
14 129 19
15 15 0
15 16 0
15 17 0
15 18 0
15 19 0
15 20 0
15 21 0
15 22 0
15 23 0
15 24 0
15 25 0
15 26 0
15 27 0
15 28 0
15 29 0
15 30 0
15 31 0
15 32 0
15 33 0
15 34 0
15 35 0
15 36 0
15 37 0
15 38 0
15 39 0
15 40 0
15 41 0
15 42 0
15 43 18
15 44 22
15 45 22
15 46 17
15 47 20
15 48 23
15 49 22
15 50 24
15 51 22
15 52 17
15 53 21
15 54 19
15 55 21
15 56 19
15 57 20
15 58 16
15 59 22
15 60 15
15 61 21
15 62 23
15 63 20
15 64 22
15 65 19
15 66 25
15 67 17
15 68 20
15 69 23
15 70 19
15 71 17
15 72 20
15 73 20
15 74 18
15 75 20
15 76 20
15 77 23
15 78 21
15 79 21
15 80 17
15 81 20
15 82 20
15 83 21
15 84 23
15 85 20
15 86 18
15 87 20
15 88 19
15 89 21
15 90 20
15 91 20
15 92 20
15 93 22
15 94 19
15 95 19
15 96 19
15 97 19
15 98 24
15 99 20
15 100 19
15 101 21
15 102 21
15 103 18
15 104 23
15 105 22
15 106 21
15 107 20
15 108 15
15 109 21
15 110 21
15 111 21
15 112 21
15 113 19
15 114 23
15 115 16
15 116 20
15 117 19
15 118 22
15 119 17
15 120 21
15 121 22
15 122 19
15 123 17
15 124 15
15 125 20
15 126 16
15 127 17
15 128 20
15 129 22
16 16 0
16 17 0
16 18 0
16 19 0
16 20 0
16 21 0
16 22 0
16 23 0
16 24 0
16 25 0
16 26 0
16 27 0
16 28 0
16 29 0
16 30 0
16 31 0
16 32 0
16 33 0
16 34 0
16 35 0
16 36 0
16 37 0
16 38 0
16 39 0
16 40 0
16 41 0
16 42 0
16 43 22
16 44 18
16 45 23
16 46 24
16 47 21
16 48 17
16 49 18
16 50 19
16 51 19
16 52 21
16 53 17
16 54 20
16 55 21
16 56 18
16 57 17
16 58 19
16 59 18
16 60 22
16 61 17
16 62 16
16 63 20
16 64 22
16 65 22
16 66 20
16 67 21
16 68 20
16 69 20
16 70 16
16 71 17
16 72 19
16 73 23
16 74 21
16 75 18
16 76 19
16 77 21
16 78 21
16 79 20
16 80 22
16 81 23
16 82 22
16 83 21
16 84 22
16 85 18
16 86 24
16 87 19
16 88 17
16 89 22
16 90 19
16 91 20
16 92 20
16 93 20
16 94 19
16 95 18
16 96 22
16 97 24
16 98 17
16 99 21
16 100 21
16 101 21
16 102 17
16 103 16
16 104 18
16 105 20
16 106 20
16 107 21
16 108 21
16 109 20
16 110 19
16 111 22
16 112 18
16 113 22
16 114 22
16 115 18
16 116 18
16 117 19
16 118 18
16 119 20
16 120 18
16 121 19
16 122 22
16 123 18
16 124 20
16 125 20
16 126 22
16 127 20
16 128 19
16 129 17
17 17 0
17 18 0
17 19 0
17 20 0
17 21 0
17 22 0
17 23 0
17 24 0
17 25 0
17 26 0
17 27 0
17 28 0
17 29 0
17 30 0
17 31 0
17 32 0
17 33 0
17 34 0
17 35 0
17 36 0
17 37 0
17 38 0
17 39 0
17 40 0
17 41 0
17 42 0
17 43 18
17 44 17
17 45 21
17 46 18
17 47 18
17 48 25
17 49 24
17 50 19
17 51 16
17 52 18
17 53 20
17 54 15
17 55 20
17 56 20
17 57 21
17 58 20
17 59 18
17 60 21
17 61 20
17 62 18
17 63 20
17 64 19
17 65 21
17 66 15
17 67 20
17 68 21
17 69 20
17 70 16
17 71 21
17 72 20
17 73 23
17 74 21
17 75 20
17 76 21
17 77 20
17 78 19
17 79 19
17 80 22
17 81 20
17 82 19
17 83 22
17 84 19
17 85 21
17 86 21
17 87 19
17 88 22
17 89 18
17 90 16
17 91 21
17 92 19
17 93 18
17 94 23
17 95 17
17 96 15
17 97 20
17 98 19
17 99 20
17 100 21
17 101 20
17 102 21
17 103 23
17 104 14
17 105 22
17 106 21
17 107 16
17 108 20
17 109 19
17 110 19
17 111 23
17 112 22
17 113 21
17 114 22
17 115 19
17 116 19
17 117 18
17 118 22
17 119 23
17 120 21
17 121 15
17 122 19
17 123 20
17 124 21
17 125 24
17 126 17
17 127 15
17 128 20
17 129 18
18 18 0
18 19 0
18 20 0
18 21 0
18 22 0
18 23 0
18 24 0
18 25 0
18 26 0
18 27 0
18 28 0
18 29 0
18 30 0
18 31 0
18 32 0
18 33 0
18 34 0
18 35 0
18 36 0
18 37 0
18 38 0
18 39 0
18 40 0
18 41 0
18 42 0
18 43 20
18 44 19
18 45 20
18 46 17
18 47 23
18 48 21
18 49 23
18 50 22
18 51 20
18 52 18
18 53 21
18 54 19
18 55 21
18 56 24
18 57 21
18 58 18
18 59 18
18 60 17
18 61 23
18 62 24
18 63 18
18 64 17
18 65 18
18 66 19
18 67 15
18 68 19
18 69 19
18 70 19
18 71 21
18 72 24
18 73 20
18 74 20
18 75 21
18 76 16
18 77 18
18 78 20
18 79 19
18 80 20
18 81 20
18 82 22
18 83 19
18 84 18
18 85 20
18 86 18
18 87 19
18 88 19
18 89 17
18 90 20
18 91 16
18 92 23
18 93 15
18 94 19
18 95 22
18 96 16
18 97 21
18 98 18
18 99 22
18 100 18
18 101 15
18 102 25
18 103 18
18 104 21
18 105 22
18 106 19
18 107 19
18 108 16
18 109 17
18 110 18
18 111 17
18 112 23
18 113 24
18 114 22
18 115 26
18 116 23
18 117 23
18 118 17
18 119 22
18 120 21
18 121 21
18 122 22
18 123 21
18 124 20
18 125 25
18 126 22
18 127 21
18 128 20
18 129 21
19 19 0
19 20 0
19 21 0
19 22 0
19 23 0
19 24 0
19 25 0
19 26 0
19 27 0
19 28 0
19 29 0
19 30 0
19 31 0
19 32 0
19 33 0
19 34 0
19 35 0
19 36 0
19 37 0
19 38 0
19 39 0
19 40 0
19 41 0
19 42 0
19 43 20
19 44 21
19 45 21
19 46 23
19 47 20
19 48 20
19 49 18
19 50 18
19 51 19
19 52 21
19 53 21
19 54 19
19 55 20
19 56 20
19 57 22
19 58 20
19 59 24
19 60 20
19 61 21
19 62 18
19 63 19
19 64 18
19 65 19
19 66 22
19 67 19
19 68 20
19 69 20
19 70 22
19 71 23
19 72 20
19 73 21
19 74 19
19 75 19
19 76 18
19 77 19
19 78 22
19 79 16
19 80 19
19 81 22
19 82 20
19 83 16
19 84 19
19 85 18
19 86 21
19 87 21
19 88 19
19 89 16
19 90 19
19 91 21
19 92 20
19 93 17
19 94 19
19 95 19
19 96 20
19 97 17
19 98 21
19 99 20
19 100 17
19 101 18
19 102 20
19 103 23
19 104 16
19 105 22
19 106 18
19 107 22
19 108 21
19 109 21
19 110 21
19 111 21
19 112 19
19 113 20
19 114 19
19 115 20
19 116 21
19 117 21
19 118 22
19 119 15
19 120 20
19 121 21
19 122 20
19 123 19
19 124 17
19 125 18
19 126 22
19 127 18
19 128 20
19 129 18
20 20 0
20 21 0
20 22 0
20 23 0
20 24 0
20 25 0
20 26 0
20 27 0
20 28 0
20 29 0
20 30 0
20 31 0
20 32 0
20 33 0
20 34 0
20 35 0
20 36 0
20 37 0
20 38 0
20 39 0
20 40 0
20 41 0
20 42 0
20 43 22
20 44 20
20 45 21
20 46 22
20 47 24
20 48 21
20 49 21
20 50 21
20 51 20
20 52 19
20 53 17
20 54 21
20 55 22
20 56 17
20 57 20
20 58 20
20 59 18
20 60 21
20 61 20
20 62 17
20 63 20
20 64 19
20 65 18
20 66 21
20 67 19
20 68 22
20 69 24
20 70 22
20 71 19
20 72 20
20 73 17
20 74 22
20 75 19
20 76 18
20 77 18
20 78 17
20 79 22
20 80 19
20 81 22
20 82 23
20 83 17
20 84 17
20 85 23
20 86 24
20 87 21
20 88 17
20 89 20
20 90 16
20 91 21
20 92 18
20 93 22
20 94 21
20 95 20
20 96 19
20 97 19
20 98 19
20 99 22
20 100 21
20 101 19
20 102 17
20 103 20
20 104 22
20 105 19
20 106 19
20 107 23
20 108 19
20 109 18
20 110 22
20 111 21
20 112 22
20 113 18
20 114 19
20 115 20
20 116 21
20 117 18
20 118 22
20 119 20
20 120 17
20 121 24
20 122 17
20 123 20
20 124 18
20 125 21
20 126 19
20 127 17
20 128 20
20 129 22
21 21 0
21 22 0
21 23 0
21 24 0
21 25 0
21 26 0
21 27 0
21 28 0
21 29 0
21 30 0
21 31 0
21 32 0
21 33 0
21 34 0
21 35 0
21 36 0
21 37 0
21 38 0
21 39 0
21 40 0
21 41 0
21 42 0
21 43 20
21 44 19
21 45 22
21 46 20
21 47 21
21 48 20
21 49 20
21 50 21
21 51 20
21 52 20
21 53 20
21 54 21
21 55 19
21 56 21
21 57 17
21 58 18
21 59 21
21 60 24
21 61 16
21 62 17
21 63 21
21 64 22
21 65 23
21 66 20
21 67 20
21 68 22
21 69 21
21 70 20
21 71 18
21 72 21
21 73 20
21 74 20
21 75 18
21 76 22
21 77 28
21 78 20
21 79 19
21 80 20
21 81 19
21 82 20
21 83 21
21 84 17
21 85 24
21 86 17
21 87 19
21 88 18
21 89 21
21 90 22
21 91 21
21 92 21
21 93 18
21 94 22
21 95 16
21 96 21
21 97 23
21 98 18
21 99 23
21 100 20
21 101 21
21 102 19
21 103 20
21 104 17
21 105 18
21 106 17
21 107 20
21 108 19
21 109 18
21 110 22
21 111 21
21 112 21
21 113 22
21 114 21
21 115 23
21 116 19
21 117 21
21 118 17
21 119 23
21 120 20
21 121 17
21 122 20
21 123 19
21 124 19
21 125 18
21 126 17
21 127 22
21 128 20
21 129 21
22 22 0
22 23 0
22 24 0
22 25 0
22 26 0
22 27 0
22 28 0
22 29 0
22 30 0
22 31 0
22 32 0
22 33 0
22 34 0
22 35 0
22 36 0
22 37 0
22 38 0
22 39 0
22 40 0
22 41 0
22 42 0
22 43 22
22 44 23
22 45 23
22 46 20
22 47 18
22 48 22
22 49 22
22 50 20
22 51 18
22 52 18
22 53 19
22 54 20
22 55 16
22 56 18
22 57 24
22 58 22
22 59 22
22 60 19
22 61 22
22 62 21
22 63 22
22 64 20
22 65 20
22 66 17
22 67 21
22 68 24
22 69 21
22 70 21
22 71 19
22 72 20
22 73 18
22 74 20
22 75 20
22 76 18
22 77 22
22 78 20
22 79 24
22 80 20
22 81 19
22 82 20
22 83 24
22 84 25
22 85 22
22 86 24
22 87 22
22 88 21
22 89 20
22 90 18
22 91 20
22 92 20
22 93 20
22 94 23
22 95 20
22 96 23
22 97 24
22 98 20
22 99 21
22 100 21
22 101 21
22 102 23
22 103 23
22 104 20
22 105 19
22 106 17
22 107 19
22 108 20
22 109 21
22 110 22
22 111 18
22 112 19
22 113 23
22 114 22
22 115 24
22 116 19
22 117 19
22 118 21
22 119 20
22 120 17
22 121 19
22 122 21
22 123 20
22 124 23
22 125 20
22 126 19
22 127 18
22 128 19
22 129 21
23 23 0
23 24 0
23 25 0
23 26 0
23 27 0
23 28 0
23 29 0
23 30 0
23 31 0
23 32 0
23 33 0
23 34 0
23 35 0
23 36 0
23 37 0
23 38 0
23 39 0
23 40 0
23 41 0
23 42 0
23 43 17
23 44 19
23 45 23
23 46 21
23 47 18
23 48 20
23 49 18
23 50 22
23 51 19
23 52 22
23 53 20
23 54 16
23 55 18
23 56 18
23 57 20
23 58 20
23 59 21
23 60 19
23 61 24
23 62 19
23 63 20
23 64 21
23 65 23
23 66 18
23 67 20
23 68 22
23 69 21
23 70 24
23 71 20
23 72 18
23 73 21
23 74 17
23 75 18
23 76 20
23 77 18
23 78 20
23 79 21
23 80 19
23 81 21
23 82 21
23 83 20
23 84 24
23 85 22
23 86 19
23 87 18
23 88 21
23 89 19
23 90 22
23 91 19
23 92 21
23 93 22
23 94 18
23 95 22
23 96 19
23 97 21
23 98 22
23 99 19
23 100 21
23 101 19
23 102 17
23 103 20
23 104 22
23 105 17
23 106 21
23 107 19
23 108 19
23 109 23
23 110 20
23 111 19
23 112 18
23 113 13
23 114 20
23 115 19
23 116 20
23 117 16
23 118 18
23 119 15
23 120 22
23 121 17
23 122 22
23 123 17
23 124 19
23 125 20
23 126 20
23 127 17
23 128 18
23 129 22
24 24 0
24 25 0
24 26 0
24 27 0
24 28 0
24 29 0
24 30 0
24 31 0
24 32 0
24 33 0
24 34 0
24 35 0
24 36 0
24 37 0
24 38 0
24 39 0
24 40 0
24 41 0
24 42 0
24 43 19
24 44 19
24 45 17
24 46 22
24 47 21
24 48 23
24 49 20
24 50 23
24 51 20
24 52 19
24 53 25
24 54 20
24 55 22
24 56 17
24 57 19
24 58 22
24 59 18
24 60 22
24 61 20
24 62 21
24 63 21
24 64 21
24 65 21
24 66 19
24 67 23
24 68 21
24 69 23
24 70 22
24 71 20
24 72 23
24 73 23
24 74 22
24 75 20
24 76 21
24 77 23
24 78 20
24 79 19
24 80 20
24 81 18
24 82 23
24 83 20
24 84 21
24 85 19
24 86 19
24 87 19
24 88 23
24 89 21
24 90 18
24 91 20
24 92 20
24 93 23
24 94 21
24 95 22
24 96 17
24 97 23
24 98 19
24 99 24
24 100 21
24 101 21
24 102 21
24 103 21
24 104 18
24 105 23
24 106 19
24 107 22
24 108 18
24 109 22
24 110 20
24 111 19
24 112 21
24 113 27
24 114 21
24 115 23
24 116 23
24 117 17
24 118 20
24 119 18
24 120 21
24 121 17
24 122 22
24 123 20
24 124 21
24 125 23
24 126 22
24 127 21
24 128 22
24 129 21
25 25 0
25 26 0
25 27 0
25 28 0
25 29 0
25 30 0
25 31 0
25 32 0
25 33 0
25 34 0
25 35 0
25 36 0
25 37 0
25 38 0
25 39 0
25 40 0
25 41 0
25 42 0
25 43 20
25 44 17
25 45 17
25 46 22
25 47 19
25 48 18
25 49 25
25 50 21
25 51 21
25 52 20
25 53 17
25 54 21
25 55 18
25 56 18
25 57 18
25 58 22
25 59 18
25 60 18
25 61 25
25 62 16
25 63 18
25 64 20
25 65 23
25 66 19
25 67 21
25 68 17
25 69 20
25 70 19
25 71 18
25 72 20
25 73 20
25 74 21
25 75 25
25 76 19
25 77 23
25 78 17
25 79 22
25 80 21
25 81 19
25 82 20
25 83 20
25 84 17
25 85 21
25 86 20
25 87 21
25 88 17
25 89 21
25 90 19
25 91 17
25 92 21
25 93 20
25 94 20
25 95 18
25 96 21
25 97 20
25 98 22
25 99 22
25 100 21
25 101 17
25 102 19
25 103 23
25 104 21
25 105 18
25 106 17
25 107 21
25 108 22
25 109 22
25 110 21
25 111 17
25 112 22
25 113 18
25 114 17
25 115 22
25 116 20
25 117 20
25 118 19
25 119 15
25 120 22
25 121 20
25 122 18
25 123 19
25 124 22
25 125 18
25 126 21
25 127 23
25 128 19
25 129 19
26 26 0
26 27 0
26 28 0
26 29 0
26 30 0
26 31 0
26 32 0
26 33 0
26 34 0
26 35 0
26 36 0
26 37 0
26 38 0
26 39 0
26 40 0
26 41 0
26 42 0
26 43 19
26 44 19
26 45 18
26 46 19
26 47 19
26 48 18
26 49 18
26 50 18
26 51 17
26 52 16
26 53 19
26 54 20
26 55 21
26 56 16
26 57 21
26 58 21
26 59 20
26 60 20
26 61 23
26 62 20
26 63 21
26 64 21
26 65 21
26 66 21
26 67 20
26 68 18
26 69 16
26 70 19
26 71 20
26 72 22
26 73 20
26 74 18
26 75 20
26 76 22
26 77 22
26 78 22
26 79 21
26 80 19
26 81 18
26 82 18
26 83 19
26 84 22
26 85 17
26 86 22
26 87 18
26 88 25
26 89 17
26 90 20
26 91 22
26 92 24
26 93 19
26 94 23
26 95 21
26 96 18
26 97 21
26 98 21
26 99 22
26 100 21
26 101 18
26 102 19
26 103 22
26 104 20
26 105 20
26 106 20
26 107 20
26 108 20
26 109 20
26 110 20
26 111 19
26 112 18
26 113 20
26 114 21
26 115 23
26 116 18
26 117 16
26 118 18
26 119 20
26 120 18
26 121 23
26 122 20
26 123 22
26 124 17
26 125 21
26 126 15
26 127 21
26 128 19
26 129 17
27 27 0
27 28 0
27 29 0
27 30 0
27 31 0
27 32 0
27 33 0
27 34 0
27 35 0
27 36 0
27 37 0
27 38 0
27 39 0
27 40 0
27 41 0
27 42 0
27 43 22
27 44 19
27 45 22
27 46 20
27 47 19
27 48 17
27 49 19
27 50 22
27 51 23
27 52 22
27 53 20
27 54 18
27 55 18
27 56 22
27 57 21
27 58 20
27 59 22
27 60 19
27 61 21
27 62 19
27 63 19
27 64 21
27 65 18
27 66 22
27 67 20
27 68 20
27 69 21
27 70 20
27 71 21
27 72 20
27 73 20
27 74 17
27 75 21
27 76 16
27 77 23
27 78 22
27 79 23
27 80 22
27 81 20
27 82 21
27 83 19
27 84 19
27 85 20
27 86 21
27 87 20
27 88 23
27 89 22
27 90 18
27 91 24
27 92 19
27 93 22
27 94 18
27 95 22
27 96 20
27 97 22
27 98 19
27 99 18
27 100 22
27 101 18
27 102 18
27 103 16
27 104 20
27 105 20
27 106 20
27 107 21
27 108 21
27 109 21
27 110 22
27 111 21
27 112 22
27 113 18
27 114 22
27 115 22
27 116 19
27 117 20
27 118 23
27 119 21
27 120 20
27 121 20
27 122 18
27 123 18
27 124 18
27 125 21
27 126 20
27 127 18
27 128 19
27 129 20
28 28 0
28 29 0
28 30 0
28 31 0
28 32 0
28 33 0
28 34 0
28 35 0
28 36 0
28 37 0
28 38 0
28 39 0
28 40 0
28 41 0
28 42 0
28 43 22
28 44 19
28 45 22
28 46 18
28 47 19
28 48 23
28 49 21
28 50 17
28 51 20
28 52 22
28 53 20
28 54 22
28 55 20
28 56 24
28 57 20
28 58 18
28 59 16
28 60 19
28 61 20
28 62 21
28 63 22
28 64 20
28 65 20
28 66 20
28 67 20
28 68 20
28 69 21
28 70 16
28 71 17
28 72 23
28 73 19
28 74 22
28 75 23
28 76 22
28 77 19
28 78 20
28 79 21
28 80 17
28 81 21
28 82 19
28 83 18
28 84 19
28 85 20
28 86 19
28 87 25
28 88 20
28 89 21
28 90 23
28 91 21
28 92 18
28 93 25
28 94 17
28 95 19
28 96 19
28 97 22
28 98 21
28 99 22
28 100 21
28 101 18
28 102 19
28 103 21
28 104 20
28 105 21
28 106 20
28 107 22
28 108 21
28 109 20
28 110 20
28 111 18
28 112 22
28 113 17
28 114 24
28 115 16
28 116 20
28 117 20
28 118 21
28 119 23
28 120 19
28 121 23
28 122 21
28 123 20
28 124 19
28 125 19
28 126 17
28 127 19
28 128 22
28 129 23
29 29 0
29 30 0
29 31 0
29 32 0
29 33 0
29 34 0
29 35 0
29 36 0
29 37 0
29 38 0
29 39 0
29 40 0
29 41 0
29 42 0
29 43 22
29 44 20
29 45 22
29 46 15
29 47 19
29 48 18
29 49 16
29 50 20
29 51 19
29 52 23
29 53 20
29 54 20
29 55 22
29 56 22
29 57 19
29 58 15
29 59 15
29 60 20
29 61 22
29 62 22
29 63 21
29 64 19
29 65 19
29 66 17
29 67 16
29 68 21
29 69 22
29 70 16
29 71 20
29 72 21
29 73 19
29 74 20
29 75 20
29 76 21
29 77 17
29 78 17
29 79 21
29 80 22
29 81 20
29 82 18
29 83 18
29 84 18
29 85 19
29 86 22
29 87 21
29 88 20
29 89 21
29 90 21
29 91 19
29 92 24
29 93 21
29 94 22
29 95 21
29 96 22
29 97 17
29 98 19
29 99 19
29 100 24
29 101 21
29 102 20
29 103 22
29 104 27
29 105 20
29 106 19
29 107 20
29 108 20
29 109 16
29 110 19
29 111 20
29 112 23
29 113 17
29 114 20
29 115 19
29 116 19
29 117 19
29 118 24
29 119 21
29 120 20
29 121 18
29 122 21
29 123 22
29 124 22
29 125 21
29 126 22
29 127 18
29 128 21
29 129 19
30 30 0
30 31 0
30 32 0
30 33 0
30 34 0
30 35 0
30 36 0
30 37 0
30 38 0
30 39 0
30 40 0
30 41 0
30 42 0
30 43 23
30 44 16
30 45 18
30 46 20
30 47 18
30 48 17
30 49 20
30 50 19
30 51 17
30 52 19
30 53 21
30 54 19
30 55 22
30 56 21
30 57 22
30 58 25
30 59 22
30 60 21
30 61 21
30 62 19
30 63 19
30 64 18
30 65 20
30 66 19
30 67 19
30 68 22
30 69 20
30 70 20
30 71 20
30 72 22
30 73 19
30 74 21
30 75 20
30 76 14
30 77 16
30 78 21
30 79 17
30 80 19
30 81 20
30 82 21
30 83 23
30 84 17
30 85 20
30 86 18
30 87 23
30 88 23
30 89 20
30 90 19
30 91 21
30 92 19
30 93 20
30 94 18
30 95 21
30 96 19
30 97 18
30 98 17
30 99 21
30 100 21
30 101 23
30 102 17
30 103 20
30 104 22
30 105 23
30 106 19
30 107 21
30 108 23
30 109 21
30 110 22
30 111 17
30 112 15
30 113 22
30 114 19
30 115 18
30 116 21
30 117 22
30 118 21
30 119 21
30 120 18
30 121 19
30 122 20
30 123 17
30 124 23
30 125 21
30 126 22
30 127 20
30 128 19
30 129 22
31 31 0
31 32 0
31 33 0
31 34 0
31 35 0
31 36 0
31 37 0
31 38 0
31 39 0
31 40 0
31 41 0
31 42 0
31 43 17
31 44 19
31 45 18
31 46 20
31 47 23
31 48 21
31 49 23
31 50 20
31 51 20
31 52 17
31 53 21
31 54 22
31 55 21
31 56 21
31 57 19
31 58 17
31 59 17
31 60 20
31 61 17
31 62 21
31 63 17
31 64 18
31 65 20
31 66 21
31 67 20
31 68 19
31 69 19
31 70 20
31 71 21
31 72 23
31 73 20
31 74 21
31 75 18
31 76 19
31 77 22
31 78 20
31 79 21
31 80 19
31 81 21
31 82 20
31 83 20
31 84 21
31 85 19
31 86 20
31 87 19
31 88 16
31 89 21
31 90 17
31 91 19
31 92 22
31 93 25
31 94 18
31 95 17
31 96 17
31 97 20
31 98 18
31 99 21
31 100 19
31 101 19
31 102 19
31 103 20
31 104 19
31 105 19
31 106 21
31 107 20
31 108 19
31 109 19
31 110 20
31 111 17
31 112 18
31 113 21
31 114 19
31 115 21
31 116 18
31 117 17
31 118 19
31 119 20
31 120 22
31 121 20
31 122 20
31 123 16
31 124 19
31 125 20
31 126 21
31 127 21
31 128 18
31 129 19
32 32 0
32 33 0
32 34 0
32 35 0
32 36 0
32 37 0
32 38 0
32 39 0
32 40 0
32 41 0
32 42 0
32 43 22
32 44 21
32 45 19
32 46 16
32 47 16
32 48 21
32 49 20
32 50 17
32 51 16
32 52 19
32 53 21
32 54 19
32 55 20
32 56 22
32 57 18
32 58 19
32 59 19
32 60 20
32 61 20
32 62 20
32 63 16
32 64 19
32 65 20
32 66 17
32 67 20
32 68 20
32 69 19
32 70 24
32 71 21
32 72 16
32 73 18
32 74 22
32 75 19
32 76 22
32 77 19
32 78 20
32 79 23
32 80 23
32 81 19
32 82 18
32 83 17
32 84 17
32 85 20
32 86 18
32 87 22
32 88 21
32 89 20
32 90 21
32 91 17
32 92 23
32 93 19
32 94 18
32 95 20
32 96 24
32 97 18
32 98 19
32 99 21
32 100 22
32 101 20
32 102 22
32 103 22
32 104 18
32 105 19
32 106 21
32 107 17
32 108 17
32 109 21
32 110 21
32 111 19
32 112 19
32 113 20
32 114 24
32 115 22
32 116 20
32 117 19
32 118 19
32 119 22
32 120 21
32 121 18
32 122 23
32 123 19
32 124 20
32 125 20
32 126 21
32 127 22
32 128 21
32 129 20
33 33 0
33 34 0
33 35 0
33 36 0
33 37 0
33 38 0
33 39 0
33 40 0
33 41 0
33 42 0
33 43 18
33 44 17
33 45 23
33 46 20
33 47 22
33 48 20
33 49 18
33 50 18
33 51 23
33 52 22
33 53 21
33 54 22
33 55 24
33 56 23
33 57 17
33 58 18
33 59 20
33 60 21
33 61 19
33 62 21
33 63 22
33 64 23
33 65 19
33 66 19
33 67 22
33 68 21
33 69 21
33 70 24
33 71 22
33 72 21
33 73 20
33 74 21
33 75 19
33 76 23
33 77 23
33 78 22
33 79 21
33 80 17
33 81 21
33 82 19
33 83 19
33 84 20
33 85 17
33 86 22
33 87 21
33 88 24
33 89 23
33 90 22
33 91 22
33 92 24
33 93 18
33 94 17
33 95 19
33 96 21
33 97 21
33 98 18
33 99 19
33 100 17
33 101 22
33 102 19
33 103 20
33 104 18
33 105 22
33 106 18
33 107 18
33 108 20
33 109 18
33 110 17
33 111 20
33 112 24
33 113 19
33 114 19
33 115 19
33 116 20
33 117 20
33 118 17
33 119 18
33 120 18
33 121 19
33 122 20
33 123 18
33 124 21
33 125 20
33 126 18
33 127 17
33 128 16
33 129 19
34 34 0
34 35 0
34 36 0
34 37 0
34 38 0
34 39 0
34 40 0
34 41 0
34 42 0
34 43 19
34 44 16
34 45 16
34 46 20
34 47 19
34 48 24
34 49 21
34 50 21
34 51 21
34 52 17
34 53 23
34 54 21
34 55 18
34 56 22
34 57 21
34 58 21
34 59 19
34 60 20
34 61 22
34 62 22
34 63 22
34 64 21
34 65 20
34 66 21
34 67 21
34 68 22
34 69 21
34 70 20
34 71 17
34 72 18
34 73 23
34 74 20
34 75 21
34 76 20
34 77 19
34 78 18
34 79 19
34 80 22
34 81 18
34 82 23
34 83 20
34 84 22
34 85 22
34 86 16
34 87 19
34 88 22
34 89 22
34 90 21
34 91 22
34 92 21
34 93 19
34 94 22
34 95 23
34 96 20
34 97 16
34 98 18
34 99 20
34 100 19
34 101 20
34 102 20
34 103 14
34 104 20
34 105 21
34 106 18
34 107 22
34 108 20
34 109 18
34 110 19
34 111 19
34 112 20
34 113 18
34 114 22
34 115 19
34 116 18
34 117 17
34 118 19
34 119 20
34 120 20
34 121 18
34 122 20
34 123 20
34 124 20
34 125 20
34 126 21
34 127 18
34 128 21
34 129 20
35 35 0
35 36 0
35 37 0
35 38 0
35 39 0
35 40 0
35 41 0
35 42 0
35 43 17
35 44 21
35 45 18
35 46 22
35 47 18
35 48 19
35 49 22
35 50 22
35 51 19
35 52 20
35 53 21
35 54 19
35 55 19
35 56 20
35 57 22
35 58 17
35 59 17
35 60 17
35 61 20
35 62 20
35 63 18
35 64 22
35 65 23
35 66 17
35 67 20
35 68 21
35 69 19
35 70 18
35 71 21
35 72 23
35 73 20
35 74 23
35 75 17
35 76 18
35 77 19
35 78 20
35 79 24
35 80 24
35 81 21
35 82 21
35 83 18
35 84 20
35 85 21
35 86 22
35 87 19
35 88 19
35 89 23
35 90 21
35 91 18
35 92 19
35 93 23
35 94 20
35 95 18
35 96 22
35 97 20
35 98 25
35 99 20
35 100 23
35 101 21
35 102 20
35 103 18
35 104 22
35 105 20
35 106 23
35 107 23
35 108 17
35 109 22
35 110 22
35 111 23
35 112 20
35 113 20
35 114 19
35 115 23
35 116 22
35 117 22
35 118 17
35 119 19
35 120 17
35 121 18
35 122 20
35 123 20
35 124 19
35 125 18
35 126 22
35 127 21
35 128 25
35 129 21
36 36 0
36 37 0
36 38 0
36 39 0
36 40 0
36 41 0
36 42 0
36 43 18
36 44 20
36 45 23
36 46 23
36 47 20
36 48 18
36 49 17
36 50 21
36 51 22
36 52 21
36 53 22
36 54 20
36 55 22
36 56 18
36 57 19
36 58 14
36 59 22
36 60 20
36 61 21
36 62 21
36 63 19
36 64 19
36 65 21
36 66 19
36 67 18
36 68 18
36 69 22
36 70 22
36 71 21
36 72 21
36 73 18
36 74 17
36 75 22
36 76 22
36 77 17
36 78 18
36 79 23
36 80 19
36 81 17
36 82 22
36 83 20
36 84 21
36 85 19
36 86 17
36 87 19
36 88 18
36 89 19
36 90 19
36 91 20
36 92 18
36 93 18
36 94 18
36 95 18
36 96 21
36 97 18
36 98 19
36 99 17
36 100 18
36 101 19
36 102 24
36 103 22
36 104 19
36 105 16
36 106 20
36 107 21
36 108 21
36 109 18
36 110 23
36 111 18
36 112 16
36 113 16
36 114 18
36 115 19
36 116 21
36 117 18
36 118 18
36 119 19
36 120 23
36 121 18
36 122 20
36 123 21
36 124 24
36 125 20
36 126 17
36 127 20
36 128 20
36 129 20
37 37 0
37 38 0
37 39 0
37 40 0
37 41 0
37 42 0
37 43 19
37 44 19
37 45 17
37 46 20
37 47 23
37 48 20
37 49 21
37 50 19
37 51 24
37 52 20
37 53 17
37 54 20
37 55 23
37 56 19
37 57 20
37 58 20
37 59 18
37 60 18
37 61 19
37 62 22
37 63 21
37 64 18
37 65 22
37 66 17
37 67 20
37 68 21
37 69 21
37 70 19
37 71 16
37 72 17
37 73 20
37 74 21
37 75 24
37 76 18
37 77 18
37 78 19
37 79 18
37 80 21
37 81 21
37 82 24
37 83 20
37 84 18
37 85 19
37 86 18
37 87 18
37 88 20
37 89 20
37 90 22
37 91 19
37 92 21
37 93 23
37 94 19
37 95 22
37 96 18
37 97 19
37 98 18
37 99 19
37 100 18
37 101 20
37 102 18
37 103 21
37 104 20
37 105 20
37 106 21
37 107 21
37 108 18
37 109 20
37 110 18
37 111 22
37 112 19
37 113 21
37 114 20
37 115 16
37 116 18
37 117 18
37 118 22
37 119 19
37 120 19
37 121 19
37 122 17
37 123 20
37 124 17
37 125 22
37 126 19
37 127 16
37 128 20
37 129 21
38 38 0
38 39 0
38 40 0
38 41 0
38 42 0
38 43 24
38 44 23
38 45 22
38 46 19
38 47 22
38 48 21
38 49 21
38 50 22
38 51 22
38 52 19
38 53 19
38 54 22
38 55 18
38 56 17
38 57 18
38 58 19
38 59 19
38 60 18
38 61 19
38 62 18
38 63 19
38 64 18
38 65 18
38 66 21
38 67 21
38 68 19
38 69 18
38 70 22
38 71 21
38 72 19
38 73 20
38 74 19
38 75 23
38 76 16
38 77 22
38 78 21
38 79 23
38 80 17
38 81 18
38 82 21
38 83 19
38 84 20
38 85 18
38 86 18
38 87 19
38 88 18
38 89 21
38 90 18
38 91 21
38 92 19
38 93 19
38 94 19
38 95 22
38 96 22
38 97 20
38 98 19
38 99 19
38 100 22
38 101 18
38 102 23
38 103 17
38 104 21
38 105 20
38 106 21
38 107 19
38 108 17
38 109 19
38 110 20
38 111 18
38 112 18
38 113 21
38 114 19
38 115 19
38 116 21
38 117 21
38 118 16
38 119 21
38 120 22
38 121 20
38 122 23
38 123 24
38 124 21
38 125 21
38 126 18
38 127 22
38 128 22
38 129 20
39 39 0
39 40 0
39 41 0
39 42 0
39 43 17
39 44 23
39 45 23
39 46 20
39 47 19
39 48 20
39 49 20
39 50 26
39 51 19
39 52 20
39 53 18
39 54 23
39 55 24
39 56 18
39 57 24
39 58 22
39 59 22
39 60 17
39 61 22
39 62 19
39 63 19
39 64 21
39 65 21
39 66 20
39 67 20
39 68 19
39 69 21
39 70 18
39 71 19
39 72 19
39 73 22
39 74 22
39 75 20
39 76 21
39 77 19
39 78 20
39 79 17
39 80 18
39 81 23
39 82 25
39 83 21
39 84 19
39 85 22
39 86 19
39 87 20
39 88 20
39 89 17
39 90 20
39 91 22
39 92 22
39 93 23
39 94 25
39 95 18
39 96 18
39 97 19
39 98 18
39 99 18
39 100 19
39 101 17
39 102 20
39 103 18
39 104 16
39 105 19
39 106 19
39 107 21
39 108 19
39 109 17
39 110 17
39 111 25
39 112 17
39 113 15
39 114 20
39 115 22
39 116 23
39 117 19
39 118 20
39 119 23
39 120 20
39 121 19
39 122 19
39 123 22
39 124 20
39 125 21
39 126 18
39 127 20
39 128 22
39 129 20
40 40 0
40 41 0
40 42 0
40 43 24
40 44 17
40 45 19
40 46 24
40 47 20
40 48 21
40 49 19
40 50 21
40 51 24
40 52 21
40 53 22
40 54 20
40 55 20
40 56 18
40 57 18
40 58 18
40 59 19
40 60 19
40 61 21
40 62 20
40 63 19
40 64 20
40 65 18
40 66 20
40 67 20
40 68 17
40 69 22
40 70 21
40 71 19
40 72 16
40 73 20
40 74 17
40 75 15
40 76 23
40 77 21
40 78 21
40 79 20
40 80 23
40 81 21
40 82 22
40 83 21
40 84 17
40 85 20
40 86 23
40 87 23
40 88 20
40 89 17
40 90 22
40 91 18
40 92 21
40 93 19
40 94 21
40 95 20
40 96 23
40 97 16
40 98 22
40 99 22
40 100 17
40 101 22
40 102 18
40 103 22
40 104 23
40 105 18
40 106 17
40 107 21
40 108 20
40 109 21
40 110 18
40 111 19
40 112 20
40 113 23
40 114 19
40 115 22
40 116 18
40 117 24
40 118 23
40 119 20
40 120 20
40 121 18
40 122 18
40 123 23
40 124 19
40 125 16
40 126 19
40 127 17
40 128 21
40 129 18
41 41 0
41 42 0
41 43 23
41 44 22
41 45 23
41 46 21
41 47 20
41 48 16
41 49 20
41 50 24
41 51 20
41 52 19
41 53 18
41 54 17
41 55 22
41 56 18
41 57 19
41 58 23
41 59 23
41 60 22
41 61 21
41 62 21
41 63 23
41 64 20
41 65 19
41 66 18
41 67 16
41 68 18
41 69 21
41 70 18
41 71 21
41 72 20
41 73 19
41 74 17
41 75 19
41 76 22
41 77 24
41 78 20
41 79 19
41 80 21
41 81 21
41 82 19
41 83 18
41 84 19
41 85 18
41 86 18
41 87 19
41 88 18
41 89 22
41 90 18
41 91 18
41 92 21
41 93 20
41 94 21
41 95 16
41 96 20
41 97 23
41 98 20
41 99 21
41 100 19
41 101 20
41 102 21
41 103 23
41 104 18
41 105 18
41 106 21
41 107 21
41 108 21
41 109 22
41 110 20
41 111 23
41 112 18
41 113 20
41 114 18
41 115 23
41 116 14
41 117 18
41 118 20
41 119 19
41 120 19
41 121 22
41 122 19
41 123 21
41 124 19
41 125 20
41 126 20
41 127 19
41 128 17
41 129 20
42 42 0
42 43 21
42 44 18
42 45 19
42 46 19
42 47 22
42 48 22
42 49 20
42 50 18
42 51 19
42 52 18
42 53 22
42 54 19
42 55 21
42 56 20
42 57 20
42 58 19
42 59 17
42 60 22
42 61 20
42 62 21
42 63 20
42 64 18
42 65 15
42 66 21
42 67 21
42 68 21
42 69 21
42 70 18
42 71 19
42 72 19
42 73 18
42 74 17
42 75 19
42 76 21
42 77 16
42 78 20
42 79 20
42 80 19
42 81 22
42 82 16
42 83 22
42 84 18
42 85 16
42 86 22
42 87 19
42 88 22
42 89 19
42 90 16
42 91 20
42 92 20
42 93 18
42 94 20
42 95 20
42 96 19
42 97 21
42 98 20
42 99 22
42 100 20
42 101 20
42 102 24
42 103 20
42 104 21
42 105 22
42 106 23
42 107 21
42 108 17
42 109 21
42 110 21
42 111 22
42 112 20
42 113 19
42 114 24
42 115 20
42 116 22
42 117 22
42 118 22
42 119 20
42 120 19
42 121 20
42 122 21
42 123 19
42 124 20
42 125 20
42 126 22
42 127 21
42 128 17
42 129 22
43 43 0
43 44 0
43 45 0
43 46 0
43 47 0
43 48 0
43 49 0
43 50 0
43 51 0
43 52 0
43 53 0
43 54 0
43 55 0
43 56 0
43 57 0
43 58 0
43 59 0
43 60 0
43 61 0
43 62 0
43 63 0
43 64 0
43 65 0
43 66 21
43 67 24
43 68 18
43 69 21
43 70 20
43 71 20
43 72 17
43 73 21
43 74 23
43 75 19
43 76 19
43 77 20
43 78 19
43 79 19
43 80 21
43 81 21
43 82 21
43 83 22
43 84 19
43 85 18
43 86 20
43 87 22
43 88 21
43 89 23
43 90 18
43 91 19
43 92 17
43 93 21
43 94 18
43 95 22
43 96 20
43 97 15
43 98 21
43 99 19
43 100 23
43 101 23
43 102 19
43 103 20
43 104 21
43 105 16
43 106 17
43 107 21
43 108 22
43 109 22
43 110 21
43 111 18
43 112 17
43 113 17
43 114 20
43 115 19
43 116 18
43 117 19
43 118 21
43 119 19
43 120 20
43 121 20
43 122 19
43 123 16
43 124 17
43 125 19
43 126 20
43 127 21
43 128 20
43 129 21
44 44 0
44 45 0
44 46 0
44 47 0
44 48 0
44 49 0
44 50 0
44 51 0
44 52 0
44 53 0
44 54 0
44 55 0
44 56 0
44 57 0
44 58 0
44 59 0
44 60 0
44 61 0
44 62 0
44 63 0
44 64 0
44 65 0
44 66 24
44 67 21
44 68 20
44 69 22
44 70 19
44 71 18
44 72 19
44 73 19
44 74 18
44 75 19
44 76 22
44 77 15
44 78 21
44 79 22
44 80 19
44 81 21
44 82 20
44 83 22
44 84 19
44 85 19
44 86 18
44 87 21
44 88 19
44 89 15
44 90 21
44 91 20
44 92 18
44 93 19
44 94 17
44 95 19
44 96 18
44 97 18
44 98 17
44 99 20
44 100 23
44 101 20
44 102 21
44 103 18
44 104 21
44 105 20
44 106 21
44 107 21
44 108 17
44 109 16
44 110 18
44 111 20
44 112 21
44 113 20
44 114 19
44 115 20
44 116 24
44 117 15
44 118 17
44 119 17
44 120 19
44 121 21
44 122 20
44 123 22
44 124 15
44 125 20
44 126 18
44 127 23
44 128 19
44 129 19
45 45 0
45 46 0
45 47 0
45 48 0
45 49 0
45 50 0
45 51 0
45 52 0
45 53 0
45 54 0
45 55 0
45 56 0
45 57 0
45 58 0
45 59 0
45 60 0
45 61 0
45 62 0
45 63 0
45 64 0
45 65 0
45 66 21
45 67 20
45 68 18
45 69 24
45 70 20
45 71 23
45 72 23
45 73 21
45 74 19
45 75 21
45 76 20
45 77 21
45 78 20
45 79 21
45 80 17
45 81 19
45 82 15
45 83 19
45 84 21
45 85 19
45 86 19
45 87 21
45 88 20
45 89 23
45 90 24
45 91 19
45 92 23
45 93 22
45 94 23
45 95 19
45 96 19
45 97 19
45 98 19
45 99 20
45 100 16
45 101 20
45 102 20
45 103 19
45 104 18
45 105 24
45 106 17
45 107 23
45 108 22
45 109 20
45 110 21
45 111 23
45 112 18
45 113 22
45 114 21
45 115 25
45 116 21
45 117 17
45 118 17
45 119 18
45 120 21
45 121 18
45 122 24
45 123 18
45 124 17
45 125 19
45 126 23
45 127 24
45 128 16
45 129 17
46 46 0
46 47 0
46 48 0
46 49 0
46 50 0
46 51 0
46 52 0
46 53 0
46 54 0
46 55 0
46 56 0
46 57 0
46 58 0
46 59 0
46 60 0
46 61 0
46 62 0
46 63 0
46 64 0
46 65 0
46 66 21
46 67 20
46 68 18
46 69 20
46 70 18
46 71 20
46 72 22
46 73 21
46 74 19
46 75 18
46 76 19
46 77 23
46 78 24
46 79 20
46 80 22
46 81 22
46 82 17
46 83 20
46 84 20
46 85 21
46 86 19
46 87 18
46 88 19
46 89 20
46 90 18
46 91 17
46 92 18
46 93 19
46 94 23
46 95 18
46 96 21
46 97 19
46 98 21
46 99 19
46 100 19
46 101 21
46 102 20
46 103 20
46 104 20
46 105 23
46 106 23
46 107 25
46 108 19
46 109 19
46 110 20
46 111 23
46 112 19
46 113 21
46 114 22
46 115 18
46 116 18
46 117 21
46 118 22
46 119 17
46 120 22
46 121 17
46 122 20
46 123 17
46 124 20
46 125 18
46 126 23
46 127 18
46 128 20
46 129 20
47 47 0
47 48 0
47 49 0
47 50 0
47 51 0
47 52 0
47 53 0
47 54 0
47 55 0
47 56 0
47 57 0
47 58 0
47 59 0
47 60 0
47 61 0
47 62 0
47 63 0
47 64 0
47 65 0
47 66 19
47 67 20
47 68 21
47 69 23
47 70 21
47 71 15
47 72 19
47 73 22
47 74 20
47 75 25
47 76 17
47 77 20
47 78 16
47 79 21
47 80 23
47 81 24
47 82 19
47 83 20
47 84 17
47 85 20
47 86 19
47 87 25
47 88 21
47 89 19
47 90 19
47 91 19
47 92 19
47 93 20
47 94 21
47 95 19
47 96 18
47 97 21
47 98 21
47 99 20
47 100 19
47 101 20
47 102 21
47 103 22
47 104 17
47 105 20
47 106 25
47 107 20
47 108 17
47 109 19
47 110 20
47 111 24
47 112 20
47 113 20
47 114 22
47 115 16
47 116 15
47 117 21
47 118 21
47 119 23
47 120 16
47 121 21
47 122 18
47 123 19
47 124 22
47 125 19
47 126 20
47 127 21
47 128 21
47 129 20
48 48 0
48 49 0
48 50 0
48 51 0
48 52 0
48 53 0
48 54 0
48 55 0
48 56 0
48 57 0
48 58 0
48 59 0
48 60 0
48 61 0
48 62 0
48 63 0
48 64 0
48 65 0
48 66 21
48 67 19
48 68 21
48 69 20
48 70 19
48 71 20
48 72 18
48 73 20
48 74 23
48 75 21
48 76 17
48 77 21
48 78 16
48 79 22
48 80 19
48 81 20
48 82 20
48 83 23
48 84 25
48 85 17
48 86 17
48 87 24
48 88 18
48 89 17
48 90 18
48 91 20
48 92 19
48 93 20
48 94 19
48 95 21
48 96 20
48 97 17
48 98 20
48 99 23
48 100 19
48 101 20
48 102 21
48 103 20
48 104 19
48 105 18
48 106 20
48 107 19
48 108 18
48 109 21
48 110 22
48 111 20
48 112 19
48 113 18
48 114 21
48 115 21
48 116 19
48 117 21
48 118 18
48 119 21
48 120 19
48 121 21
48 122 22
48 123 18
48 124 18
48 125 19
48 126 15
48 127 21
48 128 19
48 129 24
49 49 0
49 50 0
49 51 0
49 52 0
49 53 0
49 54 0
49 55 0
49 56 0
49 57 0
49 58 0
49 59 0
49 60 0
49 61 0
49 62 0
49 63 0
49 64 0
49 65 0
49 66 21
49 67 22
49 68 20
49 69 20
49 70 24
49 71 20
49 72 19
49 73 18
49 74 19
49 75 20
49 76 19
49 77 22
49 78 23
49 79 19
49 80 20
49 81 20
49 82 21
49 83 21
49 84 19
49 85 21
49 86 25
49 87 19
49 88 23
49 89 18
49 90 18
49 91 21
49 92 24
49 93 19
49 94 21
49 95 19
49 96 20
49 97 26
49 98 20
49 99 19
49 100 21
49 101 21
49 102 21
49 103 19
49 104 21
49 105 18
49 106 22
49 107 19
49 108 21
49 109 21
49 110 22
49 111 22
49 112 19
49 113 20
49 114 21
49 115 16
49 116 19
49 117 19
49 118 19
49 119 22
49 120 19
49 121 20
49 122 17
49 123 23
49 124 23
49 125 22
49 126 19
49 127 21
49 128 19
49 129 23
50 50 0
50 51 0
50 52 0
50 53 0
50 54 0
50 55 0
50 56 0
50 57 0
50 58 0
50 59 0
50 60 0
50 61 0
50 62 0
50 63 0
50 64 0
50 65 0
50 66 23
50 67 24
50 68 23
50 69 18
50 70 23
50 71 19
50 72 18
50 73 24
50 74 20
50 75 16
50 76 20
50 77 18
50 78 20
50 79 19
50 80 17
50 81 21
50 82 22
50 83 22
50 84 20
50 85 22
50 86 21
50 87 22
50 88 20
50 89 22
50 90 17
50 91 20
50 92 21
50 93 24
50 94 20
50 95 21
50 96 17
50 97 23
50 98 20
50 99 17
50 100 20
50 101 23
50 102 18
50 103 22
50 104 21
50 105 19
50 106 18
50 107 20
50 108 20
50 109 23
50 110 23
50 111 20
50 112 23
50 113 20
50 114 20
50 115 23
50 116 19
50 117 19
50 118 15
50 119 21
50 120 23
50 121 17
50 122 18
50 123 19
50 124 21
50 125 22
50 126 20
50 127 20
50 128 21
50 129 22
51 51 0
51 52 0
51 53 0
51 54 0
51 55 0
51 56 0
51 57 0
51 58 0
51 59 0
51 60 0
51 61 0
51 62 0
51 63 0
51 64 0
51 65 0
51 66 21
51 67 17
51 68 21
51 69 22
51 70 19
51 71 17
51 72 17
51 73 21
51 74 20
51 75 18
51 76 19
51 77 21
51 78 21
51 79 18
51 80 19
51 81 22
51 82 21
51 83 20
51 84 21
51 85 20
51 86 24
51 87 17
51 88 19
51 89 21
51 90 20
51 91 19
51 92 20
51 93 20
51 94 20
51 95 21
51 96 19
51 97 20
51 98 16
51 99 19
51 100 21
51 101 20
51 102 24
51 103 20
51 104 22
51 105 21
51 106 18
51 107 24
51 108 20
51 109 23
51 110 19
51 111 19
51 112 17
51 113 20
51 114 17
51 115 20
51 116 25
51 117 20
51 118 20
51 119 21
51 120 18
51 121 19
51 122 21
51 123 18
51 124 21
51 125 21
51 126 23
51 127 22
51 128 20
51 129 21
52 52 0
52 53 0
52 54 0
52 55 0
52 56 0
52 57 0
52 58 0
52 59 0
52 60 0
52 61 0
52 62 0
52 63 0
52 64 0
52 65 0
52 66 22
52 67 21
52 68 18
52 69 23
52 70 23
52 71 17
52 72 17
52 73 18
52 74 20
52 75 20
52 76 23
52 77 17
52 78 22
52 79 22
52 80 18
52 81 19
52 82 20
52 83 22
52 84 21
52 85 17
52 86 18
52 87 21
52 88 21
52 89 21
52 90 22
52 91 20
52 92 19
52 93 24
52 94 23
52 95 22
52 96 22
52 97 22
52 98 20
52 99 20
52 100 20
52 101 21
52 102 17
52 103 20
52 104 22
52 105 21
52 106 21
52 107 19
52 108 22
52 109 20
52 110 19
52 111 19
52 112 21
52 113 18
52 114 21
52 115 20
52 116 22
52 117 21
52 118 21
52 119 21
52 120 17
52 121 20
52 122 20
52 123 21
52 124 20
52 125 19
52 126 22
52 127 14
52 128 25
52 129 16
53 53 0
53 54 0
53 55 0
53 56 0
53 57 0
53 58 0
53 59 0
53 60 0
53 61 0
53 62 0
53 63 0
53 64 0
53 65 0
53 66 18
53 67 23
53 68 20
53 69 21
53 70 20
53 71 18
53 72 23
53 73 24
53 74 19
53 75 19
53 76 18
53 77 21
53 78 19
53 79 20
53 80 18
53 81 15
53 82 22
53 83 21
53 84 17
53 85 23
53 86 20
53 87 17
53 88 24
53 89 23
53 90 18
53 91 18
53 92 19
53 93 18
53 94 20
53 95 19
53 96 18
53 97 20
53 98 19
53 99 17
53 100 21
53 101 22
53 102 23
53 103 19
53 104 20
53 105 21
53 106 20
53 107 22
53 108 21
53 109 22
53 110 23
53 111 19
53 112 21
53 113 19
53 114 23
53 115 24
53 116 18
53 117 21
53 118 18
53 119 22
53 120 17
53 121 20
53 122 20
53 123 21
53 124 23
53 125 16
53 126 20
53 127 19
53 128 20
53 129 20
54 54 0
54 55 0
54 56 0
54 57 0
54 58 0
54 59 0
54 60 0
54 61 0
54 62 0
54 63 0
54 64 0
54 65 0
54 66 20
54 67 21
54 68 22
54 69 17
54 70 19
54 71 19
54 72 18
54 73 16
54 74 19
54 75 19
54 76 20
54 77 20
54 78 22
54 79 20
54 80 21
54 81 17
54 82 21
54 83 20
54 84 16
54 85 24
54 86 20
54 87 22
54 88 22
54 89 19
54 90 20
54 91 19
54 92 22
54 93 21
54 94 22
54 95 18
54 96 22
54 97 19
54 98 16
54 99 22
54 100 19
54 101 20
54 102 20
54 103 16
54 104 21
54 105 19
54 106 22
54 107 20
54 108 21
54 109 21
54 110 20
54 111 16
54 112 20
54 113 22
54 114 21
54 115 17
54 116 22
54 117 21
54 118 21
54 119 20
54 120 19
54 121 17
54 122 19
54 123 18
54 124 23
54 125 20
54 126 21
54 127 18
54 128 17
54 129 18
55 55 0
55 56 0
55 57 0
55 58 0
55 59 0
55 60 0
55 61 0
55 62 0
55 63 0
55 64 0
55 65 0
55 66 21
55 67 23
55 68 19
55 69 19
55 70 18
55 71 20
55 72 16
55 73 17
55 74 21
55 75 20
55 76 17
55 77 18
55 78 22
55 79 23
55 80 22
55 81 19
55 82 20
55 83 21
55 84 21
55 85 19
55 86 18
55 87 19
55 88 21
55 89 17
55 90 20
55 91 23
55 92 20
55 93 15
55 94 20
55 95 19
55 96 21
55 97 19
55 98 17
55 99 21
55 100 20
55 101 19
55 102 19
55 103 21
55 104 23
55 105 18
55 106 26
55 107 20
55 108 19
55 109 18
55 110 16
55 111 21
55 112 24
55 113 20
55 114 22
55 115 21
55 116 18
55 117 19
55 118 19
55 119 23
55 120 20
55 121 19
55 122 24
55 123 19
55 124 21
55 125 21
55 126 23
55 127 20
55 128 18
55 129 24
56 56 0
56 57 0
56 58 0
56 59 0
56 60 0
56 61 0
56 62 0
56 63 0
56 64 0
56 65 0
56 66 21
56 67 23
56 68 14
56 69 17
56 70 20
56 71 16
56 72 22
56 73 17
56 74 20
56 75 21
56 76 21
56 77 22
56 78 19
56 79 21
56 80 20
56 81 17
56 82 21
56 83 22
56 84 18
56 85 20
56 86 19
56 87 17
56 88 18
56 89 18
56 90 21
56 91 24
56 92 16
56 93 23
56 94 18
56 95 26
56 96 21
56 97 20
56 98 23
56 99 22
56 100 19
56 101 17
56 102 21
56 103 16
56 104 19
56 105 25
56 106 21
56 107 20
56 108 21
56 109 23
56 110 20
56 111 21
56 112 19
56 113 17
56 114 20
56 115 21
56 116 19
56 117 19
56 118 23
56 119 20
56 120 22
56 121 19
56 122 23
56 123 20
56 124 20
56 125 22
56 126 18
56 127 22
56 128 20
56 129 22
57 57 0
57 58 0
57 59 0
57 60 0
57 61 0
57 62 0
57 63 0
57 64 0
57 65 0
57 66 18
57 67 22
57 68 18
57 69 22
57 70 19
57 71 21
57 72 22
57 73 19
57 74 18
57 75 21
57 76 22
57 77 17
57 78 18
57 79 17
57 80 21
57 81 21
57 82 20
57 83 23
57 84 22
57 85 22
57 86 17
57 87 19
57 88 19
57 89 22
57 90 21
57 91 14
57 92 21
57 93 21
57 94 20
57 95 20
57 96 18
57 97 20
57 98 19
57 99 19
57 100 22
57 101 18
57 102 19
57 103 20
57 104 20
57 105 22
57 106 18
57 107 21
57 108 20
57 109 20
57 110 19
57 111 18
57 112 19
57 113 20
57 114 23
57 115 16
57 116 21
57 117 17
57 118 23
57 119 21
57 120 22
57 121 17
57 122 20
57 123 23
57 124 22
57 125 21
57 126 21
57 127 24
57 128 21
57 129 16
58 58 0
58 59 0
58 60 0
58 61 0
58 62 0
58 63 0
58 64 0
58 65 0
58 66 18
58 67 18
58 68 20
58 69 18
58 70 20
58 71 19
58 72 18
58 73 19
58 74 20
58 75 22
58 76 22
58 77 19
58 78 19
58 79 17
58 80 22
58 81 20
58 82 18
58 83 22
58 84 24
58 85 23
58 86 20
58 87 19
58 88 22
58 89 18
58 90 18
58 91 19
58 92 21
58 93 24
58 94 22
58 95 17
58 96 23
58 97 17
58 98 20
58 99 18
58 100 19
58 101 17
58 102 23
58 103 19
58 104 20
58 105 20
58 106 21
58 107 19
58 108 23
58 109 22
58 110 21
58 111 20
58 112 22
58 113 20
58 114 17
58 115 20
58 116 19
58 117 16
58 118 20
58 119 21
58 120 22
58 121 19
58 122 21
58 123 25
58 124 19
58 125 20
58 126 17
58 127 19
58 128 17
58 129 23
59 59 0
59 60 0
59 61 0
59 62 0
59 63 0
59 64 0
59 65 0
59 66 20
59 67 21
59 68 21
59 69 23
59 70 18
59 71 14
59 72 20
59 73 20
59 74 23
59 75 23
59 76 20
59 77 18
59 78 21
59 79 21
59 80 18
59 81 20
59 82 17
59 83 19
59 84 20
59 85 20
59 86 17
59 87 21
59 88 18
59 89 18
59 90 20
59 91 21
59 92 24
59 93 19
59 94 17
59 95 21
59 96 20
59 97 22
59 98 21
59 99 19
59 100 23
59 101 19
59 102 19
59 103 21
59 104 18
59 105 19
59 106 19
59 107 18
59 108 19
59 109 20
59 110 20
59 111 14
59 112 23
59 113 23
59 114 21
59 115 17
59 116 22
59 117 19
59 118 20
59 119 20
59 120 19
59 121 19
59 122 16
59 123 18
59 124 23
59 125 18
59 126 22
59 127 21
59 128 19
59 129 18
60 60 0
60 61 0
60 62 0
60 63 0
60 64 0
60 65 0
60 66 23
60 67 19
60 68 18
60 69 22
60 70 21
60 71 21
60 72 21
60 73 18
60 74 18
60 75 22
60 76 22
60 77 18
60 78 21
60 79 19
60 80 19
60 81 21
60 82 19
60 83 19
60 84 19
60 85 22
60 86 22
60 87 21
60 88 23
60 89 23
60 90 18
60 91 18
60 92 23
60 93 21
60 94 20
60 95 20
60 96 19
60 97 25
60 98 23
60 99 20
60 100 21
60 101 20
60 102 18
60 103 16
60 104 22
60 105 19
60 106 20
60 107 19
60 108 23
60 109 19
60 110 21
60 111 19
60 112 18
60 113 19
60 114 20
60 115 20
60 116 19
60 117 24
60 118 21
60 119 23
60 120 20
60 121 22
60 122 21
60 123 19
60 124 20
60 125 24
60 126 19
60 127 21
60 128 19
60 129 16
61 61 0
61 62 0
61 63 0
61 64 0
61 65 0
61 66 19
61 67 18
61 68 20
61 69 18
61 70 19
61 71 23
61 72 22
61 73 19
61 74 23
61 75 21
61 76 16
61 77 21
61 78 20
61 79 17
61 80 17
61 81 19
61 82 21
61 83 19
61 84 20
61 85 21
61 86 17
61 87 21
61 88 19
61 89 20
61 90 23
61 91 17
61 92 21
61 93 19
61 94 19
61 95 18
61 96 17
61 97 17
61 98 22
61 99 18
61 100 21
61 101 21
61 102 18
61 103 17
61 104 22
61 105 20
61 106 19
61 107 20
61 108 14
61 109 20
61 110 20
61 111 19
61 112 20
61 113 21
61 114 18
61 115 20
61 116 18
61 117 18
61 118 20
61 119 18
61 120 19
61 121 18
61 122 24
61 123 20
61 124 21
61 125 19
61 126 19
61 127 20
61 128 18
61 129 19
62 62 0
62 63 0
62 64 0
62 65 0
62 66 20
62 67 21
62 68 19
62 69 23
62 70 24
62 71 19
62 72 19
62 73 18
62 74 17
62 75 20
62 76 18
62 77 20
62 78 21
62 79 22
62 80 19
62 81 20
62 82 20
62 83 21
62 84 21
62 85 25
62 86 18
62 87 21
62 88 18
62 89 19
62 90 21
62 91 19
62 92 17
62 93 18
62 94 18
62 95 21
62 96 22
62 97 20
62 98 20
62 99 18
62 100 20
62 101 19
62 102 23
62 103 18
62 104 24
62 105 20
62 106 18
62 107 20
62 108 19
62 109 21
62 110 18
62 111 16
62 112 17
62 113 18
62 114 22
62 115 19
62 116 21
62 117 22
62 118 19
62 119 24
62 120 20
62 121 17
62 122 21
62 123 21
62 124 22
62 125 20
62 126 22
62 127 23
62 128 23
62 129 19
63 63 0
63 64 0
63 65 0
63 66 19
63 67 21
63 68 23
63 69 21
63 70 19
63 71 18
63 72 25
63 73 19
63 74 21
63 75 23
63 76 19
63 77 22
63 78 17
63 79 18
63 80 22
63 81 16
63 82 18
63 83 18
63 84 19
63 85 20
63 86 23
63 87 20
63 88 20
63 89 22
63 90 22
63 91 22
63 92 21
63 93 18
63 94 19
63 95 20
63 96 19
63 97 22
63 98 23
63 99 19
63 100 19
63 101 19
63 102 20
63 103 21
63 104 17
63 105 18
63 106 20
63 107 15
63 108 19
63 109 18
63 110 22
63 111 18
63 112 18
63 113 19
63 114 17
63 115 18
63 116 20
63 117 21
63 118 21
63 119 22
63 120 20
63 121 22
63 122 17
63 123 24
63 124 21
63 125 22
63 126 17
63 127 19
63 128 22
63 129 21
64 64 0
64 65 0
64 66 22
64 67 22
64 68 20
64 69 20
64 70 20
64 71 22
64 72 21
64 73 20
64 74 20
64 75 22
64 76 21
64 77 18
64 78 21
64 79 19
64 80 18
64 81 23
64 82 20
64 83 18
64 84 21
64 85 19
64 86 25
64 87 19
64 88 17
64 89 19
64 90 19
64 91 22
64 92 20
64 93 20
64 94 18
64 95 21
64 96 20
64 97 22
64 98 18
64 99 19
64 100 20
64 101 21
64 102 22
64 103 22
64 104 17
64 105 23
64 106 20
64 107 16
64 108 20
64 109 22
64 110 21
64 111 21
64 112 20
64 113 24
64 114 22
64 115 20
64 116 20
64 117 21
64 118 20
64 119 20
64 120 18
64 121 20
64 122 20
64 123 18
64 124 19
64 125 19
64 126 20
64 127 18
64 128 19
64 129 25
65 65 0
65 66 18
65 67 19
65 68 17
65 69 19
65 70 21
65 71 18
65 72 18
65 73 16
65 74 20
65 75 20
65 76 16
65 77 24
65 78 22
65 79 17
65 80 20
65 81 18
65 82 19
65 83 20
65 84 23
65 85 22
65 86 23
65 87 21
65 88 22
65 89 22
65 90 23
65 91 22
65 92 20
65 93 21
65 94 21
65 95 19
65 96 19
65 97 19
65 98 20
65 99 19
65 100 20
65 101 21
65 102 23
65 103 19
65 104 23
65 105 19
65 106 16
65 107 19
65 108 21
65 109 19
65 110 20
65 111 22
65 112 23
65 113 23
65 114 21
65 115 20
65 116 19
65 117 19
65 118 17
65 119 22
65 120 22
65 121 19
65 122 15
65 123 21
65 124 18
65 125 19
65 126 20
65 127 20
65 128 17
65 129 21
66 66 0
66 67 0
66 68 0
66 69 0
66 70 0
66 71 0
66 72 0
66 73 0
66 74 0
66 75 0
66 76 0
66 77 0
66 78 0
66 79 0
66 80 0
66 81 0
66 82 0
66 83 0
66 84 0
66 85 0
66 86 0
66 87 0
66 88 0
66 89 0
66 90 0
66 91 0
66 92 0
66 93 0
66 94 0
66 95 0
66 96 0
66 97 0
66 98 0
66 99 0
66 100 0
66 101 0
66 102 0
66 103 0
66 104 0
66 105 0
66 106 0
66 107 0
66 108 0
66 109 0
66 110 0
66 111 0
66 112 0
66 113 22
66 114 22
66 115 20
66 116 24
66 117 21
66 118 21
66 119 21
66 120 19
66 121 18
66 122 20
66 123 22
66 124 21
66 125 18
66 126 21
66 127 19
66 128 18
66 129 21
67 67 0
67 68 0
67 69 0
67 70 0
67 71 0
67 72 0
67 73 0
67 74 0
67 75 0
67 76 0
67 77 0
67 78 0
67 79 0
67 80 0
67 81 0
67 82 0
67 83 0
67 84 0
67 85 0
67 86 0
67 87 0
67 88 0
67 89 0
67 90 0
67 91 0
67 92 0
67 93 0
67 94 0
67 95 0
67 96 0
67 97 0
67 98 0
67 99 0
67 100 0
67 101 0
67 102 0
67 103 0
67 104 0
67 105 0
67 106 0
67 107 0
67 108 0
67 109 0
67 110 0
67 111 0
67 112 0
67 113 17
67 114 23
67 115 17
67 116 20
67 117 21
67 118 20
67 119 22
67 120 19
67 121 19
67 122 21
67 123 22
67 124 16
67 125 20
67 126 21
67 127 20
67 128 19
67 129 19
68 68 0
68 69 0
68 70 0
68 71 0
68 72 0
68 73 0
68 74 0
68 75 0
68 76 0
68 77 0
68 78 0
68 79 0
68 80 0
68 81 0
68 82 0
68 83 0
68 84 0
68 85 0
68 86 0
68 87 0
68 88 0
68 89 0
68 90 0
68 91 0
68 92 0
68 93 0
68 94 0
68 95 0
68 96 0
68 97 0
68 98 0
68 99 0
68 100 0
68 101 0
68 102 0
68 103 0
68 104 0
68 105 0
68 106 0
68 107 0
68 108 0
68 109 0
68 110 0
68 111 0
68 112 0
68 113 22
68 114 21
68 115 25
68 116 22
68 117 20
68 118 20
68 119 20
68 120 18
68 121 22
68 122 19
68 123 18
68 124 19
68 125 17
68 126 16
68 127 21
68 128 18
68 129 19
69 69 0
69 70 0
69 71 0
69 72 0
69 73 0
69 74 0
69 75 0
69 76 0
69 77 0
69 78 0
69 79 0
69 80 0
69 81 0
69 82 0
69 83 0
69 84 0
69 85 0
69 86 0
69 87 0
69 88 0
69 89 0
69 90 0
69 91 0
69 92 0
69 93 0
69 94 0
69 95 0
69 96 0
69 97 0
69 98 0
69 99 0
69 100 0
69 101 0
69 102 0
69 103 0
69 104 0
69 105 0
69 106 0
69 107 0
69 108 0
69 109 0
69 110 0
69 111 0
69 112 0
69 113 14
69 114 21
69 115 21
69 116 22
69 117 22
69 118 22
69 119 20
69 120 22
69 121 19
69 122 18
69 123 22
69 124 20
69 125 17
69 126 20
69 127 18
69 128 23
69 129 19
70 70 0
70 71 0
70 72 0
70 73 0
70 74 0
70 75 0
70 76 0
70 77 0
70 78 0
70 79 0
70 80 0
70 81 0
70 82 0
70 83 0
70 84 0
70 85 0
70 86 0
70 87 0
70 88 0
70 89 0
70 90 0
70 91 0
70 92 0
70 93 0
70 94 0
70 95 0
70 96 0
70 97 0
70 98 0
70 99 0
70 100 0
70 101 0
70 102 0
70 103 0
70 104 0
70 105 0
70 106 0
70 107 0
70 108 0
70 109 0
70 110 0
70 111 0
70 112 0
70 113 24
70 114 20
70 115 21
70 116 24
70 117 21
70 118 22
70 119 22
70 120 21
70 121 21
70 122 23
70 123 16
70 124 20
70 125 20
70 126 21
70 127 22
70 128 20
70 129 14
71 71 0
71 72 0
71 73 0
71 74 0
71 75 0
71 76 0
71 77 0
71 78 0
71 79 0
71 80 0
71 81 0
71 82 0
71 83 0
71 84 0
71 85 0
71 86 0
71 87 0
71 88 0
71 89 0
71 90 0
71 91 0
71 92 0
71 93 0
71 94 0
71 95 0
71 96 0
71 97 0
71 98 0
71 99 0
71 100 0
71 101 0
71 102 0
71 103 0
71 104 0
71 105 0
71 106 0
71 107 0
71 108 0
71 109 0
71 110 0
71 111 0
71 112 0
71 113 20
71 114 24
71 115 19
71 116 20
71 117 24
71 118 23
71 119 20
71 120 24
71 121 21
71 122 21
71 123 20
71 124 20
71 125 18
71 126 24
71 127 19
71 128 27
71 129 19
72 72 0
72 73 0
72 74 0
72 75 0
72 76 0
72 77 0
72 78 0
72 79 0
72 80 0
72 81 0
72 82 0
72 83 0
72 84 0
72 85 0
72 86 0
72 87 0
72 88 0
72 89 0
72 90 0
72 91 0
72 92 0
72 93 0
72 94 0
72 95 0
72 96 0
72 97 0
72 98 0
72 99 0
72 100 0
72 101 0
72 102 0
72 103 0
72 104 0
72 105 0
72 106 0
72 107 0
72 108 0
72 109 0
72 110 0
72 111 0
72 112 0
72 113 20
72 114 16
72 115 17
72 116 25
72 117 20
72 118 20
72 119 17
72 120 23
72 121 21
72 122 17
72 123 19
72 124 21
72 125 18
72 126 18
72 127 25
72 128 22
72 129 21
73 73 0
73 74 0
73 75 0
73 76 0
73 77 0
73 78 0
73 79 0
73 80 0
73 81 0
73 82 0
73 83 0
73 84 0
73 85 0
73 86 0
73 87 0
73 88 0
73 89 0
73 90 0
73 91 0
73 92 0
73 93 0
73 94 0
73 95 0
73 96 0
73 97 0
73 98 0
73 99 0
73 100 0
73 101 0
73 102 0
73 103 0
73 104 0
73 105 0
73 106 0
73 107 0
73 108 0
73 109 0
73 110 0
73 111 0
73 112 0
73 113 16
73 114 19
73 115 22
73 116 20
73 117 22
73 118 21
73 119 18
73 120 19
73 121 21
73 122 21
73 123 19
73 124 24
73 125 18
73 126 19
73 127 20
73 128 21
73 129 19
74 74 0
74 75 0
74 76 0
74 77 0
74 78 0
74 79 0
74 80 0
74 81 0
74 82 0
74 83 0
74 84 0
74 85 0
74 86 0
74 87 0
74 88 0
74 89 0
74 90 0
74 91 0
74 92 0
74 93 0
74 94 0
74 95 0
74 96 0
74 97 0
74 98 0
74 99 0
74 100 0
74 101 0
74 102 0
74 103 0
74 104 0
74 105 0
74 106 0
74 107 0
74 108 0
74 109 0
74 110 0
74 111 0
74 112 0
74 113 20
74 114 20
74 115 17
74 116 24
74 117 20
74 118 21
74 119 22
74 120 18
74 121 19
74 122 20
74 123 23
74 124 18
74 125 22
74 126 21
74 127 18
74 128 19
74 129 21
75 75 0
75 76 0
75 77 0
75 78 0
75 79 0
75 80 0
75 81 0
75 82 0
75 83 0
75 84 0
75 85 0
75 86 0
75 87 0
75 88 0
75 89 0
75 90 0
75 91 0
75 92 0
75 93 0
75 94 0
75 95 0
75 96 0
75 97 0
75 98 0
75 99 0
75 100 0
75 101 0
75 102 0
75 103 0
75 104 0
75 105 0
75 106 0
75 107 0
75 108 0
75 109 0
75 110 0
75 111 0
75 112 0
75 113 15
75 114 22
75 115 23
75 116 21
75 117 18
75 118 20
75 119 22
75 120 20
75 121 19
75 122 22
75 123 18
75 124 17
75 125 19
75 126 22
75 127 22
75 128 22
75 129 19
76 76 0
76 77 0
76 78 0
76 79 0
76 80 0
76 81 0
76 82 0
76 83 0
76 84 0
76 85 0
76 86 0
76 87 0
76 88 0
76 89 0
76 90 0
76 91 0
76 92 0
76 93 0
76 94 0
76 95 0
76 96 0
76 97 0
76 98 0
76 99 0
76 100 0
76 101 0
76 102 0
76 103 0
76 104 0
76 105 0
76 106 0
76 107 0
76 108 0
76 109 0
76 110 0
76 111 0
76 112 0
76 113 20
76 114 23
76 115 20
76 116 24
76 117 18
76 118 19
76 119 21
76 120 21
76 121 21
76 122 23
76 123 21
76 124 18
76 125 22
76 126 21
76 127 19
76 128 17
76 129 20
77 77 0
77 78 0
77 79 0
77 80 0
77 81 0
77 82 0
77 83 0
77 84 0
77 85 0
77 86 0
77 87 0
77 88 0
77 89 0
77 90 0
77 91 0
77 92 0
77 93 0
77 94 0
77 95 0
77 96 0
77 97 0
77 98 0
77 99 0
77 100 0
77 101 0
77 102 0
77 103 0
77 104 0
77 105 0
77 106 0
77 107 0
77 108 0
77 109 0
77 110 0
77 111 0
77 112 0
77 113 16
77 114 23
77 115 19
77 116 21
77 117 21
77 118 16
77 119 20
77 120 19
77 121 21
77 122 19
77 123 23
77 124 17
77 125 18
77 126 18
77 127 20
77 128 18
77 129 18
78 78 0
78 79 0
78 80 0
78 81 0
78 82 0
78 83 0
78 84 0
78 85 0
78 86 0
78 87 0
78 88 0
78 89 0
78 90 0
78 91 0
78 92 0
78 93 0
78 94 0
78 95 0
78 96 0
78 97 0
78 98 0
78 99 0
78 100 0
78 101 0
78 102 0
78 103 0
78 104 0
78 105 0
78 106 0
78 107 0
78 108 0
78 109 0
78 110 0
78 111 0
78 112 0
78 113 19
78 114 16
78 115 24
78 116 16
78 117 21
78 118 17
78 119 23
78 120 18
78 121 18
78 122 20
78 123 20
78 124 21
78 125 17
78 126 21
78 127 20
78 128 24
78 129 22
79 79 0
79 80 0
79 81 0
79 82 0
79 83 0
79 84 0
79 85 0
79 86 0
79 87 0
79 88 0
79 89 0
79 90 0
79 91 0
79 92 0
79 93 0
79 94 0
79 95 0
79 96 0
79 97 0
79 98 0
79 99 0
79 100 0
79 101 0
79 102 0
79 103 0
79 104 0
79 105 0
79 106 0
79 107 0
79 108 0
79 109 0
79 110 0
79 111 0
79 112 0
79 113 24
79 114 22
79 115 18
79 116 18
79 117 19
79 118 20
79 119 23
79 120 16
79 121 20
79 122 19
79 123 21
79 124 19
79 125 20
79 126 18
79 127 16
79 128 17
79 129 20
80 80 0
80 81 0
80 82 0
80 83 0
80 84 0
80 85 0
80 86 0
80 87 0
80 88 0
80 89 0
80 90 0
80 91 0
80 92 0
80 93 0
80 94 0
80 95 0
80 96 0
80 97 0
80 98 0
80 99 0
80 100 0
80 101 0
80 102 0
80 103 0
80 104 0
80 105 0
80 106 0
80 107 0
80 108 0
80 109 0
80 110 0
80 111 0
80 112 0
80 113 22
80 114 22
80 115 22
80 116 19
80 117 17
80 118 22
80 119 19
80 120 20
80 121 21
80 122 20
80 123 21
80 124 19
80 125 20
80 126 21
80 127 22
80 128 18
80 129 22
81 81 0
81 82 0
81 83 0
81 84 0
81 85 0
81 86 0
81 87 0
81 88 0
81 89 0
81 90 0
81 91 0
81 92 0
81 93 0
81 94 0
81 95 0
81 96 0
81 97 0
81 98 0
81 99 0
81 100 0
81 101 0
81 102 0
81 103 0
81 104 0
81 105 0
81 106 0
81 107 0
81 108 0
81 109 0
81 110 0
81 111 0
81 112 0
81 113 19
81 114 22
81 115 23
81 116 21
81 117 20
81 118 20
81 119 20
81 120 22
81 121 18
81 122 17
81 123 20
81 124 17
81 125 16
81 126 17
81 127 21
81 128 19
81 129 22
82 82 0
82 83 0
82 84 0
82 85 0
82 86 0
82 87 0
82 88 0
82 89 0
82 90 0
82 91 0
82 92 0
82 93 0
82 94 0
82 95 0
82 96 0
82 97 0
82 98 0
82 99 0
82 100 0
82 101 0
82 102 0
82 103 0
82 104 0
82 105 0
82 106 0
82 107 0
82 108 0
82 109 0
82 110 0
82 111 0
82 112 0
82 113 23
82 114 17
82 115 20
82 116 23
82 117 20
82 118 22
82 119 21
82 120 19
82 121 24
82 122 18
82 123 21
82 124 21
82 125 25
82 126 24
82 127 22
82 128 22
82 129 18
83 83 0
83 84 0
83 85 0
83 86 0
83 87 0
83 88 0
83 89 0
83 90 0
83 91 0
83 92 0
83 93 0
83 94 0
83 95 0
83 96 0
83 97 0
83 98 0
83 99 0
83 100 0
83 101 0
83 102 0
83 103 0
83 104 0
83 105 0
83 106 0
83 107 0
83 108 0
83 109 0
83 110 0
83 111 0
83 112 0
83 113 18
83 114 19
83 115 21
83 116 17
83 117 19
83 118 19
83 119 19
83 120 21
83 121 18
83 122 19
83 123 20
83 124 22
83 125 22
83 126 22
83 127 20
83 128 21
83 129 22
84 84 0
84 85 0
84 86 0
84 87 0
84 88 0
84 89 0
84 90 0
84 91 0
84 92 0
84 93 0
84 94 0
84 95 0
84 96 0
84 97 0
84 98 0
84 99 0
84 100 0
84 101 0
84 102 0
84 103 0
84 104 0
84 105 0
84 106 0
84 107 0
84 108 0
84 109 0
84 110 0
84 111 0
84 112 0
84 113 18
84 114 18
84 115 18
84 116 19
84 117 17
84 118 18
84 119 17
84 120 19
84 121 19
84 122 15
84 123 22
84 124 21
84 125 18
84 126 20
84 127 21
84 128 20
84 129 21
85 85 0
85 86 0
85 87 0
85 88 0
85 89 0
85 90 0
85 91 0
85 92 0
85 93 0
85 94 0
85 95 0
85 96 0
85 97 0
85 98 0
85 99 0
85 100 0
85 101 0
85 102 0
85 103 0
85 104 0
85 105 0
85 106 0
85 107 0
85 108 0
85 109 0
85 110 0
85 111 0
85 112 0
85 113 20
85 114 22
85 115 20
85 116 19
85 117 19
85 118 20
85 119 19
85 120 16
85 121 22
85 122 16
85 123 18
85 124 19
85 125 22
85 126 16
85 127 24
85 128 18
85 129 21
86 86 0
86 87 0
86 88 0
86 89 0
86 90 0
86 91 0
86 92 0
86 93 0
86 94 0
86 95 0
86 96 0
86 97 0
86 98 0
86 99 0
86 100 0
86 101 0
86 102 0
86 103 0
86 104 0
86 105 0
86 106 0
86 107 0
86 108 0
86 109 0
86 110 0
86 111 0
86 112 0
86 113 22
86 114 18
86 115 19
86 116 17
86 117 19
86 118 19
86 119 22
86 120 21
86 121 24
86 122 19
86 123 17
86 124 20
86 125 16
86 126 16
86 127 20
86 128 19
86 129 19
87 87 0
87 88 0
87 89 0
87 90 0
87 91 0
87 92 0
87 93 0
87 94 0
87 95 0
87 96 0
87 97 0
87 98 0
87 99 0
87 100 0
87 101 0
87 102 0
87 103 0
87 104 0
87 105 0
87 106 0
87 107 0
87 108 0
87 109 0
87 110 0
87 111 0
87 112 0
87 113 20
87 114 19
87 115 17
87 116 19
87 117 21
87 118 15
87 119 21
87 120 20
87 121 21
87 122 22
87 123 18
87 124 22
87 125 19
87 126 21
87 127 17
87 128 21
87 129 21
88 88 0
88 89 0
88 90 0
88 91 0
88 92 0
88 93 0
88 94 0
88 95 0
88 96 0
88 97 0
88 98 0
88 99 0
88 100 0
88 101 0
88 102 0
88 103 0
88 104 0
88 105 0
88 106 0
88 107 0
88 108 0
88 109 0
88 110 0
88 111 0
88 112 0
88 113 20
88 114 20
88 115 21
88 116 17
88 117 20
88 118 20
88 119 20
88 120 19
88 121 23
88 122 19
88 123 19
88 124 16
88 125 22
88 126 22
88 127 16
88 128 21
88 129 19
89 89 0
89 90 0
89 91 0
89 92 0
89 93 0
89 94 0
89 95 0
89 96 0
89 97 0
89 98 0
89 99 0
89 100 0
89 101 0
89 102 0
89 103 0
89 104 0
89 105 0
89 106 0
89 107 0
89 108 0
89 109 0
89 110 0
89 111 0
89 112 0
89 113 17
89 114 18
89 115 22
89 116 21
89 117 22
89 118 19
89 119 23
89 120 20
89 121 18
89 122 21
89 123 18
89 124 19
89 125 20
89 126 22
89 127 22
89 128 18
89 129 17
90 90 0
90 91 0
90 92 0
90 93 0
90 94 0
90 95 0
90 96 0
90 97 0
90 98 0
90 99 0
90 100 0
90 101 0
90 102 0
90 103 0
90 104 0
90 105 0
90 106 0
90 107 0
90 108 0
90 109 0
90 110 0
90 111 0
90 112 0
90 113 21
90 114 20
90 115 19
90 116 22
90 117 19
90 118 19
90 119 20
90 120 19
90 121 21
90 122 20
90 123 20
90 124 19
90 125 20
90 126 23
90 127 18
90 128 20
90 129 21
91 91 0
91 92 0
91 93 0
91 94 0
91 95 0
91 96 0
91 97 0
91 98 0
91 99 0
91 100 0
91 101 0
91 102 0
91 103 0
91 104 0
91 105 0
91 106 0
91 107 0
91 108 0
91 109 0
91 110 0
91 111 0
91 112 0
91 113 19
91 114 24
91 115 21
91 116 22
91 117 19
91 118 18
91 119 22
91 120 20
91 121 20
91 122 17
91 123 20
91 124 23
91 125 17
91 126 21
91 127 20
91 128 19
91 129 18
92 92 0
92 93 0
92 94 0
92 95 0
92 96 0
92 97 0
92 98 0
92 99 0
92 100 0
92 101 0
92 102 0
92 103 0
92 104 0
92 105 0
92 106 0
92 107 0
92 108 0
92 109 0
92 110 0
92 111 0
92 112 0
92 113 21
92 114 18
92 115 21
92 116 20
92 117 20
92 118 18
92 119 22
92 120 21
92 121 20
92 122 24
92 123 21
92 124 19
92 125 19
92 126 23
92 127 19
92 128 18
92 129 18
93 93 0
93 94 0
93 95 0
93 96 0
93 97 0
93 98 0
93 99 0
93 100 0
93 101 0
93 102 0
93 103 0
93 104 0
93 105 0
93 106 0
93 107 0
93 108 0
93 109 0
93 110 0
93 111 0
93 112 0
93 113 18
93 114 19
93 115 19
93 116 20
93 117 20
93 118 22
93 119 21
93 120 22
93 121 18
93 122 19
93 123 20
93 124 23
93 125 21
93 126 23
93 127 20
93 128 21
93 129 19
94 94 0
94 95 0
94 96 0
94 97 0
94 98 0
94 99 0
94 100 0
94 101 0
94 102 0
94 103 0
94 104 0
94 105 0
94 106 0
94 107 0
94 108 0
94 109 0
94 110 0
94 111 0
94 112 0
94 113 21
94 114 18
94 115 18
94 116 19
94 117 20
94 118 17
94 119 22
94 120 20
94 121 21
94 122 22
94 123 21
94 124 23
94 125 19
94 126 20
94 127 20
94 128 18
94 129 15
95 95 0
95 96 0
95 97 0
95 98 0
95 99 0
95 100 0
95 101 0
95 102 0
95 103 0
95 104 0
95 105 0
95 106 0
95 107 0
95 108 0
95 109 0
95 110 0
95 111 0
95 112 0
95 113 23
95 114 22
95 115 16
95 116 21
95 117 22
95 118 24
95 119 23
95 120 20
95 121 20
95 122 20
95 123 17
95 124 19
95 125 20
95 126 23
95 127 21
95 128 18
95 129 23
96 96 0
96 97 0
96 98 0
96 99 0
96 100 0
96 101 0
96 102 0
96 103 0
96 104 0
96 105 0
96 106 0
96 107 0
96 108 0
96 109 0
96 110 0
96 111 0
96 112 0
96 113 20
96 114 20
96 115 21
96 116 19
96 117 22
96 118 21
96 119 18
96 120 18
96 121 21
96 122 20
96 123 17
96 124 19
96 125 19
96 126 22
96 127 16
96 128 19
96 129 19
97 97 0
97 98 0
97 99 0
97 100 0
97 101 0
97 102 0
97 103 0
97 104 0
97 105 0
97 106 0
97 107 0
97 108 0
97 109 0
97 110 0
97 111 0
97 112 0
97 113 21
97 114 20
97 115 17
97 116 19
97 117 18
97 118 23
97 119 20
97 120 22
97 121 21
97 122 17
97 123 21
97 124 18
97 125 21
97 126 20
97 127 21
97 128 20
97 129 22
98 98 0
98 99 0
98 100 0
98 101 0
98 102 0
98 103 0
98 104 0
98 105 0
98 106 0
98 107 0
98 108 0
98 109 0
98 110 0
98 111 0
98 112 0
98 113 19
98 114 20
98 115 20
98 116 19
98 117 22
98 118 22
98 119 22
98 120 20
98 121 17
98 122 21
98 123 22
98 124 23
98 125 21
98 126 21
98 127 21
98 128 21
98 129 22
99 99 0
99 100 0
99 101 0
99 102 0
99 103 0
99 104 0
99 105 0
99 106 0
99 107 0
99 108 0
99 109 0
99 110 0
99 111 0
99 112 0
99 113 22
99 114 21
99 115 15
99 116 23
99 117 18
99 118 21
99 119 20
99 120 25
99 121 18
99 122 21
99 123 20
99 124 20
99 125 19
99 126 19
99 127 18
99 128 18
99 129 18
100 100 0
100 101 0
100 102 0
100 103 0
100 104 0
100 105 0
100 106 0
100 107 0
100 108 0
100 109 0
100 110 0
100 111 0
100 112 0
100 113 19
100 114 15
100 115 22
100 116 21
100 117 19
100 118 20
100 119 20
100 120 18
100 121 20
100 122 19
100 123 20
100 124 20
100 125 18
100 126 23
100 127 22
100 128 20
100 129 18
101 101 0
101 102 0
101 103 0
101 104 0
101 105 0
101 106 0
101 107 0
101 108 0
101 109 0
101 110 0
101 111 0
101 112 0
101 113 18
101 114 17
101 115 17
101 116 22
101 117 17
101 118 21
101 119 19
101 120 22
101 121 21
101 122 22
101 123 20
101 124 19
101 125 18
101 126 21
101 127 17
101 128 22
101 129 21
102 102 0
102 103 0
102 104 0
102 105 0
102 106 0
102 107 0
102 108 0
102 109 0
102 110 0
102 111 0
102 112 0
102 113 22
102 114 20
102 115 17
102 116 21
102 117 22
102 118 20
102 119 18
102 120 20
102 121 19
102 122 21
102 123 18
102 124 19
102 125 21
102 126 18
102 127 20
102 128 24
102 129 21
103 103 0
103 104 0
103 105 0
103 106 0
103 107 0
103 108 0
103 109 0
103 110 0
103 111 0
103 112 0
103 113 22
103 114 20
103 115 19
103 116 20
103 117 23
103 118 27
103 119 18
103 120 21
103 121 22
103 122 20
103 123 18
103 124 20
103 125 20
103 126 20
103 127 18
103 128 20
103 129 20
104 104 0
104 105 0
104 106 0
104 107 0
104 108 0
104 109 0
104 110 0
104 111 0
104 112 0
104 113 17
104 114 18
104 115 21
104 116 24
104 117 20
104 118 20
104 119 18
104 120 19
104 121 22
104 122 21
104 123 20
104 124 21
104 125 21
104 126 18
104 127 24
104 128 20
104 129 17
105 105 0
105 106 0
105 107 0
105 108 0
105 109 0
105 110 0
105 111 0
105 112 0
105 113 22
105 114 22
105 115 26
105 116 19
105 117 21
105 118 22
105 119 23
105 120 20
105 121 22
105 122 21
105 123 21
105 124 19
105 125 20
105 126 21
105 127 21
105 128 21
105 129 21
106 106 0
106 107 0
106 108 0
106 109 0
106 110 0
106 111 0
106 112 0
106 113 22
106 114 20
106 115 21
106 116 24
106 117 18
106 118 20
106 119 18
106 120 19
106 121 21
106 122 21
106 123 17
106 124 20
106 125 17
106 126 20
106 127 19
106 128 17
106 129 21
107 107 0
107 108 0
107 109 0
107 110 0
107 111 0
107 112 0
107 113 20
107 114 16
107 115 22
107 116 22
107 117 18
107 118 22
107 119 23
107 120 19
107 121 18
107 122 23
107 123 16
107 124 20
107 125 21
107 126 22
107 127 21
107 128 22
107 129 19
108 108 0
108 109 0
108 110 0
108 111 0
108 112 0
108 113 21
108 114 19
108 115 21
108 116 18
108 117 20
108 118 17
108 119 25
108 120 19
108 121 18
108 122 20
108 123 23
108 124 20
108 125 19
108 126 19
108 127 20
108 128 23
108 129 19
109 109 0
109 110 0
109 111 0
109 112 0
109 113 20
109 114 17
109 115 18
109 116 20
109 117 20
109 118 19
109 119 20
109 120 23
109 121 21
109 122 22
109 123 19
109 124 22
109 125 21
109 126 17
109 127 17
109 128 19
109 129 20
110 110 0
110 111 0
110 112 0
110 113 21
110 114 20
110 115 20
110 116 20
110 117 20
110 118 18
110 119 21
110 120 18
110 121 21
110 122 19
110 123 18
110 124 16
110 125 19
110 126 19
110 127 18
110 128 21
110 129 22
111 111 0
111 112 0
111 113 21
111 114 22
111 115 21
111 116 20
111 117 21
111 118 21
111 119 20
111 120 17
111 121 20
111 122 17
111 123 19
111 124 20
111 125 18
111 126 23
111 127 20
111 128 19
111 129 22
112 112 0
112 113 19
112 114 18
112 115 16
112 116 19
112 117 20
112 118 20
112 119 18
112 120 21
112 121 22
112 122 18
112 123 22
112 124 20
112 125 20
112 126 19
112 127 24
112 128 19
112 129 21
113 113 0
113 114 0
113 115 0
113 116 0
113 117 0
113 118 0
113 119 22
113 120 22
113 121 20
113 122 18
113 123 18
113 124 24
113 125 22
113 126 19
113 127 22
113 128 21
113 129 20
114 114 0
114 115 0
114 116 0
114 117 0
114 118 0
114 119 20
114 120 19
114 121 24
114 122 22
114 123 22
114 124 20
114 125 18
114 126 20
114 127 17
114 128 19
114 129 21
115 115 0
115 116 0
115 117 0
115 118 0
115 119 16
115 120 21
115 121 21
115 122 19
115 123 20
115 124 22
115 125 18
115 126 22
115 127 20
115 128 17
115 129 17
116 116 0
116 117 0
116 118 0
116 119 22
116 120 20
116 121 19
116 122 18
116 123 20
116 124 18
116 125 20
116 126 24
116 127 22
116 128 19
116 129 19
117 117 0
117 118 0
117 119 19
117 120 20
117 121 22
117 122 18
117 123 18
117 124 17
117 125 18
117 126 20
117 127 20
117 128 21
117 129 18
118 118 0
118 119 16
118 120 19
118 121 20
118 122 20
118 123 21
118 124 20
118 125 22
118 126 19
118 127 20
118 128 21
118 129 20
119 119 0
119 120 0
119 121 0
119 122 0
119 123 0
119 124 0
119 125 0
119 126 0
119 127 0
119 128 0
119 129 0
120 120 0
120 121 0
120 122 0
120 123 0
120 124 0
120 125 0
120 126 0
120 127 0
120 128 0
120 129 0
121 121 0
121 122 0
121 123 0
121 124 0
121 125 0
121 126 0
121 127 0
121 128 0
121 129 0
122 122 0
122 123 0
122 124 0
122 125 0
122 126 0
122 127 0
122 128 0
122 129 0
123 123 0
123 124 0
123 125 0
123 126 0
123 127 0
123 128 0
123 129 0
124 124 0
124 125 0
124 126 0
124 127 0
124 128 0
124 129 0
125 125 0
125 126 0
125 127 0
125 128 0
125 129 0
126 126 0
126 127 0
126 128 0
126 129 0
127 127 0
127 128 0
127 129 0
128 128 0
128 129 0
129 129 0
