10
10
10
10
10
10
10
10
10
10
10
0 0 0
0 1 0
0 2 0
0 3 0
0 4 0
0 5 0
0 6 0
0 7 0
0 8 0
0 9 0
0 10 1
0 11 20
0 12 10
0 13 12
0 14 17
0 15 5
0 16 12
0 17 4
0 18 16
0 19 9
0 20 3
0 21 20
0 22 9
0 23 3
0 24 6
0 25 20
0 26 13
0 27 7
0 28 6
0 29 11
0 30 17
0 31 17
0 32 6
0 33 5
0 34 8
0 35 12
0 36 3
0 37 19
0 38 4
0 39 8
0 40 17
0 41 12
0 42 15
0 43 20
0 44 4
0 45 5
0 46 3
0 47 8
0 48 20
0 49 20
0 50 10
0 51 12
0 52 13
0 53 9
0 54 6
0 55 16
0 56 3
0 57 9
0 58 7
0 59 13
0 60 4
0 61 2
0 62 2
0 63 2
0 64 11
0 65 2
0 66 7
0 67 16
0 68 6
0 69 15
0 70 17
0 71 3
0 72 2
0 73 2
0 74 10
0 75 7
0 76 16
0 77 5
0 78 1
0 79 20
0 80 15
0 81 4
0 82 17
0 83 1
0 84 6
0 85 4
0 86 7
0 87 5
0 88 19
0 89 14
0 90 15
0 91 9
0 92 16
0 93 7
0 94 3
0 95 1
0 96 1
0 97 15
0 98 10
0 99 12
1 1 0
1 2 0
1 3 0
1 4 0
1 5 0
1 6 0
1 7 0
1 8 0
1 9 0
1 10 11
1 11 20
1 12 18
1 13 20
1 14 6
1 15 6
1 16 18
1 17 16
1 18 20
1 19 11
1 20 16
1 21 1
1 22 5
1 23 7
1 24 4
1 25 5
1 26 13
1 27 15
1 28 18
1 29 11
1 30 4
1 31 10
1 32 9
1 33 4
1 34 7
1 35 6
1 36 4
1 37 3
1 38 16
1 39 13
1 40 2
1 41 17
1 42 1
1 43 12
1 44 19
1 45 16
1 46 2
1 47 4
1 48 9
1 49 6
1 50 11
1 51 8
1 52 10
1 53 4
1 54 10
1 55 17
1 56 17
1 57 18
1 58 7
1 59 4
1 60 17
1 61 6
1 62 9
1 63 9
1 64 16
1 65 5
1 66 20
1 67 7
1 68 1
1 69 1
1 70 3
1 71 16
1 72 1
1 73 8
1 74 2
1 75 18
1 76 7
1 77 14
1 78 9
1 79 15
1 80 18
1 81 5
1 82 9
1 83 12
1 84 17
1 85 10
1 86 8
1 87 19
1 88 11
1 89 6
1 90 11
1 91 9
1 92 17
1 93 16
1 94 6
1 95 17
1 96 12
1 97 2
1 98 12
1 99 3
2 2 0
2 3 0
2 4 0
2 5 0
2 6 0
2 7 0
2 8 0
2 9 0
2 10 13
2 11 18
2 12 2
2 13 8
2 14 1
2 15 15
2 16 10
2 17 11
2 18 14
2 19 19
2 20 6
2 21 1
2 22 13
2 23 12
2 24 8
2 25 18
2 26 15
2 27 19
2 28 14
2 29 16
2 30 11
2 31 5
2 32 10
2 33 4
2 34 6
2 35 20
2 36 11
2 37 1
2 38 1
2 39 11
2 40 8
2 41 17
2 42 18
2 43 6
2 44 6
2 45 4
2 46 4
2 47 10
2 48 14
2 49 2
2 50 8
2 51 7
2 52 9
2 53 6
2 54 20
2 55 11
2 56 20
2 57 13
2 58 5
2 59 1
2 60 5
2 61 1
2 62 8
2 63 2
2 64 7
2 65 16
2 66 14
2 67 10
2 68 20
2 69 20
2 70 18
2 71 4
2 72 20
2 73 18
2 74 14
2 75 1
2 76 14
2 77 18
2 78 4
2 79 7
2 80 5
2 81 8
2 82 5
2 83 20
2 84 15
2 85 9
2 86 15
2 87 12
2 88 5
2 89 18
2 90 2
2 91 7
2 92 13
2 93 5
2 94 9
2 95 9
2 96 2
2 97 9
2 98 15
2 99 5
3 3 0
3 4 0
3 5 0
3 6 0
3 7 0
3 8 0
3 9 0
3 10 18
3 11 4
3 12 10
3 13 4
3 14 8
3 15 2
3 16 7
3 17 1
3 18 7
3 19 6
3 20 9
3 21 11
3 22 5
3 23 11
3 24 13
3 25 10
3 26 6
3 27 13
3 28 15
3 29 19
3 30 15
3 31 5
3 32 20
3 33 15
3 34 16
3 35 11
3 36 14
3 37 11
3 38 12
3 39 3
3 40 15
3 41 15
3 42 15
3 43 9
3 44 4
3 45 1
3 46 14
3 47 12
3 48 19
3 49 17
3 50 13
3 51 2
3 52 3
3 53 10
3 54 17
3 55 4
3 56 16
3 57 12
3 58 8
3 59 20
3 60 6
3 61 19
3 62 12
3 63 12
3 64 6
3 65 4
3 66 15
3 67 12
3 68 10
3 69 3
3 70 17
3 71 4
3 72 15
3 73 11
3 74 16
3 75 2
3 76 6
3 77 16
3 78 6
3 79 11
3 80 3
3 81 1
3 82 4
3 83 16
3 84 13
3 85 5
3 86 8
3 87 8
3 88 3
3 89 10
3 90 19
3 91 5
3 92 14
3 93 18
3 94 14
3 95 4
3 96 13
3 97 19
3 98 6
3 99 8
4 4 0
4 5 0
4 6 0
4 7 0
4 8 0
4 9 0
4 10 16
4 11 18
4 12 12
4 13 10
4 14 13
4 15 7
4 16 10
4 17 7
4 18 19
4 19 7
4 20 16
4 21 20
4 22 17
4 23 5
4 24 1
4 25 10
4 26 20
4 27 7
4 28 15
4 29 17
4 30 11
4 31 7
4 32 20
4 33 2
4 34 9
4 35 15
4 36 18
4 37 19
4 38 2
4 39 13
4 40 14
4 41 16
4 42 8
4 43 10
4 44 13
4 45 13
4 46 13
4 47 2
4 48 13
4 49 20
4 50 9
4 51 5
4 52 19
4 53 14
4 54 14
4 55 11
4 56 4
4 57 4
4 58 4
4 59 9
4 60 12
4 61 7
4 62 5
4 63 15
4 64 13
4 65 13
4 66 9
4 67 4
4 68 16
4 69 15
4 70 9
4 71 6
4 72 5
4 73 2
4 74 13
4 75 19
4 76 20
4 77 17
4 78 1
4 79 4
4 80 4
4 81 13
4 82 1
4 83 18
4 84 14
4 85 11
4 86 10
4 87 17
4 88 20
4 89 15
4 90 12
4 91 3
4 92 8
4 93 10
4 94 20
4 95 18
4 96 10
4 97 14
4 98 9
4 99 17
5 5 0
5 6 0
5 7 0
5 8 0
5 9 0
5 10 16
5 11 5
5 12 12
5 13 6
5 14 14
5 15 4
5 16 11
5 17 20
5 18 15
5 19 8
5 20 5
5 21 13
5 22 2
5 23 1
5 24 13
5 25 13
5 26 5
5 27 13
5 28 10
5 29 16
5 30 11
5 31 7
5 32 13
5 33 12
5 34 16
5 35 18
5 36 10
5 37 20
5 38 18
5 39 2
5 40 20
5 41 2
5 42 10
5 43 2
5 44 19
5 45 10
5 46 9
5 47 15
5 48 6
5 49 11
5 50 5
5 51 12
5 52 4
5 53 4
5 54 5
5 55 20
5 56 10
5 57 19
5 58 6
5 59 1
5 60 18
5 61 15
5 62 11
5 63 15
5 64 11
5 65 4
5 66 12
5 67 19
5 68 17
5 69 16
5 70 9
5 71 7
5 72 3
5 73 18
5 74 8
5 75 12
5 76 12
5 77 1
5 78 20
5 79 1
5 80 6
5 81 15
5 82 6
5 83 12
5 84 3
5 85 1
5 86 6
5 87 4
5 88 12
5 89 6
5 90 2
5 91 9
5 92 11
5 93 3
5 94 14
5 95 14
5 96 16
5 97 19
5 98 18
5 99 12
6 6 0
6 7 0
6 8 0
6 9 0
6 10 17
6 11 7
6 12 2
6 13 11
6 14 16
6 15 5
6 16 19
6 17 8
6 18 9
6 19 18
6 20 10
6 21 6
6 22 2
6 23 12
6 24 12
6 25 20
6 26 13
6 27 17
6 28 12
6 29 12
6 30 20
6 31 19
6 32 4
6 33 5
6 34 6
6 35 6
6 36 13
6 37 18
6 38 1
6 39 5
6 40 8
6 41 14
6 42 8
6 43 12
6 44 9
6 45 20
6 46 19
6 47 7
6 48 4
6 49 5
6 50 19
6 51 11
6 52 4
6 53 3
6 54 15
6 55 15
6 56 8
6 57 16
6 58 7
6 59 12
6 60 15
6 61 9
6 62 4
6 63 5
6 64 6
6 65 1
6 66 13
6 67 16
6 68 20
6 69 6
6 70 20
6 71 9
6 72 15
6 73 19
6 74 14
6 75 11
6 76 19
6 77 20
6 78 5
6 79 8
6 80 6
6 81 1
6 82 20
6 83 15
6 84 8
6 85 4
6 86 5
6 87 8
6 88 19
6 89 16
6 90 16
6 91 5
6 92 17
6 93 2
6 94 5
6 95 20
6 96 1
6 97 8
6 98 19
6 99 6
7 7 0
7 8 0
7 9 0
7 10 6
7 11 12
7 12 6
7 13 12
7 14 19
7 15 20
7 16 9
7 17 8
7 18 20
7 19 9
7 20 3
7 21 20
7 22 4
7 23 19
7 24 3
7 25 12
7 26 16
7 27 8
7 28 8
7 29 12
7 30 15
7 31 13
7 32 2
7 33 13
7 34 12
7 35 12
7 36 15
7 37 4
7 38 11
7 39 11
7 40 18
7 41 12
7 42 7
7 43 2
7 44 5
7 45 4
7 46 1
7 47 1
7 48 4
7 49 8
7 50 20
7 51 14
7 52 4
7 53 7
7 54 16
7 55 20
7 56 2
7 57 15
7 58 13
7 59 17
7 60 13
7 61 9
7 62 9
7 63 11
7 64 1
7 65 14
7 66 14
7 67 6
7 68 7
7 69 18
7 70 4
7 71 9
7 72 19
7 73 9
7 74 1
7 75 15
7 76 2
7 77 4
7 78 11
7 79 13
7 80 13
7 81 11
7 82 6
7 83 1
7 84 17
7 85 6
7 86 3
7 87 11
7 88 17
7 89 8
7 90 7
7 91 6
7 92 16
7 93 4
7 94 16
7 95 20
7 96 13
7 97 18
7 98 11
7 99 16
8 8 0
8 9 0
8 10 8
8 11 2
8 12 20
8 13 20
8 14 17
8 15 1
8 16 17
8 17 6
8 18 10
8 19 13
8 20 11
8 21 17
8 22 15
8 23 6
8 24 19
8 25 16
8 26 10
8 27 2
8 28 16
8 29 13
8 30 17
8 31 15
8 32 7
8 33 8
8 34 18
8 35 16
8 36 12
8 37 20
8 38 16
8 39 8
8 40 20
8 41 16
8 42 7
8 43 2
8 44 17
8 45 4
8 46 14
8 47 9
8 48 8
8 49 10
8 50 4
8 51 13
8 52 10
8 53 14
8 54 16
8 55 7
8 56 1
8 57 14
8 58 18
8 59 6
8 60 20
8 61 5
8 62 12
8 63 10
8 64 16
8 65 9
8 66 13
8 67 7
8 68 18
8 69 5
8 70 1
8 71 3
8 72 16
8 73 12
8 74 5
8 75 10
8 76 5
8 77 2
8 78 15
8 79 11
8 80 18
8 81 5
8 82 4
8 83 6
8 84 12
8 85 14
8 86 14
8 87 7
8 88 3
8 89 10
8 90 13
8 91 15
8 92 4
8 93 9
8 94 2
8 95 6
8 96 8
8 97 1
8 98 11
8 99 19
9 9 0
9 10 6
9 11 9
9 12 15
9 13 6
9 14 7
9 15 10
9 16 13
9 17 6
9 18 13
9 19 5
9 20 16
9 21 16
9 22 19
9 23 13
9 24 2
9 25 9
9 26 6
9 27 13
9 28 14
9 29 5
9 30 7
9 31 2
9 32 11
9 33 3
9 34 14
9 35 14
9 36 2
9 37 7
9 38 20
9 39 6
9 40 5
9 41 9
9 42 16
9 43 15
9 44 5
9 45 2
9 46 13
9 47 6
9 48 11
9 49 18
9 50 4
9 51 1
9 52 10
9 53 2
9 54 8
9 55 14
9 56 8
9 57 14
9 58 11
9 59 7
9 60 18
9 61 7
9 62 11
9 63 19
9 64 15
9 65 12
9 66 6
9 67 12
9 68 14
9 69 7
9 70 19
9 71 10
9 72 3
9 73 18
9 74 12
9 75 8
9 76 13
9 77 7
9 78 14
9 79 1
9 80 11
9 81 6
9 82 7
9 83 15
9 84 14
9 85 13
9 86 8
9 87 1
9 88 16
9 89 19
9 90 3
9 91 10
9 92 1
9 93 1
9 94 11
9 95 10
9 96 7
9 97 14
9 98 3
9 99 16
10 10 0
10 11 0
10 12 0
10 13 0
10 14 0
10 15 0
10 16 0
10 17 0
10 18 0
10 19 0
10 20 9
10 21 6
10 22 16
10 23 8
10 24 19
10 25 10
10 26 7
10 27 6
10 28 15
10 29 16
10 30 17
10 31 14
10 32 5
10 33 15
10 34 1
10 35 2
10 36 3
10 37 10
10 38 11
10 39 11
10 40 20
10 41 14
10 42 8
10 43 8
10 44 17
10 45 1
10 46 18
10 47 4
10 48 10
10 49 4
10 50 5
10 51 2
10 52 5
10 53 16
10 54 7
10 55 6
10 56 5
10 57 14
10 58 4
10 59 6
10 60 14
10 61 4
10 62 12
10 63 18
10 64 18
10 65 16
10 66 18
10 67 13
10 68 10
10 69 5
10 70 9
10 71 2
10 72 18
10 73 7
10 74 7
10 75 15
10 76 14
10 77 18
10 78 13
10 79 13
10 80 17
10 81 2
10 82 7
10 83 20
10 84 8
10 85 9
10 86 14
10 87 4
10 88 15
10 89 2
10 90 17
10 91 17
10 92 14
10 93 2
10 94 3
10 95 15
10 96 8
10 97 7
10 98 12
10 99 17
11 11 0
11 12 0
11 13 0
11 14 0
11 15 0
11 16 0
11 17 0
11 18 0
11 19 0
11 20 18
11 21 20
11 22 9
11 23 19
11 24 5
11 25 6
11 26 4
11 27 12
11 28 14
11 29 19
11 30 18
11 31 13
11 32 1
11 33 8
11 34 4
11 35 13
11 36 19
11 37 10
11 38 12
11 39 12
11 40 11
11 41 3
11 42 13
11 43 20
11 44 19
11 45 8
11 46 5
11 47 9
11 48 13
11 49 9
11 50 18
11 51 8
11 52 1
11 53 19
11 54 1
11 55 10
11 56 6
11 57 15
11 58 13
11 59 1
11 60 20
11 61 17
11 62 10
11 63 2
11 64 6
11 65 5
11 66 8
11 67 16
11 68 1
11 69 5
11 70 15
11 71 11
11 72 17
11 73 6
11 74 7
11 75 15
11 76 14
11 77 13
11 78 10
11 79 6
11 80 6
11 81 4
11 82 3
11 83 10
11 84 15
11 85 20
11 86 11
11 87 13
11 88 5
11 89 2
11 90 3
11 91 1
11 92 2
11 93 11
11 94 9
11 95 5
11 96 4
11 97 19
11 98 17
11 99 1
12 12 0
12 13 0
12 14 0
12 15 0
12 16 0
12 17 0
12 18 0
12 19 0
12 20 3
12 21 8
12 22 4
12 23 14
12 24 10
12 25 2
12 26 4
12 27 2
12 28 10
12 29 1
12 30 13
12 31 19
12 32 15
12 33 20
12 34 10
12 35 1
12 36 7
12 37 14
12 38 2
12 39 17
12 40 20
12 41 18
12 42 5
12 43 14
12 44 11
12 45 15
12 46 6
12 47 20
12 48 4
12 49 4
12 50 1
12 51 3
12 52 10
12 53 5
12 54 17
12 55 20
12 56 8
12 57 3
12 58 8
12 59 10
12 60 18
12 61 1
12 62 6
12 63 11
12 64 20
12 65 9
12 66 17
12 67 14
12 68 9
12 69 7
12 70 14
12 71 14
12 72 9
12 73 18
12 74 13
12 75 14
12 76 17
12 77 20
12 78 5
12 79 12
12 80 14
12 81 11
12 82 14
12 83 16
12 84 10
12 85 2
12 86 5
12 87 3
12 88 15
12 89 3
12 90 3
12 91 19
12 92 13
12 93 11
12 94 8
12 95 10
12 96 3
12 97 5
12 98 8
12 99 6
13 13 0
13 14 0
13 15 0
13 16 0
13 17 0
13 18 0
13 19 0
13 20 6
13 21 16
13 22 11
13 23 15
13 24 18
13 25 10
13 26 5
13 27 6
13 28 1
13 29 10
13 30 14
13 31 10
13 32 10
13 33 2
13 34 20
13 35 20
13 36 19
13 37 8
13 38 7
13 39 15
13 40 13
13 41 10
13 42 15
13 43 14
13 44 16
13 45 16
13 46 3
13 47 7
13 48 15
13 49 2
13 50 2
13 51 9
13 52 1
13 53 16
13 54 2
13 55 3
13 56 2
13 57 11
13 58 10
13 59 6
13 60 12
13 61 11
13 62 16
13 63 14
13 64 16
13 65 9
13 66 14
13 67 15
13 68 16
13 69 6
13 70 20
13 71 20
13 72 8
13 73 3
13 74 18
13 75 12
13 76 10
13 77 16
13 78 1
13 79 2
13 80 5
13 81 4
13 82 1
13 83 7
13 84 4
13 85 6
13 86 10
13 87 2
13 88 2
13 89 7
13 90 18
13 91 16
13 92 4
13 93 20
13 94 4
13 95 9
13 96 4
13 97 15
13 98 7
13 99 19
14 14 0
14 15 0
14 16 0
14 17 0
14 18 0
14 19 0
14 20 7
14 21 4
14 22 14
14 23 13
14 24 5
14 25 18
14 26 7
14 27 6
14 28 20
14 29 17
14 30 5
14 31 5
14 32 20
14 33 6
14 34 3
14 35 18
14 36 14
14 37 15
14 38 18
14 39 17
14 40 19
14 41 15
14 42 9
14 43 13
14 44 17
14 45 2
14 46 11
14 47 3
14 48 3
14 49 13
14 50 15
14 51 18
14 52 5
14 53 12
14 54 17
14 55 7
14 56 4
14 57 3
14 58 6
14 59 8
14 60 19
14 61 2
14 62 1
14 63 8
14 64 11
14 65 7
14 66 10
14 67 2
14 68 8
14 69 18
14 70 15
14 71 12
14 72 1
14 73 16
14 74 1
14 75 12
14 76 4
14 77 13
14 78 19
14 79 1
14 80 12
14 81 19
14 82 11
14 83 3
14 84 11
14 85 10
14 86 16
14 87 11
14 88 20
14 89 20
14 90 16
14 91 2
14 92 13
14 93 2
14 94 7
14 95 19
14 96 12
14 97 2
14 98 20
14 99 9
15 15 0
15 16 0
15 17 0
15 18 0
15 19 0
15 20 9
15 21 6
15 22 4
15 23 8
15 24 15
15 25 17
15 26 13
15 27 2
15 28 8
15 29 13
15 30 5
15 31 20
15 32 18
15 33 12
15 34 5
15 35 17
15 36 16
15 37 18
15 38 6
15 39 9
15 40 13
15 41 3
15 42 15
15 43 9
15 44 2
15 45 1
15 46 18
15 47 19
15 48 11
15 49 8
15 50 7
15 51 14
15 52 8
15 53 2
15 54 16
15 55 2
15 56 13
15 57 15
15 58 3
15 59 11
15 60 8
15 61 11
15 62 6
15 63 9
15 64 6
15 65 1
15 66 14
15 67 11
15 68 4
15 69 7
15 70 6
15 71 18
15 72 16
15 73 10
15 74 15
15 75 19
15 76 15
15 77 9
15 78 10
15 79 3
15 80 16
15 81 11
15 82 7
15 83 14
15 84 14
15 85 5
15 86 3
15 87 8
15 88 11
15 89 11
15 90 9
15 91 15
15 92 18
15 93 7
15 94 9
15 95 5
15 96 7
15 97 20
15 98 2
15 99 17
16 16 0
16 17 0
16 18 0
16 19 0
16 20 19
16 21 13
16 22 7
16 23 8
16 24 13
16 25 17
16 26 17
16 27 4
16 28 18
16 29 11
16 30 13
16 31 14
16 32 10
16 33 9
16 34 15
16 35 16
16 36 5
16 37 11
16 38 19
16 39 12
16 40 20
16 41 14
16 42 7
16 43 7
16 44 2
16 45 20
16 46 2
16 47 2
16 48 8
16 49 19
16 50 11
16 51 11
16 52 5
16 53 3
16 54 17
16 55 8
16 56 15
16 57 4
16 58 19
16 59 18
16 60 8
16 61 15
16 62 13
16 63 18
16 64 15
16 65 2
16 66 19
16 67 2
16 68 15
16 69 12
16 70 4
16 71 6
16 72 10
16 73 16
16 74 3
16 75 15
16 76 3
16 77 16
16 78 16
16 79 17
16 80 8
16 81 18
16 82 5
16 83 12
16 84 12
16 85 16
16 86 5
16 87 8
16 88 7
16 89 7
16 90 17
16 91 11
16 92 17
16 93 11
16 94 6
16 95 11
16 96 15
16 97 4
16 98 18
16 99 3
17 17 0
17 18 0
17 19 0
17 20 6
17 21 6
17 22 19
17 23 10
17 24 20
17 25 11
17 26 20
17 27 15
17 28 17
17 29 19
17 30 13
17 31 1
17 32 20
17 33 18
17 34 1
17 35 4
17 36 16
17 37 11
17 38 12
17 39 16
17 40 20
17 41 18
17 42 6
17 43 9
17 44 6
17 45 20
17 46 6
17 47 2
17 48 8
17 49 6
17 50 17
17 51 5
17 52 18
17 53 9
17 54 9
17 55 11
17 56 16
17 57 12
17 58 14
17 59 14
17 60 18
17 61 13
17 62 8
17 63 18
17 64 18
17 65 13
17 66 1
17 67 2
17 68 20
17 69 3
17 70 4
17 71 10
17 72 19
17 73 4
17 74 9
17 75 4
17 76 10
17 77 18
17 78 1
17 79 20
17 80 11
17 81 19
17 82 5
17 83 4
17 84 5
17 85 7
17 86 10
17 87 1
17 88 4
17 89 2
17 90 10
17 91 7
17 92 11
17 93 17
17 94 6
17 95 19
17 96 13
17 97 10
17 98 17
17 99 8
18 18 0
18 19 0
18 20 5
18 21 5
18 22 7
18 23 12
18 24 9
18 25 7
18 26 7
18 27 11
18 28 11
18 29 11
18 30 9
18 31 7
18 32 20
18 33 18
18 34 18
18 35 4
18 36 3
18 37 9
18 38 7
18 39 8
18 40 17
18 41 10
18 42 2
18 43 17
18 44 4
18 45 4
18 46 17
18 47 3
18 48 17
18 49 17
18 50 7
18 51 12
18 52 15
18 53 8
18 54 8
18 55 19
18 56 18
18 57 15
18 58 4
18 59 11
18 60 20
18 61 10
18 62 7
18 63 13
18 64 5
18 65 10
18 66 8
18 67 15
18 68 6
18 69 8
18 70 10
18 71 10
18 72 9
18 73 3
18 74 19
18 75 13
18 76 15
18 77 2
18 78 13
18 79 11
18 80 15
18 81 8
18 82 12
18 83 17
18 84 12
18 85 3
18 86 9
18 87 16
18 88 10
18 89 2
18 90 8
18 91 6
18 92 20
18 93 19
18 94 3
18 95 17
18 96 4
18 97 18
18 98 15
18 99 9
19 19 0
19 20 20
19 21 19
19 22 2
19 23 17
19 24 14
19 25 15
19 26 7
19 27 16
19 28 7
19 29 3
19 30 7
19 31 8
19 32 19
19 33 12
19 34 18
19 35 5
19 36 14
19 37 7
19 38 2
19 39 6
19 40 8
19 41 5
19 42 7
19 43 2
19 44 12
19 45 1
19 46 18
19 47 20
19 48 10
19 49 5
19 50 9
19 51 3
19 52 19
19 53 1
19 54 4
19 55 2
19 56 5
19 57 18
19 58 8
19 59 15
19 60 19
19 61 14
19 62 2
19 63 1
19 64 9
19 65 2
19 66 9
19 67 2
19 68 12
19 69 14
19 70 10
19 71 5
19 72 16
19 73 6
19 74 14
19 75 7
19 76 10
19 77 3
19 78 6
19 79 15
19 80 6
19 81 12
19 82 2
19 83 16
19 84 18
19 85 3
19 86 11
19 87 17
19 88 18
19 89 8
19 90 2
19 91 13
19 92 9
19 93 12
19 94 11
19 95 18
19 96 13
19 97 15
19 98 16
19 99 10
20 20 0
20 21 0
20 22 0
20 23 0
20 24 0
20 25 0
20 26 0
20 27 0
20 28 0
20 29 0
20 30 16
20 31 17
20 32 14
20 33 20
20 34 5
20 35 1
20 36 13
20 37 18
20 38 16
20 39 19
20 40 13
20 41 12
20 42 2
20 43 1
20 44 20
20 45 9
20 46 9
20 47 6
20 48 19
20 49 11
20 50 6
20 51 5
20 52 16
20 53 16
20 54 4
20 55 19
20 56 18
20 57 15
20 58 12
20 59 9
20 60 1
20 61 2
20 62 15
20 63 11
20 64 2
20 65 7
20 66 18
20 67 5
20 68 20
20 69 3
20 70 20
20 71 17
20 72 13
20 73 12
20 74 6
20 75 9
20 76 12
20 77 20
20 78 15
20 79 18
20 80 7
20 81 8
20 82 11
20 83 3
20 84 5
20 85 3
20 86 13
20 87 6
20 88 18
20 89 10
20 90 15
20 91 8
20 92 9
20 93 2
20 94 16
20 95 17
20 96 1
20 97 14
20 98 20
20 99 6
21 21 0
21 22 0
21 23 0
21 24 0
21 25 0
21 26 0
21 27 0
21 28 0
21 29 0
21 30 7
21 31 12
21 32 7
21 33 17
21 34 4
21 35 13
21 36 3
21 37 11
21 38 17
21 39 12
21 40 18
21 41 2
21 42 10
21 43 15
21 44 8
21 45 17
21 46 8
21 47 5
21 48 6
21 49 14
21 50 8
21 51 11
21 52 19
21 53 8
21 54 13
21 55 1
21 56 5
21 57 17
21 58 1
21 59 18
21 60 20
21 61 10
21 62 14
21 63 13
21 64 17
21 65 10
21 66 18
21 67 16
21 68 3
21 69 4
21 70 16
21 71 3
21 72 14
21 73 15
21 74 14
21 75 12
21 76 18
21 77 2
21 78 10
21 79 1
21 80 19
21 81 2
21 82 7
21 83 6
21 84 15
21 85 8
21 86 2
21 87 16
21 88 14
21 89 6
21 90 20
21 91 14
21 92 10
21 93 8
21 94 10
21 95 19
21 96 9
21 97 1
21 98 13
21 99 6
22 22 0
22 23 0
22 24 0
22 25 0
22 26 0
22 27 0
22 28 0
22 29 0
22 30 11
22 31 18
22 32 14
22 33 15
22 34 16
22 35 10
22 36 10
22 37 3
22 38 17
22 39 15
22 40 20
22 41 17
22 42 4
22 43 8
22 44 17
22 45 15
22 46 15
22 47 15
22 48 17
22 49 10
22 50 8
22 51 19
22 52 12
22 53 10
22 54 9
22 55 14
22 56 2
22 57 14
22 58 10
22 59 7
22 60 19
22 61 11
22 62 20
22 63 20
22 64 2
22 65 10
22 66 1
22 67 2
22 68 17
22 69 9
22 70 6
22 71 14
22 72 9
22 73 17
22 74 20
22 75 12
22 76 7
22 77 2
22 78 3
22 79 8
22 80 9
22 81 5
22 82 12
22 83 7
22 84 1
22 85 5
22 86 2
22 87 15
22 88 15
22 89 4
22 90 5
22 91 16
22 92 3
22 93 1
22 94 1
22 95 9
22 96 20
22 97 5
22 98 10
22 99 2
23 23 0
23 24 0
23 25 0
23 26 0
23 27 0
23 28 0
23 29 0
23 30 7
23 31 5
23 32 18
23 33 8
23 34 14
23 35 13
23 36 17
23 37 7
23 38 12
23 39 9
23 40 20
23 41 14
23 42 9
23 43 18
23 44 17
23 45 10
23 46 15
23 47 10
23 48 4
23 49 11
23 50 8
23 51 19
23 52 1
23 53 12
23 54 11
23 55 16
23 56 5
23 57 4
23 58 13
23 59 17
23 60 3
23 61 14
23 62 1
23 63 7
23 64 1
23 65 15
23 66 19
23 67 20
23 68 3
23 69 2
23 70 20
23 71 13
23 72 3
23 73 14
23 74 6
23 75 8
23 76 11
23 77 4
23 78 20
23 79 10
23 80 6
23 81 18
23 82 6
23 83 5
23 84 3
23 85 14
23 86 7
23 87 16
23 88 2
23 89 12
23 90 13
23 91 14
23 92 14
23 93 10
23 94 20
23 95 14
23 96 4
23 97 15
23 98 16
23 99 8
24 24 0
24 25 0
24 26 0
24 27 0
24 28 0
24 29 0
24 30 20
24 31 1
24 32 14
24 33 17
24 34 2
24 35 19
24 36 3
24 37 5
24 38 12
24 39 16
24 40 13
24 41 8
24 42 5
24 43 15
24 44 10
24 45 20
24 46 3
24 47 17
24 48 3
24 49 12
24 50 15
24 51 4
24 52 18
24 53 13
24 54 12
24 55 17
24 56 4
24 57 15
24 58 6
24 59 3
24 60 3
24 61 19
24 62 2
24 63 12
24 64 8
24 65 19
24 66 2
24 67 8
24 68 19
24 69 10
24 70 11
24 71 8
24 72 2
24 73 8
24 74 4
24 75 14
24 76 6
24 77 12
24 78 2
24 79 18
24 80 5
24 81 2
24 82 16
24 83 1
24 84 7
24 85 9
24 86 6
24 87 10
24 88 9
24 89 15
24 90 5
24 91 9
24 92 8
24 93 8
24 94 9
24 95 7
24 96 16
24 97 1
24 98 11
24 99 2
25 25 0
25 26 0
25 27 0
25 28 0
25 29 0
25 30 1
25 31 1
25 32 20
25 33 18
25 34 20
25 35 20
25 36 2
25 37 19
25 38 7
25 39 8
25 40 10
25 41 19
25 42 12
25 43 7
25 44 16
25 45 15
25 46 8
25 47 9
25 48 1
25 49 12
25 50 15
25 51 19
25 52 8
25 53 11
25 54 8
25 55 3
25 56 16
25 57 8
25 58 1
25 59 5
25 60 17
25 61 4
25 62 14
25 63 12
25 64 12
25 65 8
25 66 9
25 67 11
25 68 1
25 69 1
25 70 15
25 71 18
25 72 5
25 73 20
25 74 5
25 75 6
25 76 7
25 77 5
25 78 13
25 79 4
25 80 15
25 81 10
25 82 12
25 83 17
25 84 10
25 85 20
25 86 15
25 87 11
25 88 16
25 89 3
25 90 11
25 91 15
25 92 9
25 93 18
25 94 13
25 95 3
25 96 20
25 97 15
25 98 10
25 99 1
26 26 0
26 27 0
26 28 0
26 29 0
26 30 16
26 31 16
26 32 11
26 33 15
26 34 12
26 35 4
26 36 10
26 37 15
26 38 12
26 39 15
26 40 19
26 41 9
26 42 10
26 43 1
26 44 16
26 45 10
26 46 19
26 47 16
26 48 16
26 49 8
26 50 20
26 51 8
26 52 11
26 53 15
26 54 9
26 55 1
26 56 4
26 57 18
26 58 5
26 59 4
26 60 1
26 61 12
26 62 12
26 63 3
26 64 9
26 65 2
26 66 11
26 67 1
26 68 10
26 69 19
26 70 9
26 71 19
26 72 6
26 73 4
26 74 9
26 75 2
26 76 17
26 77 18
26 78 5
26 79 14
26 80 19
26 81 13
26 82 8
26 83 3
26 84 9
26 85 18
26 86 6
26 87 19
26 88 15
26 89 14
26 90 16
26 91 9
26 92 4
26 93 12
26 94 8
26 95 19
26 96 14
26 97 6
26 98 2
26 99 18
27 27 0
27 28 0
27 29 0
27 30 1
27 31 12
27 32 17
27 33 14
27 34 15
27 35 19
27 36 1
27 37 12
27 38 14
27 39 7
27 40 17
27 41 9
27 42 14
27 43 17
27 44 16
27 45 10
27 46 4
27 47 9
27 48 12
27 49 19
27 50 8
27 51 9
27 52 8
27 53 14
27 54 15
27 55 10
27 56 13
27 57 10
27 58 7
27 59 7
27 60 19
27 61 14
27 62 6
27 63 10
27 64 16
27 65 1
27 66 18
27 67 12
27 68 9
27 69 2
27 70 5
27 71 7
27 72 3
27 73 13
27 74 8
27 75 19
27 76 20
27 77 1
27 78 11
27 79 7
27 80 14
27 81 6
27 82 18
27 83 7
27 84 12
27 85 3
27 86 20
27 87 13
27 88 17
27 89 3
27 90 9
27 91 18
27 92 15
27 93 16
27 94 12
27 95 3
27 96 6
27 97 16
27 98 8
27 99 15
28 28 0
28 29 0
28 30 12
28 31 20
28 32 15
28 33 8
28 34 2
28 35 10
28 36 6
28 37 11
28 38 4
28 39 4
28 40 19
28 41 14
28 42 3
28 43 19
28 44 3
28 45 20
28 46 19
28 47 13
28 48 13
28 49 12
28 50 6
28 51 12
28 52 17
28 53 7
28 54 6
28 55 20
28 56 3
28 57 4
28 58 19
28 59 3
28 60 10
28 61 12
28 62 12
28 63 20
28 64 2
28 65 15
28 66 9
28 67 4
28 68 14
28 69 18
28 70 14
28 71 15
28 72 13
28 73 7
28 74 18
28 75 19
28 76 12
28 77 4
28 78 16
28 79 4
28 80 18
28 81 3
28 82 3
28 83 6
28 84 16
28 85 2
28 86 1
28 87 10
28 88 16
28 89 8
28 90 6
28 91 14
28 92 11
28 93 18
28 94 13
28 95 18
28 96 7
28 97 10
28 98 12
28 99 1
29 29 0
29 30 20
29 31 8
29 32 20
29 33 13
29 34 2
29 35 13
29 36 18
29 37 9
29 38 7
29 39 17
29 40 6
29 41 5
29 42 6
29 43 17
29 44 20
29 45 19
29 46 17
29 47 16
29 48 16
29 49 11
29 50 5
29 51 16
29 52 18
29 53 18
29 54 4
29 55 8
29 56 15
29 57 16
29 58 11
29 59 9
29 60 3
29 61 12
29 62 2
29 63 5
29 64 11
29 65 10
29 66 16
29 67 20
29 68 2
29 69 16
29 70 12
29 71 18
29 72 11
29 73 5
29 74 20
29 75 1
29 76 5
29 77 1
29 78 6
29 79 19
29 80 14
29 81 17
29 82 9
29 83 1
29 84 5
29 85 3
29 86 9
29 87 6
29 88 19
29 89 3
29 90 5
29 91 15
29 92 2
29 93 4
29 94 19
29 95 16
29 96 14
29 97 1
29 98 20
29 99 20
30 30 0
30 31 0
30 32 0
30 33 0
30 34 0
30 35 0
30 36 0
30 37 0
30 38 0
30 39 0
30 40 5
30 41 6
30 42 12
30 43 4
30 44 8
30 45 13
30 46 5
30 47 18
30 48 18
30 49 14
30 50 17
30 51 12
30 52 9
30 53 5
30 54 6
30 55 5
30 56 16
30 57 1
30 58 15
30 59 19
30 60 13
30 61 19
30 62 10
30 63 11
30 64 9
30 65 6
30 66 18
30 67 19
30 68 12
30 69 13
30 70 18
30 71 2
30 72 2
30 73 17
30 74 11
30 75 19
30 76 16
30 77 2
30 78 6
30 79 2
30 80 19
30 81 16
30 82 17
30 83 4
30 84 6
30 85 11
30 86 15
30 87 14
30 88 13
30 89 2
30 90 13
30 91 12
30 92 7
30 93 15
30 94 9
30 95 6
30 96 4
30 97 18
30 98 9
30 99 7
31 31 0
31 32 0
31 33 0
31 34 0
31 35 0
31 36 0
31 37 0
31 38 0
31 39 0
31 40 4
31 41 7
31 42 6
31 43 11
31 44 12
31 45 2
31 46 17
31 47 5
31 48 12
31 49 15
31 50 7
31 51 20
31 52 2
31 53 10
31 54 8
31 55 2
31 56 1
31 57 17
31 58 5
31 59 11
31 60 10
31 61 12
31 62 10
31 63 20
31 64 12
31 65 20
31 66 7
31 67 7
31 68 10
31 69 13
31 70 1
31 71 12
31 72 11
31 73 15
31 74 17
31 75 6
31 76 5
31 77 17
31 78 11
31 79 3
31 80 16
31 81 11
31 82 19
31 83 12
31 84 19
31 85 12
31 86 8
31 87 10
31 88 8
31 89 3
31 90 17
31 91 12
31 92 9
31 93 8
31 94 2
31 95 2
31 96 6
31 97 12
31 98 1
31 99 16
32 32 0
32 33 0
32 34 0
32 35 0
32 36 0
32 37 0
32 38 0
32 39 0
32 40 19
32 41 9
32 42 20
32 43 16
32 44 13
32 45 6
32 46 4
32 47 7
32 48 10
32 49 15
32 50 9
32 51 15
32 52 11
32 53 18
32 54 3
32 55 13
32 56 12
32 57 3
32 58 3
32 59 16
32 60 4
32 61 7
32 62 14
32 63 18
32 64 20
32 65 12
32 66 6
32 67 14
32 68 5
32 69 17
32 70 3
32 71 4
32 72 2
32 73 10
32 74 13
32 75 14
32 76 13
32 77 16
32 78 20
32 79 11
32 80 11
32 81 16
32 82 9
32 83 11
32 84 19
32 85 17
32 86 14
32 87 5
32 88 9
32 89 1
32 90 7
32 91 16
32 92 8
32 93 18
32 94 19
32 95 4
32 96 16
32 97 15
32 98 6
32 99 11
33 33 0
33 34 0
33 35 0
33 36 0
33 37 0
33 38 0
33 39 0
33 40 9
33 41 2
33 42 18
33 43 2
33 44 13
33 45 5
33 46 17
33 47 10
33 48 13
33 49 9
33 50 11
33 51 13
33 52 15
33 53 13
33 54 3
33 55 9
33 56 12
33 57 14
33 58 3
33 59 12
33 60 12
33 61 11
33 62 12
33 63 16
33 64 6
33 65 20
33 66 2
33 67 9
33 68 1
33 69 20
33 70 7
33 71 15
33 72 14
33 73 16
33 74 13
33 75 13
33 76 19
33 77 20
33 78 17
33 79 1
33 80 10
33 81 19
33 82 14
33 83 20
33 84 1
33 85 1
33 86 1
33 87 15
33 88 4
33 89 12
33 90 1
33 91 20
33 92 10
33 93 9
33 94 15
33 95 5
33 96 14
33 97 5
33 98 19
33 99 13
34 34 0
34 35 0
34 36 0
34 37 0
34 38 0
34 39 0
34 40 1
34 41 14
34 42 2
34 43 3
34 44 20
34 45 2
34 46 10
34 47 3
34 48 20
34 49 15
34 50 20
34 51 13
34 52 17
34 53 9
34 54 12
34 55 11
34 56 17
34 57 10
34 58 8
34 59 1
34 60 1
34 61 6
34 62 11
34 63 5
34 64 16
34 65 17
34 66 3
34 67 4
34 68 7
34 69 14
34 70 14
34 71 16
34 72 11
34 73 20
34 74 17
34 75 4
34 76 15
34 77 17
34 78 13
34 79 19
34 80 9
34 81 15
34 82 17
34 83 6
34 84 12
34 85 10
34 86 20
34 87 13
34 88 7
34 89 20
34 90 16
34 91 1
34 92 12
34 93 14
34 94 9
34 95 20
34 96 14
34 97 4
34 98 10
34 99 10
35 35 0
35 36 0
35 37 0
35 38 0
35 39 0
35 40 17
35 41 2
35 42 4
35 43 17
35 44 16
35 45 7
35 46 8
35 47 4
35 48 9
35 49 5
35 50 1
35 51 13
35 52 2
35 53 7
35 54 15
35 55 8
35 56 16
35 57 7
35 58 19
35 59 14
35 60 1
35 61 4
35 62 14
35 63 9
35 64 15
35 65 15
35 66 4
35 67 8
35 68 16
35 69 2
35 70 10
35 71 9
35 72 8
35 73 18
35 74 14
35 75 13
35 76 4
35 77 14
35 78 10
35 79 6
35 80 5
35 81 6
35 82 14
35 83 11
35 84 3
35 85 6
35 86 20
35 87 16
35 88 2
35 89 7
35 90 5
35 91 16
35 92 8
35 93 4
35 94 9
35 95 11
35 96 11
35 97 4
35 98 1
35 99 5
36 36 0
36 37 0
36 38 0
36 39 0
36 40 14
36 41 5
36 42 5
36 43 7
36 44 17
36 45 14
36 46 16
36 47 7
36 48 19
36 49 5
36 50 7
36 51 14
36 52 15
36 53 17
36 54 5
36 55 6
36 56 17
36 57 13
36 58 2
36 59 19
36 60 20
36 61 5
36 62 12
36 63 12
36 64 1
36 65 2
36 66 1
36 67 13
36 68 4
36 69 19
36 70 17
36 71 6
36 72 10
36 73 19
36 74 16
36 75 20
36 76 9
36 77 11
36 78 11
36 79 7
36 80 14
36 81 7
36 82 3
36 83 4
36 84 9
36 85 19
36 86 10
36 87 11
36 88 10
36 89 18
36 90 12
36 91 2
36 92 5
36 93 20
36 94 10
36 95 17
36 96 7
36 97 20
36 98 4
36 99 7
37 37 0
37 38 0
37 39 0
37 40 11
37 41 5
37 42 10
37 43 3
37 44 20
37 45 12
37 46 19
37 47 20
37 48 18
37 49 5
37 50 5
37 51 7
37 52 14
37 53 12
37 54 9
37 55 3
37 56 10
37 57 3
37 58 17
37 59 8
37 60 1
37 61 18
37 62 18
37 63 13
37 64 8
37 65 17
37 66 20
37 67 2
37 68 17
37 69 11
37 70 1
37 71 10
37 72 1
37 73 14
37 74 16
37 75 18
37 76 7
37 77 6
37 78 5
37 79 10
37 80 12
37 81 17
37 82 5
37 83 6
37 84 10
37 85 13
37 86 9
37 87 12
37 88 17
37 89 5
37 90 3
37 91 16
37 92 2
37 93 7
37 94 11
37 95 8
37 96 14
37 97 5
37 98 19
37 99 2
38 38 0
38 39 0
38 40 11
38 41 15
38 42 6
38 43 15
38 44 19
38 45 7
38 46 15
38 47 8
38 48 12
38 49 18
38 50 6
38 51 17
38 52 3
38 53 13
38 54 16
38 55 7
38 56 16
38 57 13
38 58 4
38 59 13
38 60 11
38 61 8
38 62 16
38 63 9
38 64 16
38 65 19
38 66 8
38 67 3
38 68 11
38 69 8
38 70 16
38 71 9
38 72 1
38 73 11
38 74 19
38 75 19
38 76 20
38 77 16
38 78 7
38 79 15
38 80 7
38 81 8
38 82 13
38 83 8
38 84 6
38 85 19
38 86 10
38 87 13
38 88 8
38 89 1
38 90 18
38 91 1
38 92 8
38 93 8
38 94 15
38 95 14
38 96 16
38 97 20
38 98 8
38 99 10
39 39 0
39 40 16
39 41 14
39 42 1
39 43 7
39 44 13
39 45 12
39 46 1
39 47 19
39 48 20
39 49 12
39 50 1
39 51 9
39 52 17
39 53 17
39 54 10
39 55 14
39 56 7
39 57 1
39 58 1
39 59 14
39 60 20
39 61 14
39 62 18
39 63 15
39 64 20
39 65 14
39 66 17
39 67 6
39 68 6
39 69 16
39 70 3
39 71 4
39 72 5
39 73 11
39 74 9
39 75 12
39 76 14
39 77 9
39 78 7
39 79 18
39 80 6
39 81 6
39 82 16
39 83 19
39 84 5
39 85 15
39 86 8
39 87 12
39 88 1
39 89 15
39 90 19
39 91 16
39 92 9
39 93 10
39 94 5
39 95 17
39 96 7
39 97 4
39 98 8
39 99 6
40 40 0
40 41 0
40 42 0
40 43 0
40 44 0
40 45 0
40 46 0
40 47 0
40 48 0
40 49 0
40 50 19
40 51 5
40 52 8
40 53 9
40 54 11
40 55 18
40 56 13
40 57 5
40 58 17
40 59 10
40 60 14
40 61 9
40 62 9
40 63 19
40 64 15
40 65 18
40 66 15
40 67 19
40 68 12
40 69 16
40 70 1
40 71 14
40 72 5
40 73 17
40 74 15
40 75 19
40 76 19
40 77 13
40 78 4
40 79 8
40 80 11
40 81 20
40 82 2
40 83 1
40 84 19
40 85 19
40 86 19
40 87 13
40 88 20
40 89 17
40 90 14
40 91 7
40 92 15
40 93 14
40 94 18
40 95 4
40 96 10
40 97 12
40 98 10
40 99 17
41 41 0
41 42 0
41 43 0
41 44 0
41 45 0
41 46 0
41 47 0
41 48 0
41 49 0
41 50 18
41 51 16
41 52 6
41 53 13
41 54 9
41 55 1
41 56 10
41 57 5
41 58 19
41 59 7
41 60 20
41 61 4
41 62 17
41 63 4
41 64 9
41 65 14
41 66 17
41 67 6
41 68 17
41 69 12
41 70 17
41 71 4
41 72 5
41 73 4
41 74 5
41 75 19
41 76 3
41 77 10
41 78 8
41 79 7
41 80 9
41 81 10
41 82 14
41 83 20
41 84 13
41 85 11
41 86 15
41 87 9
41 88 5
41 89 1
41 90 8
41 91 19
41 92 17
41 93 7
41 94 4
41 95 8
41 96 12
41 97 4
41 98 9
41 99 3
42 42 0
42 43 0
42 44 0
42 45 0
42 46 0
42 47 0
42 48 0
42 49 0
42 50 19
42 51 2
42 52 10
42 53 20
42 54 3
42 55 5
42 56 16
42 57 8
42 58 7
42 59 10
42 60 8
42 61 6
42 62 19
42 63 12
42 64 12
42 65 14
42 66 15
42 67 11
42 68 16
42 69 16
42 70 16
42 71 14
42 72 15
42 73 14
42 74 8
42 75 13
42 76 3
42 77 16
42 78 9
42 79 3
42 80 1
42 81 7
42 82 9
42 83 3
42 84 10
42 85 16
42 86 12
42 87 10
42 88 1
42 89 6
42 90 8
42 91 12
42 92 18
42 93 11
42 94 9
42 95 9
42 96 20
42 97 5
42 98 3
42 99 12
43 43 0
43 44 0
43 45 0
43 46 0
43 47 0
43 48 0
43 49 0
43 50 20
43 51 14
43 52 2
43 53 10
43 54 17
43 55 9
43 56 4
43 57 16
43 58 3
43 59 9
43 60 4
43 61 2
43 62 12
43 63 12
43 64 13
43 65 17
43 66 9
43 67 5
43 68 6
43 69 4
43 70 13
43 71 19
43 72 3
43 73 19
43 74 1
43 75 13
43 76 20
43 77 10
43 78 2
43 79 7
43 80 14
43 81 8
43 82 9
43 83 14
43 84 18
43 85 8
43 86 20
43 87 9
43 88 15
43 89 11
43 90 10
43 91 3
43 92 7
43 93 2
43 94 3
43 95 14
43 96 7
43 97 14
43 98 20
43 99 17
44 44 0
44 45 0
44 46 0
44 47 0
44 48 0
44 49 0
44 50 9
44 51 20
44 52 19
44 53 1
44 54 18
44 55 6
44 56 1
44 57 17
44 58 3
44 59 18
44 60 8
44 61 20
44 62 14
44 63 5
44 64 14
44 65 1
44 66 3
44 67 3
44 68 8
44 69 2
44 70 13
44 71 6
44 72 20
44 73 16
44 74 16
44 75 19
44 76 6
44 77 16
44 78 10
44 79 11
44 80 14
44 81 9
44 82 3
44 83 11
44 84 12
44 85 17
44 86 3
44 87 4
44 88 4
44 89 13
44 90 19
44 91 6
44 92 19
44 93 5
44 94 1
44 95 5
44 96 7
44 97 1
44 98 12
44 99 3
45 45 0
45 46 0
45 47 0
45 48 0
45 49 0
45 50 13
45 51 17
45 52 2
45 53 8
45 54 11
45 55 1
45 56 20
45 57 11
45 58 8
45 59 13
45 60 14
45 61 1
45 62 20
45 63 4
45 64 6
45 65 10
45 66 16
45 67 12
45 68 20
45 69 9
45 70 19
45 71 19
45 72 10
45 73 17
45 74 12
45 75 6
45 76 19
45 77 12
45 78 7
45 79 8
45 80 1
45 81 7
45 82 3
45 83 11
45 84 8
45 85 19
45 86 18
45 87 6
45 88 8
45 89 15
45 90 14
45 91 11
45 92 2
45 93 11
45 94 16
45 95 6
45 96 3
45 97 2
45 98 6
45 99 12
46 46 0
46 47 0
46 48 0
46 49 0
46 50 1
46 51 15
46 52 3
46 53 12
46 54 10
46 55 7
46 56 8
46 57 4
46 58 12
46 59 7
46 60 2
46 61 16
46 62 9
46 63 5
46 64 17
46 65 18
46 66 20
46 67 11
46 68 20
46 69 14
46 70 20
46 71 18
46 72 3
46 73 14
46 74 4
46 75 17
46 76 16
46 77 17
46 78 17
46 79 3
46 80 10
46 81 9
46 82 6
46 83 3
46 84 15
46 85 2
46 86 3
46 87 19
46 88 8
46 89 13
46 90 14
46 91 14
46 92 20
46 93 11
46 94 19
46 95 3
46 96 3
46 97 15
46 98 6
46 99 2
47 47 0
47 48 0
47 49 0
47 50 20
47 51 8
47 52 8
47 53 11
47 54 6
47 55 19
47 56 11
47 57 12
47 58 11
47 59 10
47 60 2
47 61 1
47 62 17
47 63 1
47 64 4
47 65 3
47 66 2
47 67 12
47 68 8
47 69 1
47 70 6
47 71 18
47 72 17
47 73 6
47 74 10
47 75 20
47 76 11
47 77 11
47 78 17
47 79 6
47 80 9
47 81 10
47 82 5
47 83 7
47 84 14
47 85 1
47 86 5
47 87 20
47 88 14
47 89 11
47 90 11
47 91 15
47 92 12
47 93 16
47 94 1
47 95 17
47 96 11
47 97 5
47 98 5
47 99 5
48 48 0
48 49 0
48 50 19
48 51 8
48 52 5
48 53 5
48 54 7
48 55 4
48 56 5
48 57 20
48 58 20
48 59 12
48 60 12
48 61 12
48 62 9
48 63 7
48 64 4
48 65 8
48 66 9
48 67 18
48 68 15
48 69 2
48 70 4
48 71 10
48 72 2
48 73 4
48 74 16
48 75 8
48 76 19
48 77 12
48 78 20
48 79 5
48 80 12
48 81 17
48 82 3
48 83 20
48 84 13
48 85 12
48 86 8
48 87 6
48 88 10
48 89 5
48 90 13
48 91 2
48 92 20
48 93 2
48 94 14
48 95 10
48 96 17
48 97 16
48 98 3
48 99 4
49 49 0
49 50 19
49 51 7
49 52 1
49 53 3
49 54 15
49 55 17
49 56 15
49 57 20
49 58 7
49 59 18
49 60 8
49 61 12
49 62 4
49 63 7
49 64 3
49 65 7
49 66 6
49 67 13
49 68 19
49 69 15
49 70 20
49 71 6
49 72 2
49 73 17
49 74 20
49 75 1
49 76 13
49 77 11
49 78 16
49 79 1
49 80 3
49 81 8
49 82 5
49 83 9
49 84 8
49 85 18
49 86 17
49 87 2
49 88 12
49 89 15
49 90 2
49 91 18
49 92 8
49 93 6
49 94 2
49 95 20
49 96 13
49 97 9
49 98 17
49 99 13
50 50 0
50 51 0
50 52 0
50 53 0
50 54 0
50 55 0
50 56 0
50 57 0
50 58 0
50 59 0
50 60 2
50 61 9
50 62 8
50 63 10
50 64 16
50 65 13
50 66 15
50 67 7
50 68 7
50 69 1
50 70 14
50 71 4
50 72 5
50 73 11
50 74 5
50 75 13
50 76 8
50 77 4
50 78 5
50 79 5
50 80 14
50 81 13
50 82 4
50 83 13
50 84 2
50 85 13
50 86 7
50 87 1
50 88 15
50 89 11
50 90 9
50 91 9
50 92 18
50 93 5
50 94 19
50 95 16
50 96 3
50 97 18
50 98 3
50 99 15
51 51 0
51 52 0
51 53 0
51 54 0
51 55 0
51 56 0
51 57 0
51 58 0
51 59 0
51 60 5
51 61 16
51 62 14
51 63 8
51 64 4
51 65 20
51 66 18
51 67 13
51 68 14
51 69 18
51 70 3
51 71 10
51 72 17
51 73 9
51 74 9
51 75 18
51 76 18
51 77 11
51 78 4
51 79 13
51 80 14
51 81 7
51 82 11
51 83 1
51 84 6
51 85 4
51 86 15
51 87 15
51 88 6
51 89 12
51 90 12
51 91 1
51 92 15
51 93 2
51 94 16
51 95 17
51 96 10
51 97 3
51 98 17
51 99 11
52 52 0
52 53 0
52 54 0
52 55 0
52 56 0
52 57 0
52 58 0
52 59 0
52 60 16
52 61 18
52 62 12
52 63 20
52 64 19
52 65 18
52 66 5
52 67 9
52 68 2
52 69 13
52 70 8
52 71 10
52 72 8
52 73 13
52 74 17
52 75 13
52 76 12
52 77 4
52 78 8
52 79 15
52 80 7
52 81 15
52 82 19
52 83 20
52 84 8
52 85 6
52 86 16
52 87 13
52 88 14
52 89 13
52 90 3
52 91 13
52 92 7
52 93 2
52 94 17
52 95 20
52 96 12
52 97 6
52 98 16
52 99 19
53 53 0
53 54 0
53 55 0
53 56 0
53 57 0
53 58 0
53 59 0
53 60 6
53 61 20
53 62 6
53 63 5
53 64 2
53 65 7
53 66 7
53 67 13
53 68 1
53 69 10
53 70 8
53 71 8
53 72 12
53 73 3
53 74 19
53 75 15
53 76 2
53 77 13
53 78 5
53 79 3
53 80 12
53 81 17
53 82 13
53 83 6
53 84 1
53 85 19
53 86 12
53 87 4
53 88 4
53 89 2
53 90 18
53 91 7
53 92 5
53 93 7
53 94 19
53 95 15
53 96 2
53 97 3
53 98 13
53 99 16
54 54 0
54 55 0
54 56 0
54 57 0
54 58 0
54 59 0
54 60 6
54 61 19
54 62 4
54 63 8
54 64 20
54 65 10
54 66 4
54 67 9
54 68 13
54 69 7
54 70 5
54 71 1
54 72 14
54 73 11
54 74 13
54 75 20
54 76 15
54 77 12
54 78 10
54 79 11
54 80 17
54 81 10
54 82 11
54 83 8
54 84 16
54 85 14
54 86 17
54 87 5
54 88 19
54 89 15
54 90 1
54 91 14
54 92 13
54 93 1
54 94 15
54 95 4
54 96 3
54 97 5
54 98 17
54 99 2
55 55 0
55 56 0
55 57 0
55 58 0
55 59 0
55 60 6
55 61 6
55 62 19
55 63 12
55 64 15
55 65 10
55 66 18
55 67 8
55 68 12
55 69 6
55 70 17
55 71 10
55 72 12
55 73 3
55 74 8
55 75 19
55 76 20
55 77 19
55 78 9
55 79 2
55 80 20
55 81 19
55 82 3
55 83 1
55 84 17
55 85 12
55 86 5
55 87 1
55 88 3
55 89 15
55 90 15
55 91 10
55 92 11
55 93 9
55 94 7
55 95 3
55 96 10
55 97 2
55 98 9
55 99 19
56 56 0
56 57 0
56 58 0
56 59 0
56 60 5
56 61 18
56 62 19
56 63 3
56 64 12
56 65 4
56 66 1
56 67 5
56 68 19
56 69 15
56 70 14
56 71 7
56 72 20
56 73 10
56 74 15
56 75 9
56 76 5
56 77 18
56 78 5
56 79 4
56 80 4
56 81 10
56 82 18
56 83 17
56 84 14
56 85 14
56 86 12
56 87 16
56 88 10
56 89 11
56 90 12
56 91 19
56 92 1
56 93 19
56 94 5
56 95 12
56 96 16
56 97 7
56 98 17
56 99 15
57 57 0
57 58 0
57 59 0
57 60 11
57 61 16
57 62 6
57 63 1
57 64 20
57 65 19
57 66 6
57 67 12
57 68 1
57 69 20
57 70 18
57 71 13
57 72 13
57 73 1
57 74 10
57 75 3
57 76 17
57 77 12
57 78 9
57 79 14
57 80 15
57 81 18
57 82 14
57 83 1
57 84 15
57 85 15
57 86 7
57 87 4
57 88 13
57 89 17
57 90 8
57 91 2
57 92 13
57 93 10
57 94 8
57 95 1
57 96 8
57 97 20
57 98 10
57 99 1
58 58 0
58 59 0
58 60 19
58 61 14
58 62 18
58 63 18
58 64 16
58 65 11
58 66 17
58 67 4
58 68 1
58 69 18
58 70 4
58 71 11
58 72 1
58 73 7
58 74 11
58 75 12
58 76 1
58 77 5
58 78 18
58 79 10
58 80 7
58 81 4
58 82 6
58 83 10
58 84 5
58 85 17
58 86 13
58 87 5
58 88 19
58 89 6
58 90 7
58 91 18
58 92 8
58 93 1
58 94 17
58 95 12
58 96 1
58 97 14
58 98 14
58 99 13
59 59 0
59 60 12
59 61 7
59 62 12
59 63 1
59 64 18
59 65 3
59 66 12
59 67 4
59 68 18
59 69 4
59 70 16
59 71 9
59 72 16
59 73 6
59 74 9
59 75 17
59 76 13
59 77 14
59 78 15
59 79 6
59 80 1
59 81 2
59 82 17
59 83 18
59 84 11
59 85 18
59 86 18
59 87 5
59 88 2
59 89 6
59 90 2
59 91 2
59 92 14
59 93 7
59 94 2
59 95 20
59 96 18
59 97 1
59 98 2
59 99 14
60 60 0
60 61 0
60 62 0
60 63 0
60 64 0
60 65 0
60 66 0
60 67 0
60 68 0
60 69 0
60 70 2
60 71 18
60 72 9
60 73 3
60 74 10
60 75 3
60 76 4
60 77 4
60 78 16
60 79 9
60 80 12
60 81 11
60 82 1
60 83 1
60 84 3
60 85 2
60 86 3
60 87 20
60 88 18
60 89 8
60 90 11
60 91 4
60 92 5
60 93 13
60 94 17
60 95 17
60 96 2
60 97 14
60 98 17
60 99 12
61 61 0
61 62 0
61 63 0
61 64 0
61 65 0
61 66 0
61 67 0
61 68 0
61 69 0
61 70 14
61 71 17
61 72 8
61 73 4
61 74 20
61 75 13
61 76 16
61 77 1
61 78 20
61 79 10
61 80 14
61 81 18
61 82 19
61 83 11
61 84 17
61 85 17
61 86 2
61 87 17
61 88 14
61 89 1
61 90 7
61 91 16
61 92 11
61 93 13
61 94 7
61 95 14
61 96 4
61 97 4
61 98 8
61 99 3
62 62 0
62 63 0
62 64 0
62 65 0
62 66 0
62 67 0
62 68 0
62 69 0
62 70 9
62 71 15
62 72 11
62 73 19
62 74 10
62 75 2
62 76 13
62 77 12
62 78 8
62 79 5
62 80 7
62 81 9
62 82 2
62 83 2
62 84 13
62 85 4
62 86 4
62 87 7
62 88 9
62 89 15
62 90 19
62 91 14
62 92 11
62 93 19
62 94 11
62 95 6
62 96 5
62 97 8
62 98 1
62 99 8
63 63 0
63 64 0
63 65 0
63 66 0
63 67 0
63 68 0
63 69 0
63 70 13
63 71 4
63 72 7
63 73 9
63 74 11
63 75 3
63 76 1
63 77 19
63 78 15
63 79 4
63 80 2
63 81 11
63 82 12
63 83 13
63 84 9
63 85 20
63 86 20
63 87 19
63 88 17
63 89 1
63 90 1
63 91 19
63 92 13
63 93 5
63 94 11
63 95 15
63 96 16
63 97 6
63 98 18
63 99 11
64 64 0
64 65 0
64 66 0
64 67 0
64 68 0
64 69 0
64 70 5
64 71 19
64 72 6
64 73 10
64 74 12
64 75 8
64 76 11
64 77 6
64 78 16
64 79 4
64 80 10
64 81 4
64 82 6
64 83 9
64 84 14
64 85 20
64 86 17
64 87 18
64 88 16
64 89 1
64 90 19
64 91 11
64 92 19
64 93 17
64 94 13
64 95 1
64 96 20
64 97 19
64 98 4
64 99 20
65 65 0
65 66 0
65 67 0
65 68 0
65 69 0
65 70 20
65 71 19
65 72 12
65 73 4
65 74 4
65 75 14
65 76 4
65 77 8
65 78 15
65 79 2
65 80 6
65 81 1
65 82 20
65 83 4
65 84 3
65 85 15
65 86 5
65 87 14
65 88 14
65 89 4
65 90 12
65 91 11
65 92 18
65 93 15
65 94 8
65 95 8
65 96 2
65 97 17
65 98 6
65 99 11
66 66 0
66 67 0
66 68 0
66 69 0
66 70 14
66 71 13
66 72 13
66 73 17
66 74 7
66 75 5
66 76 7
66 77 14
66 78 2
66 79 13
66 80 6
66 81 11
66 82 13
66 83 12
66 84 17
66 85 16
66 86 11
66 87 18
66 88 10
66 89 9
66 90 20
66 91 8
66 92 1
66 93 16
66 94 7
66 95 6
66 96 2
66 97 17
66 98 2
66 99 12
67 67 0
67 68 0
67 69 0
67 70 7
67 71 15
67 72 14
67 73 14
67 74 7
67 75 11
67 76 14
67 77 1
67 78 13
67 79 15
67 80 6
67 81 11
67 82 16
67 83 6
67 84 8
67 85 5
67 86 15
67 87 3
67 88 3
67 89 9
67 90 2
67 91 13
67 92 4
67 93 4
67 94 14
67 95 3
67 96 9
67 97 7
67 98 20
67 99 6
68 68 0
68 69 0
68 70 9
68 71 13
68 72 18
68 73 1
68 74 7
68 75 11
68 76 17
68 77 14
68 78 13
68 79 5
68 80 10
68 81 4
68 82 19
68 83 14
68 84 19
68 85 2
68 86 6
68 87 2
68 88 6
68 89 8
68 90 13
68 91 7
68 92 7
68 93 5
68 94 8
68 95 19
68 96 10
68 97 12
68 98 16
68 99 5
69 69 0
69 70 11
69 71 15
69 72 13
69 73 17
69 74 14
69 75 17
69 76 2
69 77 8
69 78 3
69 79 17
69 80 18
69 81 16
69 82 3
69 83 14
69 84 3
69 85 4
69 86 8
69 87 16
69 88 15
69 89 1
69 90 10
69 91 2
69 92 12
69 93 5
69 94 7
69 95 14
69 96 5
69 97 12
69 98 1
69 99 20
70 70 0
70 71 0
70 72 0
70 73 0
70 74 0
70 75 0
70 76 0
70 77 0
70 78 0
70 79 0
70 80 11
70 81 4
70 82 20
70 83 13
70 84 9
70 85 11
70 86 9
70 87 3
70 88 2
70 89 4
70 90 15
70 91 5
70 92 20
70 93 13
70 94 5
70 95 6
70 96 12
70 97 1
70 98 9
70 99 2
71 71 0
71 72 0
71 73 0
71 74 0
71 75 0
71 76 0
71 77 0
71 78 0
71 79 0
71 80 12
71 81 19
71 82 17
71 83 9
71 84 16
71 85 14
71 86 4
71 87 7
71 88 6
71 89 19
71 90 1
71 91 5
71 92 15
71 93 13
71 94 13
71 95 5
71 96 8
71 97 11
71 98 5
71 99 16
72 72 0
72 73 0
72 74 0
72 75 0
72 76 0
72 77 0
72 78 0
72 79 0
72 80 17
72 81 1
72 82 18
72 83 3
72 84 6
72 85 19
72 86 10
72 87 15
72 88 3
72 89 19
72 90 13
72 91 3
72 92 1
72 93 2
72 94 19
72 95 15
72 96 7
72 97 10
72 98 12
72 99 15
73 73 0
73 74 0
73 75 0
73 76 0
73 77 0
73 78 0
73 79 0
73 80 5
73 81 15
73 82 10
73 83 9
73 84 9
73 85 16
73 86 7
73 87 17
73 88 6
73 89 8
73 90 6
73 91 5
73 92 1
73 93 8
73 94 1
73 95 13
73 96 20
73 97 1
73 98 8
73 99 17
74 74 0
74 75 0
74 76 0
74 77 0
74 78 0
74 79 0
74 80 18
74 81 3
74 82 4
74 83 6
74 84 3
74 85 14
74 86 3
74 87 16
74 88 16
74 89 3
74 90 17
74 91 12
74 92 4
74 93 18
74 94 5
74 95 15
74 96 12
74 97 3
74 98 18
74 99 3
75 75 0
75 76 0
75 77 0
75 78 0
75 79 0
75 80 14
75 81 17
75 82 5
75 83 20
75 84 9
75 85 8
75 86 13
75 87 17
75 88 4
75 89 16
75 90 15
75 91 2
75 92 10
75 93 7
75 94 8
75 95 10
75 96 17
75 97 10
75 98 12
75 99 6
76 76 0
76 77 0
76 78 0
76 79 0
76 80 13
76 81 15
76 82 17
76 83 6
76 84 16
76 85 8
76 86 1
76 87 1
76 88 3
76 89 20
76 90 10
76 91 14
76 92 15
76 93 4
76 94 8
76 95 9
76 96 8
76 97 3
76 98 11
76 99 14
77 77 0
77 78 0
77 79 0
77 80 1
77 81 10
77 82 2
77 83 9
77 84 8
77 85 18
77 86 6
77 87 3
77 88 5
77 89 17
77 90 15
77 91 7
77 92 3
77 93 10
77 94 1
77 95 6
77 96 7
77 97 1
77 98 11
77 99 8
78 78 0
78 79 0
78 80 13
78 81 10
78 82 15
78 83 9
78 84 13
78 85 16
78 86 19
78 87 12
78 88 6
78 89 12
78 90 7
78 91 15
78 92 20
78 93 4
78 94 20
78 95 3
78 96 17
78 97 6
78 98 12
78 99 11
79 79 0
79 80 3
79 81 5
79 82 20
79 83 13
79 84 10
79 85 14
79 86 1
79 87 1
79 88 8
79 89 11
79 90 10
79 91 19
79 92 11
79 93 7
79 94 11
79 95 7
79 96 8
79 97 1
79 98 20
79 99 2
80 80 0
80 81 0
80 82 0
80 83 0
80 84 0
80 85 0
80 86 0
80 87 0
80 88 0
80 89 0
80 90 14
80 91 10
80 92 3
80 93 18
80 94 12
80 95 10
80 96 5
80 97 20
80 98 15
80 99 18
81 81 0
81 82 0
81 83 0
81 84 0
81 85 0
81 86 0
81 87 0
81 88 0
81 89 0
81 90 8
81 91 7
81 92 11
81 93 11
81 94 16
81 95 18
81 96 20
81 97 8
81 98 20
81 99 2
82 82 0
82 83 0
82 84 0
82 85 0
82 86 0
82 87 0
82 88 0
82 89 0
82 90 4
82 91 8
82 92 20
82 93 7
82 94 6
82 95 18
82 96 6
82 97 4
82 98 5
82 99 2
83 83 0
83 84 0
83 85 0
83 86 0
83 87 0
83 88 0
83 89 0
83 90 13
83 91 11
83 92 16
83 93 5
83 94 6
83 95 16
83 96 10
83 97 10
83 98 10
83 99 1
84 84 0
84 85 0
84 86 0
84 87 0
84 88 0
84 89 0
84 90 19
84 91 7
84 92 2
84 93 18
84 94 14
84 95 3
84 96 7
84 97 14
84 98 9
84 99 1
85 85 0
85 86 0
85 87 0
85 88 0
85 89 0
85 90 1
85 91 18
85 92 7
85 93 15
85 94 19
85 95 20
85 96 12
85 97 6
85 98 7
85 99 17
86 86 0
86 87 0
86 88 0
86 89 0
86 90 20
86 91 13
86 92 16
86 93 9
86 94 2
86 95 18
86 96 18
86 97 7
86 98 7
86 99 12
87 87 0
87 88 0
87 89 0
87 90 3
87 91 3
87 92 20
87 93 19
87 94 16
87 95 11
87 96 17
87 97 18
87 98 2
87 99 10
88 88 0
88 89 0
88 90 16
88 91 15
88 92 4
88 93 14
88 94 14
88 95 2
88 96 6
88 97 14
88 98 9
88 99 20
89 89 0
89 90 20
89 91 4
89 92 11
89 93 7
89 94 8
89 95 4
89 96 11
89 97 2
89 98 1
89 99 20
90 90 0
90 91 0
90 92 0
90 93 0
90 94 0
90 95 0
90 96 0
90 97 0
90 98 0
90 99 0
91 91 0
91 92 0
91 93 0
91 94 0
91 95 0
91 96 0
91 97 0
91 98 0
91 99 0
92 92 0
92 93 0
92 94 0
92 95 0
92 96 0
92 97 0
92 98 0
92 99 0
93 93 0
93 94 0
93 95 0
93 96 0
93 97 0
93 98 0
93 99 0
94 94 0
94 95 0
94 96 0
94 97 0
94 98 0
94 99 0
95 95 0
95 96 0
95 97 0
95 98 0
95 99 0
96 96 0
96 97 0
96 98 0
96 99 0
97 97 0
97 98 0
97 99 0
98 98 0
98 99 0
99 99 0
