5
6
17
16
25
7
0 0 0
0 1 0
0 2 0
0 3 0
0 4 0
0 5 0
0 6 24
0 7 22
0 8 23
0 9 19
0 10 22
0 11 22
0 12 19
0 13 23
0 14 21
0 15 19
0 16 18
0 17 16
0 18 21
0 19 19
0 20 16
0 21 17
0 22 21
0 23 22
0 24 20
0 25 20
0 26 19
0 27 22
0 28 18
0 29 23
0 30 20
0 31 21
0 32 20
0 33 20
0 34 19
0 35 19
0 36 20
0 37 22
0 38 20
0 39 23
0 40 22
0 41 17
0 42 20
0 43 16
0 44 19
0 45 22
0 46 20
0 47 17
0 48 21
0 49 19
0 50 20
0 51 20
0 52 20
0 53 19
0 54 23
0 55 19
0 56 22
0 57 21
0 58 20
0 59 23
0 60 21
0 61 22
0 62 20
0 63 21
0 64 18
0 65 23
0 66 22
0 67 22
0 68 21
0 69 21
0 70 15
1 1 0
1 2 0
1 3 0
1 4 0
1 5 0
1 6 21
1 7 18
1 8 18
1 9 25
1 10 21
1 11 20
1 12 20
1 13 21
1 14 18
1 15 22
1 16 23
1 17 20
1 18 24
1 19 19
1 20 21
1 21 25
1 22 22
1 23 22
1 24 19
1 25 22
1 26 18
1 27 25
1 28 17
1 29 18
1 30 18
1 31 22
1 32 16
1 33 18
1 34 21
1 35 20
1 36 18
1 37 17
1 38 21
1 39 19
1 40 24
1 41 19
1 42 20
1 43 19
1 44 23
1 45 16
1 46 24
1 47 18
1 48 21
1 49 23
1 50 20
1 51 19
1 52 18
1 53 22
1 54 19
1 55 20
1 56 21
1 57 18
1 58 18
1 59 19
1 60 17
1 61 20
1 62 17
1 63 20
1 64 23
1 65 20
1 66 19
1 67 23
1 68 18
1 69 16
1 70 20
2 2 0
2 3 0
2 4 0
2 5 0
2 6 19
2 7 22
2 8 20
2 9 18
2 10 18
2 11 21
2 12 24
2 13 19
2 14 20
2 15 19
2 16 20
2 17 20
2 18 23
2 19 23
2 20 19
2 21 20
2 22 17
2 23 21
2 24 19
2 25 20
2 26 18
2 27 24
2 28 20
2 29 17
2 30 18
2 31 19
2 32 19
2 33 21
2 34 13
2 35 21
2 36 22
2 37 19
2 38 19
2 39 24
2 40 20
2 41 20
2 42 19
2 43 19
2 44 20
2 45 20
2 46 21
2 47 21
2 48 22
2 49 18
2 50 21
2 51 24
2 52 16
2 53 19
2 54 23
2 55 23
2 56 21
2 57 22
2 58 19
2 59 19
2 60 22
2 61 20
2 62 21
2 63 22
2 64 20
2 65 23
2 66 19
2 67 23
2 68 23
2 69 20
2 70 23
3 3 0
3 4 0
3 5 0
3 6 22
3 7 17
3 8 20
3 9 20
3 10 20
3 11 25
3 12 22
3 13 22
3 14 20
3 15 22
3 16 19
3 17 21
3 18 22
3 19 22
3 20 21
3 21 19
3 22 22
3 23 21
3 24 20
3 25 19
3 26 21
3 27 19
3 28 20
3 29 22
3 30 23
3 31 19
3 32 20
3 33 18
3 34 18
3 35 20
3 36 21
3 37 21
3 38 21
3 39 20
3 40 23
3 41 19
3 42 17
3 43 19
3 44 21
3 45 19
3 46 22
3 47 21
3 48 22
3 49 24
3 50 17
3 51 20
3 52 17
3 53 22
3 54 20
3 55 21
3 56 16
3 57 17
3 58 19
3 59 19
3 60 23
3 61 21
3 62 18
3 63 22
3 64 18
3 65 20
3 66 21
3 67 21
3 68 22
3 69 21
3 70 15
4 4 0
4 5 0
4 6 21
4 7 18
4 8 19
4 9 21
4 10 19
4 11 18
4 12 19
4 13 23
4 14 17
4 15 21
4 16 20
4 17 18
4 18 15
4 19 19
4 20 22
4 21 17
4 22 22
4 23 19
4 24 20
4 25 24
4 26 19
4 27 21
4 28 20
4 29 20
4 30 22
4 31 22
4 32 20
4 33 20
4 34 21
4 35 20
4 36 22
4 37 16
4 38 21
4 39 18
4 40 19
4 41 22
4 42 20
4 43 17
4 44 21
4 45 17
4 46 20
4 47 18
4 48 22
4 49 19
4 50 17
4 51 21
4 52 22
4 53 21
4 54 18
4 55 16
4 56 17
4 57 20
4 58 22
4 59 22
4 60 18
4 61 19
4 62 20
4 63 16
4 64 22
4 65 20
4 66 22
4 67 18
4 68 20
4 69 25
4 70 23
5 5 0
5 6 17
5 7 19
5 8 18
5 9 20
5 10 19
5 11 20
5 12 23
5 13 20
5 14 21
5 15 19
5 16 22
5 17 18
5 18 21
5 19 20
5 20 17
5 21 16
5 22 20
5 23 22
5 24 19
5 25 20
5 26 22
5 27 20
5 28 20
5 29 17
5 30 18
5 31 21
5 32 20
5 33 16
5 34 18
5 35 20
5 36 15
5 37 22
5 38 22
5 39 24
5 40 20
5 41 20
5 42 20
5 43 20
5 44 20
5 45 18
5 46 15
5 47 22
5 48 19
5 49 19
5 50 21
5 51 21
5 52 17
5 53 21
5 54 20
5 55 18
5 56 19
5 57 20
5 58 18
5 59 15
5 60 19
5 61 19
5 62 15
5 63 21
5 64 20
5 65 19
5 66 20
5 67 18
5 68 20
5 69 20
5 70 19
6 6 0
6 7 0
6 8 0
6 9 0
6 10 0
6 11 0
6 12 0
6 13 0
6 14 0
6 15 0
6 16 0
6 17 0
6 18 0
6 19 0
6 20 0
6 21 0
6 22 0
6 23 20
6 24 20
6 25 18
6 26 20
6 27 19
6 28 22
6 29 20
6 30 20
6 31 17
6 32 24
6 33 20
6 34 19
6 35 16
6 36 18
6 37 21
6 38 21
6 39 17
6 40 18
6 41 17
6 42 19
6 43 20
6 44 21
6 45 23
6 46 21
6 47 18
6 48 23
6 49 19
6 50 24
6 51 18
6 52 21
6 53 17
6 54 19
6 55 23
6 56 18
6 57 18
6 58 18
6 59 21
6 60 22
6 61 17
6 62 20
6 63 25
6 64 18
6 65 20
6 66 19
6 67 22
6 68 20
6 69 16
6 70 18
7 7 0
7 8 0
7 9 0
7 10 0
7 11 0
7 12 0
7 13 0
7 14 0
7 15 0
7 16 0
7 17 0
7 18 0
7 19 0
7 20 0
7 21 0
7 22 0
7 23 18
7 24 21
7 25 17
7 26 20
7 27 20
7 28 19
7 29 23
7 30 20
7 31 18
7 32 23
7 33 19
7 34 21
7 35 18
7 36 22
7 37 22
7 38 20
7 39 21
7 40 26
7 41 22
7 42 20
7 43 18
7 44 21
7 45 21
7 46 20
7 47 18
7 48 20
7 49 19
7 50 20
7 51 19
7 52 18
7 53 19
7 54 18
7 55 17
7 56 21
7 57 23
7 58 19
7 59 20
7 60 21
7 61 18
7 62 21
7 63 22
7 64 22
7 65 18
7 66 20
7 67 20
7 68 20
7 69 22
7 70 21
8 8 0
8 9 0
8 10 0
8 11 0
8 12 0
8 13 0
8 14 0
8 15 0
8 16 0
8 17 0
8 18 0
8 19 0
8 20 0
8 21 0
8 22 0
8 23 19
8 24 22
8 25 18
8 26 23
8 27 20
8 28 16
8 29 21
8 30 19
8 31 21
8 32 19
8 33 19
8 34 18
8 35 23
8 36 16
8 37 18
8 38 21
8 39 19
8 40 20
8 41 21
8 42 19
8 43 21
8 44 20
8 45 17
8 46 18
8 47 20
8 48 17
8 49 20
8 50 21
8 51 22
8 52 15
8 53 16
8 54 20
8 55 19
8 56 21
8 57 20
8 58 19
8 59 19
8 60 24
8 61 21
8 62 17
8 63 17
8 64 19
8 65 20
8 66 20
8 67 19
8 68 21
8 69 22
8 70 22
9 9 0
9 10 0
9 11 0
9 12 0
9 13 0
9 14 0
9 15 0
9 16 0
9 17 0
9 18 0
9 19 0
9 20 0
9 21 0
9 22 0
9 23 18
9 24 20
9 25 19
9 26 21
9 27 19
9 28 20
9 29 19
9 30 22
9 31 21
9 32 24
9 33 20
9 34 17
9 35 17
9 36 20
9 37 18
9 38 17
9 39 21
9 40 17
9 41 19
9 42 19
9 43 19
9 44 20
9 45 20
9 46 20
9 47 20
9 48 21
9 49 22
9 50 18
9 51 20
9 52 22
9 53 17
9 54 18
9 55 23
9 56 19
9 57 19
9 58 22
9 59 20
9 60 19
9 61 17
9 62 19
9 63 21
9 64 22
9 65 19
9 66 19
9 67 17
9 68 19
9 69 21
9 70 19
10 10 0
10 11 0
10 12 0
10 13 0
10 14 0
10 15 0
10 16 0
10 17 0
10 18 0
10 19 0
10 20 0
10 21 0
10 22 0
10 23 17
10 24 19
10 25 18
10 26 20
10 27 22
10 28 23
10 29 19
10 30 20
10 31 19
10 32 20
10 33 24
10 34 20
10 35 20
10 36 18
10 37 20
10 38 20
10 39 17
10 40 19
10 41 21
10 42 19
10 43 20
10 44 20
10 45 22
10 46 18
10 47 23
10 48 22
10 49 21
10 50 24
10 51 17
10 52 19
10 53 22
10 54 20
10 55 20
10 56 22
10 57 21
10 58 20
10 59 16
10 60 20
10 61 18
10 62 21
10 63 20
10 64 21
10 65 22
10 66 18
10 67 21
10 68 20
10 69 21
10 70 20
11 11 0
11 12 0
11 13 0
11 14 0
11 15 0
11 16 0
11 17 0
11 18 0
11 19 0
11 20 0
11 21 0
11 22 0
11 23 21
11 24 19
11 25 19
11 26 17
11 27 23
11 28 22
11 29 20
11 30 17
11 31 19
11 32 16
11 33 18
11 34 18
11 35 16
11 36 20
11 37 22
11 38 22
11 39 20
11 40 17
11 41 21
11 42 20
11 43 20
11 44 20
11 45 22
11 46 20
11 47 21
11 48 20
11 49 16
11 50 20
11 51 19
11 52 21
11 53 22
11 54 18
11 55 17
11 56 20
11 57 18
11 58 15
11 59 21
11 60 20
11 61 23
11 62 19
11 63 23
11 64 21
11 65 18
11 66 19
11 67 21
11 68 19
11 69 21
11 70 20
12 12 0
12 13 0
12 14 0
12 15 0
12 16 0
12 17 0
12 18 0
12 19 0
12 20 0
12 21 0
12 22 0
12 23 18
12 24 21
12 25 19
12 26 20
12 27 22
12 28 21
12 29 22
12 30 17
12 31 19
12 32 21
12 33 20
12 34 17
12 35 18
12 36 21
12 37 19
12 38 21
12 39 17
12 40 16
12 41 20
12 42 16
12 43 22
12 44 20
12 45 20
12 46 24
12 47 18
12 48 18
12 49 19
12 50 19
12 51 18
12 52 22
12 53 21
12 54 19
12 55 19
12 56 19
12 57 20
12 58 19
12 59 15
12 60 18
12 61 16
12 62 21
12 63 17
12 64 21
12 65 15
12 66 17
12 67 20
12 68 16
12 69 20
12 70 20
13 13 0
13 14 0
13 15 0
13 16 0
13 17 0
13 18 0
13 19 0
13 20 0
13 21 0
13 22 0
13 23 17
13 24 18
13 25 21
13 26 17
13 27 23
13 28 21
13 29 18
13 30 20
13 31 19
13 32 20
13 33 25
13 34 18
13 35 23
13 36 19
13 37 24
13 38 18
13 39 24
13 40 18
13 41 21
13 42 23
13 43 20
13 44 22
13 45 20
13 46 19
13 47 19
13 48 23
13 49 24
13 50 21
13 51 20
13 52 23
13 53 26
13 54 23
13 55 19
13 56 20
13 57 22
13 58 20
13 59 22
13 60 25
13 61 20
13 62 24
13 63 22
13 64 19
13 65 19
13 66 18
13 67 17
13 68 19
13 69 20
13 70 21
14 14 0
14 15 0
14 16 0
14 17 0
14 18 0
14 19 0
14 20 0
14 21 0
14 22 0
14 23 21
14 24 22
14 25 20
14 26 19
14 27 20
14 28 18
14 29 18
14 30 23
14 31 22
14 32 21
14 33 19
14 34 19
14 35 17
14 36 20
14 37 20
14 38 21
14 39 20
14 40 18
14 41 19
14 42 20
14 43 20
14 44 21
14 45 20
14 46 21
14 47 20
14 48 24
14 49 19
14 50 16
14 51 20
14 52 20
14 53 15
14 54 18
14 55 22
14 56 22
14 57 19
14 58 18
14 59 21
14 60 22
14 61 18
14 62 19
14 63 18
14 64 22
14 65 21
14 66 21
14 67 20
14 68 21
14 69 24
14 70 16
15 15 0
15 16 0
15 17 0
15 18 0
15 19 0
15 20 0
15 21 0
15 22 0
15 23 22
15 24 21
15 25 23
15 26 22
15 27 18
15 28 20
15 29 19
15 30 21
15 31 23
15 32 22
15 33 19
15 34 22
15 35 24
15 36 24
15 37 21
15 38 20
15 39 24
15 40 23
15 41 16
15 42 21
15 43 20
15 44 22
15 45 18
15 46 19
15 47 20
15 48 21
15 49 24
15 50 18
15 51 19
15 52 22
15 53 24
15 54 17
15 55 20
15 56 21
15 57 23
15 58 23
15 59 15
15 60 20
15 61 24
15 62 17
15 63 16
15 64 17
15 65 23
15 66 20
15 67 17
15 68 20
15 69 22
15 70 20
16 16 0
16 17 0
16 18 0
16 19 0
16 20 0
16 21 0
16 22 0
16 23 20
16 24 20
16 25 21
16 26 22
16 27 23
16 28 18
16 29 21
16 30 19
16 31 24
16 32 18
16 33 19
16 34 20
16 35 21
16 36 18
16 37 17
16 38 20
16 39 23
16 40 21
16 41 21
16 42 18
16 43 23
16 44 18
16 45 21
16 46 20
16 47 17
16 48 18
16 49 20
16 50 21
16 51 20
16 52 16
16 53 24
16 54 22
16 55 21
16 56 20
16 57 19
16 58 20
16 59 25
16 60 20
16 61 21
16 62 20
16 63 19
16 64 19
16 65 18
16 66 16
16 67 18
16 68 19
16 69 19
16 70 22
17 17 0
17 18 0
17 19 0
17 20 0
17 21 0
17 22 0
17 23 22
17 24 22
17 25 18
17 26 21
17 27 17
17 28 17
17 29 21
17 30 15
17 31 22
17 32 21
17 33 16
17 34 21
17 35 20
17 36 17
17 37 18
17 38 19
17 39 23
17 40 22
17 41 20
17 42 23
17 43 16
17 44 20
17 45 16
17 46 23
17 47 22
17 48 18
17 49 21
17 50 17
17 51 18
17 52 20
17 53 22
17 54 18
17 55 22
17 56 20
17 57 17
17 58 20
17 59 19
17 60 22
17 61 23
17 62 21
17 63 19
17 64 19
17 65 24
17 66 20
17 67 17
17 68 16
17 69 21
17 70 16
18 18 0
18 19 0
18 20 0
18 21 0
18 22 0
18 23 18
18 24 17
18 25 18
18 26 22
18 27 21
18 28 20
18 29 26
18 30 22
18 31 20
18 32 19
18 33 20
18 34 18
18 35 22
18 36 17
18 37 21
18 38 23
18 39 18
18 40 20
18 41 21
18 42 23
18 43 19
18 44 21
18 45 20
18 46 23
18 47 17
18 48 20
18 49 21
18 50 17
18 51 15
18 52 20
18 53 18
18 54 20
18 55 18
18 56 19
18 57 19
18 58 21
18 59 21
18 60 21
18 61 22
18 62 24
18 63 21
18 64 17
18 65 22
18 66 23
18 67 19
18 68 21
18 69 20
18 70 18
19 19 0
19 20 0
19 21 0
19 22 0
19 23 23
19 24 20
19 25 19
19 26 20
19 27 17
19 28 19
19 29 22
19 30 19
19 31 20
19 32 21
19 33 18
19 34 22
19 35 21
19 36 15
19 37 19
19 38 22
19 39 18
19 40 21
19 41 21
19 42 18
19 43 18
19 44 20
19 45 22
19 46 18
19 47 19
19 48 19
19 49 18
19 50 20
19 51 18
19 52 21
19 53 20
19 54 18
19 55 23
19 56 20
19 57 16
19 58 22
19 59 17
19 60 18
19 61 19
19 62 19
19 63 26
19 64 19
19 65 20
19 66 22
19 67 21
19 68 20
19 69 23
19 70 21
20 20 0
20 21 0
20 22 0
20 23 19
20 24 18
20 25 20
20 26 20
20 27 22
20 28 19
20 29 21
20 30 19
20 31 17
20 32 22
20 33 24
20 34 24
20 35 20
20 36 21
20 37 17
20 38 19
20 39 22
20 40 22
20 41 19
20 42 20
20 43 18
20 44 20
20 45 21
20 46 18
20 47 25
20 48 19
20 49 21
20 50 21
20 51 19
20 52 20
20 53 19
20 54 19
20 55 21
20 56 21
20 57 17
20 58 20
20 59 23
20 60 20
20 61 21
20 62 19
20 63 21
20 64 21
20 65 24
20 66 20
20 67 20
20 68 18
20 69 18
20 70 18
21 21 0
21 22 0
21 23 18
21 24 20
21 25 19
21 26 21
21 27 19
21 28 18
21 29 19
21 30 19
21 31 19
21 32 22
21 33 20
21 34 21
21 35 22
21 36 21
21 37 22
21 38 20
21 39 23
21 40 17
21 41 21
21 42 23
21 43 19
21 44 24
21 45 19
21 46 18
21 47 22
21 48 19
21 49 21
21 50 20
21 51 22
21 52 18
21 53 25
21 54 18
21 55 19
21 56 23
21 57 21
21 58 20
21 59 20
21 60 20
21 61 23
21 62 24
21 63 22
21 64 22
21 65 19
21 66 21
21 67 19
21 68 18
21 69 19
21 70 17
22 22 0
22 23 21
22 24 21
22 25 21
22 26 18
22 27 20
22 28 21
22 29 22
22 30 21
22 31 16
22 32 21
22 33 22
22 34 18
22 35 21
22 36 22
22 37 20
22 38 24
22 39 21
22 40 22
22 41 22
22 42 22
22 43 23
22 44 21
22 45 17
22 46 20
22 47 20
22 48 18
22 49 18
22 50 21
22 51 16
22 52 20
22 53 16
22 54 19
22 55 21
22 56 20
22 57 21
22 58 16
22 59 18
22 60 20
22 61 20
22 62 22
22 63 20
22 64 21
22 65 18
22 66 20
22 67 19
22 68 20
22 69 20
22 70 22
23 23 0
23 24 0
23 25 0
23 26 0
23 27 0
23 28 0
23 29 0
23 30 0
23 31 0
23 32 0
23 33 0
23 34 0
23 35 0
23 36 0
23 37 0
23 38 0
23 39 20
23 40 21
23 41 19
23 42 23
23 43 21
23 44 19
23 45 21
23 46 21
23 47 22
23 48 20
23 49 23
23 50 22
23 51 18
23 52 23
23 53 20
23 54 18
23 55 21
23 56 20
23 57 25
23 58 22
23 59 18
23 60 21
23 61 22
23 62 22
23 63 20
23 64 19
23 65 21
23 66 16
23 67 18
23 68 17
23 69 18
23 70 21
24 24 0
24 25 0
24 26 0
24 27 0
24 28 0
24 29 0
24 30 0
24 31 0
24 32 0
24 33 0
24 34 0
24 35 0
24 36 0
24 37 0
24 38 0
24 39 22
24 40 20
24 41 20
24 42 23
24 43 19
24 44 17
24 45 20
24 46 19
24 47 20
24 48 20
24 49 17
24 50 22
24 51 20
24 52 22
24 53 18
24 54 17
24 55 21
24 56 21
24 57 20
24 58 21
24 59 21
24 60 20
24 61 23
24 62 18
24 63 20
24 64 21
24 65 20
24 66 21
24 67 19
24 68 20
24 69 20
24 70 17
25 25 0
25 26 0
25 27 0
25 28 0
25 29 0
25 30 0
25 31 0
25 32 0
25 33 0
25 34 0
25 35 0
25 36 0
25 37 0
25 38 0
25 39 22
25 40 21
25 41 21
25 42 20
25 43 21
25 44 19
25 45 18
25 46 23
25 47 22
25 48 23
25 49 20
25 50 17
25 51 23
25 52 18
25 53 21
25 54 23
25 55 21
25 56 22
25 57 21
25 58 23
25 59 21
25 60 16
25 61 21
25 62 19
25 63 18
25 64 20
25 65 19
25 66 22
25 67 22
25 68 18
25 69 17
25 70 23
26 26 0
26 27 0
26 28 0
26 29 0
26 30 0
26 31 0
26 32 0
26 33 0
26 34 0
26 35 0
26 36 0
26 37 0
26 38 0
26 39 17
26 40 24
26 41 23
26 42 19
26 43 17
26 44 21
26 45 18
26 46 20
26 47 18
26 48 23
26 49 16
26 50 21
26 51 19
26 52 22
26 53 19
26 54 24
26 55 20
26 56 18
26 57 21
26 58 21
26 59 21
26 60 20
26 61 19
26 62 21
26 63 19
26 64 19
26 65 19
26 66 24
26 67 21
26 68 20
26 69 23
26 70 22
27 27 0
27 28 0
27 29 0
27 30 0
27 31 0
27 32 0
27 33 0
27 34 0
27 35 0
27 36 0
27 37 0
27 38 0
27 39 20
27 40 23
27 41 22
27 42 21
27 43 20
27 44 17
27 45 18
27 46 20
27 47 23
27 48 18
27 49 22
27 50 19
27 51 22
27 52 18
27 53 22
27 54 22
27 55 20
27 56 17
27 57 19
27 58 20
27 59 15
27 60 21
27 61 19
27 62 19
27 63 21
27 64 18
27 65 19
27 66 20
27 67 18
27 68 21
27 69 22
27 70 20
28 28 0
28 29 0
28 30 0
28 31 0
28 32 0
28 33 0
28 34 0
28 35 0
28 36 0
28 37 0
28 38 0
28 39 21
28 40 19
28 41 21
28 42 19
28 43 19
28 44 19
28 45 20
28 46 23
28 47 19
28 48 18
28 49 24
28 50 16
28 51 17
28 52 18
28 53 21
28 54 20
28 55 19
28 56 20
28 57 21
28 58 20
28 59 19
28 60 20
28 61 19
28 62 24
28 63 20
28 64 20
28 65 22
28 66 18
28 67 20
28 68 17
28 69 18
28 70 20
29 29 0
29 30 0
29 31 0
29 32 0
29 33 0
29 34 0
29 35 0
29 36 0
29 37 0
29 38 0
29 39 21
29 40 21
29 41 21
29 42 18
29 43 20
29 44 24
29 45 22
29 46 18
29 47 22
29 48 25
29 49 19
29 50 20
29 51 18
29 52 21
29 53 19
29 54 21
29 55 21
29 56 19
29 57 23
29 58 19
29 59 18
29 60 20
29 61 21
29 62 19
29 63 17
29 64 23
29 65 22
29 66 19
29 67 18
29 68 16
29 69 18
29 70 20
30 30 0
30 31 0
30 32 0
30 33 0
30 34 0
30 35 0
30 36 0
30 37 0
30 38 0
30 39 22
30 40 21
30 41 15
30 42 22
30 43 19
30 44 19
30 45 20
30 46 18
30 47 18
30 48 21
30 49 17
30 50 19
30 51 23
30 52 21
30 53 21
30 54 22
30 55 22
30 56 20
30 57 18
30 58 20
30 59 17
30 60 24
30 61 22
30 62 20
30 63 18
30 64 20
30 65 18
30 66 23
30 67 24
30 68 20
30 69 20
30 70 20
31 31 0
31 32 0
31 33 0
31 34 0
31 35 0
31 36 0
31 37 0
31 38 0
31 39 20
31 40 20
31 41 22
31 42 21
31 43 19
31 44 17
31 45 19
31 46 22
31 47 21
31 48 18
31 49 23
31 50 24
31 51 21
31 52 20
31 53 21
31 54 18
31 55 20
31 56 24
31 57 20
31 58 22
31 59 20
31 60 19
31 61 21
31 62 17
31 63 19
31 64 18
31 65 23
31 66 16
31 67 20
31 68 21
31 69 18
31 70 20
32 32 0
32 33 0
32 34 0
32 35 0
32 36 0
32 37 0
32 38 0
32 39 19
32 40 19
32 41 18
32 42 21
32 43 18
32 44 24
32 45 20
32 46 23
32 47 18
32 48 20
32 49 21
32 50 19
32 51 23
32 52 21
32 53 21
32 54 16
32 55 19
32 56 21
32 57 20
32 58 18
32 59 17
32 60 20
32 61 21
32 62 22
32 63 19
32 64 17
32 65 15
32 66 18
32 67 22
32 68 20
32 69 17
32 70 19
33 33 0
33 34 0
33 35 0
33 36 0
33 37 0
33 38 0
33 39 19
33 40 19
33 41 21
33 42 20
33 43 21
33 44 22
33 45 23
33 46 22
33 47 17
33 48 21
33 49 20
33 50 17
33 51 19
33 52 21
33 53 20
33 54 21
33 55 22
33 56 20
33 57 21
33 58 19
33 59 23
33 60 22
33 61 19
33 62 22
33 63 19
33 64 18
33 65 20
33 66 21
33 67 20
33 68 17
33 69 19
33 70 21
34 34 0
34 35 0
34 36 0
34 37 0
34 38 0
34 39 21
34 40 21
34 41 21
34 42 20
34 43 21
34 44 19
34 45 18
34 46 20
34 47 21
34 48 21
34 49 19
34 50 20
34 51 19
34 52 18
34 53 18
34 54 20
34 55 20
34 56 20
34 57 21
34 58 21
34 59 19
34 60 17
34 61 18
34 62 20
34 63 23
34 64 21
34 65 18
34 66 20
34 67 20
34 68 20
34 69 23
34 70 21
35 35 0
35 36 0
35 37 0
35 38 0
35 39 15
35 40 22
35 41 21
35 42 21
35 43 18
35 44 22
35 45 18
35 46 22
35 47 20
35 48 19
35 49 20
35 50 21
35 51 20
35 52 18
35 53 21
35 54 20
35 55 18
35 56 18
35 57 21
35 58 20
35 59 19
35 60 19
35 61 19
35 62 21
35 63 18
35 64 16
35 65 20
35 66 20
35 67 19
35 68 19
35 69 22
35 70 19
36 36 0
36 37 0
36 38 0
36 39 20
36 40 22
36 41 18
36 42 22
36 43 19
36 44 18
36 45 21
36 46 19
36 47 20
36 48 20
36 49 19
36 50 18
36 51 17
36 52 17
36 53 19
36 54 18
36 55 17
36 56 21
36 57 22
36 58 22
36 59 21
36 60 18
36 61 18
36 62 20
36 63 18
36 64 21
36 65 24
36 66 17
36 67 21
36 68 22
36 69 19
36 70 25
37 37 0
37 38 0
37 39 21
37 40 17
37 41 22
37 42 17
37 43 21
37 44 21
37 45 21
37 46 21
37 47 22
37 48 24
37 49 20
37 50 21
37 51 23
37 52 23
37 53 20
37 54 17
37 55 21
37 56 21
37 57 20
37 58 21
37 59 21
37 60 21
37 61 21
37 62 22
37 63 20
37 64 24
37 65 21
37 66 19
37 67 19
37 68 23
37 69 21
37 70 19
38 38 0
38 39 21
38 40 18
38 41 20
38 42 21
38 43 17
38 44 21
38 45 19
38 46 19
38 47 18
38 48 18
38 49 18
38 50 14
38 51 20
38 52 16
38 53 19
38 54 19
38 55 19
38 56 21
38 57 24
38 58 22
38 59 19
38 60 17
38 61 24
38 62 23
38 63 17
38 64 19
38 65 20
38 66 20
38 67 22
38 68 18
38 69 23
38 70 22
39 39 0
39 40 0
39 41 0
39 42 0
39 43 0
39 44 0
39 45 0
39 46 0
39 47 0
39 48 0
39 49 0
39 50 0
39 51 0
39 52 0
39 53 0
39 54 0
39 55 0
39 56 0
39 57 0
39 58 0
39 59 0
39 60 0
39 61 0
39 62 0
39 63 0
39 64 21
39 65 22
39 66 16
39 67 21
39 68 22
39 69 23
39 70 17
40 40 0
40 41 0
40 42 0
40 43 0
40 44 0
40 45 0
40 46 0
40 47 0
40 48 0
40 49 0
40 50 0
40 51 0
40 52 0
40 53 0
40 54 0
40 55 0
40 56 0
40 57 0
40 58 0
40 59 0
40 60 0
40 61 0
40 62 0
40 63 0
40 64 21
40 65 17
40 66 21
40 67 18
40 68 20
40 69 19
40 70 22
41 41 0
41 42 0
41 43 0
41 44 0
41 45 0
41 46 0
41 47 0
41 48 0
41 49 0
41 50 0
41 51 0
41 52 0
41 53 0
41 54 0
41 55 0
41 56 0
41 57 0
41 58 0
41 59 0
41 60 0
41 61 0
41 62 0
41 63 0
41 64 20
41 65 20
41 66 17
41 67 19
41 68 21
41 69 23
41 70 17
42 42 0
42 43 0
42 44 0
42 45 0
42 46 0
42 47 0
42 48 0
42 49 0
42 50 0
42 51 0
42 52 0
42 53 0
42 54 0
42 55 0
42 56 0
42 57 0
42 58 0
42 59 0
42 60 0
42 61 0
42 62 0
42 63 0
42 64 20
42 65 21
42 66 22
42 67 20
42 68 20
42 69 20
42 70 22
43 43 0
43 44 0
43 45 0
43 46 0
43 47 0
43 48 0
43 49 0
43 50 0
43 51 0
43 52 0
43 53 0
43 54 0
43 55 0
43 56 0
43 57 0
43 58 0
43 59 0
43 60 0
43 61 0
43 62 0
43 63 0
43 64 21
43 65 24
43 66 18
43 67 22
43 68 22
43 69 19
43 70 18
44 44 0
44 45 0
44 46 0
44 47 0
44 48 0
44 49 0
44 50 0
44 51 0
44 52 0
44 53 0
44 54 0
44 55 0
44 56 0
44 57 0
44 58 0
44 59 0
44 60 0
44 61 0
44 62 0
44 63 0
44 64 18
44 65 18
44 66 18
44 67 18
44 68 18
44 69 22
44 70 17
45 45 0
45 46 0
45 47 0
45 48 0
45 49 0
45 50 0
45 51 0
45 52 0
45 53 0
45 54 0
45 55 0
45 56 0
45 57 0
45 58 0
45 59 0
45 60 0
45 61 0
45 62 0
45 63 0
45 64 22
45 65 18
45 66 25
45 67 21
45 68 23
45 69 21
45 70 19
46 46 0
46 47 0
46 48 0
46 49 0
46 50 0
46 51 0
46 52 0
46 53 0
46 54 0
46 55 0
46 56 0
46 57 0
46 58 0
46 59 0
46 60 0
46 61 0
46 62 0
46 63 0
46 64 23
46 65 20
46 66 21
46 67 21
46 68 21
46 69 21
46 70 18
47 47 0
47 48 0
47 49 0
47 50 0
47 51 0
47 52 0
47 53 0
47 54 0
47 55 0
47 56 0
47 57 0
47 58 0
47 59 0
47 60 0
47 61 0
47 62 0
47 63 0
47 64 24
47 65 20
47 66 18
47 67 21
47 68 22
47 69 19
47 70 19
48 48 0
48 49 0
48 50 0
48 51 0
48 52 0
48 53 0
48 54 0
48 55 0
48 56 0
48 57 0
48 58 0
48 59 0
48 60 0
48 61 0
48 62 0
48 63 0
48 64 20
48 65 21
48 66 19
48 67 16
48 68 17
48 69 22
48 70 18
49 49 0
49 50 0
49 51 0
49 52 0
49 53 0
49 54 0
49 55 0
49 56 0
49 57 0
49 58 0
49 59 0
49 60 0
49 61 0
49 62 0
49 63 0
49 64 22
49 65 17
49 66 25
49 67 18
49 68 22
49 69 21
49 70 22
50 50 0
50 51 0
50 52 0
50 53 0
50 54 0
50 55 0
50 56 0
50 57 0
50 58 0
50 59 0
50 60 0
50 61 0
50 62 0
50 63 0
50 64 20
50 65 24
50 66 20
50 67 23
50 68 21
50 69 20
50 70 18
51 51 0
51 52 0
51 53 0
51 54 0
51 55 0
51 56 0
51 57 0
51 58 0
51 59 0
51 60 0
51 61 0
51 62 0
51 63 0
51 64 21
51 65 23
51 66 20
51 67 19
51 68 19
51 69 21
51 70 18
52 52 0
52 53 0
52 54 0
52 55 0
52 56 0
52 57 0
52 58 0
52 59 0
52 60 0
52 61 0
52 62 0
52 63 0
52 64 22
52 65 22
52 66 16
52 67 23
52 68 25
52 69 18
52 70 22
53 53 0
53 54 0
53 55 0
53 56 0
53 57 0
53 58 0
53 59 0
53 60 0
53 61 0
53 62 0
53 63 0
53 64 21
53 65 21
53 66 20
53 67 20
53 68 24
53 69 21
53 70 22
54 54 0
54 55 0
54 56 0
54 57 0
54 58 0
54 59 0
54 60 0
54 61 0
54 62 0
54 63 0
54 64 24
54 65 19
54 66 19
54 67 18
54 68 18
54 69 18
54 70 24
55 55 0
55 56 0
55 57 0
55 58 0
55 59 0
55 60 0
55 61 0
55 62 0
55 63 0
55 64 20
55 65 18
55 66 16
55 67 21
55 68 22
55 69 20
55 70 21
56 56 0
56 57 0
56 58 0
56 59 0
56 60 0
56 61 0
56 62 0
56 63 0
56 64 20
56 65 23
56 66 22
56 67 22
56 68 19
56 69 24
56 70 20
57 57 0
57 58 0
57 59 0
57 60 0
57 61 0
57 62 0
57 63 0
57 64 19
57 65 19
57 66 25
57 67 20
57 68 21
57 69 21
57 70 20
58 58 0
58 59 0
58 60 0
58 61 0
58 62 0
58 63 0
58 64 20
58 65 23
58 66 20
58 67 22
58 68 17
58 69 19
58 70 21
59 59 0
59 60 0
59 61 0
59 62 0
59 63 0
59 64 22
59 65 21
59 66 20
59 67 18
59 68 16
59 69 22
59 70 19
60 60 0
60 61 0
60 62 0
60 63 0
60 64 24
60 65 17
60 66 25
60 67 20
60 68 18
60 69 14
60 70 18
61 61 0
61 62 0
61 63 0
61 64 19
61 65 21
61 66 21
61 67 20
61 68 23
61 69 24
61 70 22
62 62 0
62 63 0
62 64 21
62 65 19
62 66 23
62 67 20
62 68 20
62 69 15
62 70 25
63 63 0
63 64 21
63 65 21
63 66 23
63 67 18
63 68 22
63 69 22
63 70 22
64 64 0
64 65 0
64 66 0
64 67 0
64 68 0
64 69 0
64 70 0
65 65 0
65 66 0
65 67 0
65 68 0
65 69 0
65 70 0
66 66 0
66 67 0
66 68 0
66 69 0
66 70 0
67 67 0
67 68 0
67 69 0
67 70 0
68 68 0
68 69 0
68 70 0
69 69 0
69 70 0
70 70 0
