10
12
8
26
25
18
1
15
13
19
3
0 0 0
0 1 0
0 2 0
0 3 0
0 4 0
0 5 0
0 6 0
0 7 0
0 8 0
0 9 0
0 10 0
0 11 0
0 12 9
0 13 9
0 14 15
0 15 12
0 16 9
0 17 9
0 18 10
0 19 8
0 20 12
0 21 7
0 22 19
0 23 14
0 24 14
0 25 13
0 26 -2
0 27 17
0 28 13
0 29 9
0 30 8
0 31 13
0 32 10
0 33 21
0 34 6
0 35 10
0 36 9
0 37 16
0 38 10
0 39 12
0 40 15
0 41 4
0 42 8
0 43 11
0 44 12
0 45 13
0 46 10
0 47 4
0 48 6
0 49 12
0 50 8
0 51 17
0 52 6
0 53 6
0 54 0
0 55 12
0 56 5
0 57 6
0 58 14
0 59 -1
0 60 15
0 61 13
0 62 9
0 63 8
0 64 3
0 65 10
0 66 11
0 67 12
0 68 9
0 69 13
0 70 10
0 71 10
0 72 6
0 73 8
0 74 12
0 75 12
0 76 16
0 77 -1
0 78 6
0 79 7
0 80 17
0 81 18
0 82 13
0 83 9
0 84 12
0 85 13
0 86 6
0 87 12
0 88 3
0 89 10
0 90 -3
0 91 8
0 92 13
0 93 5
0 94 8
0 95 13
0 96 12
0 97 6
0 98 14
0 99 16
0 100 14
0 101 5
0 102 10
0 103 9
0 104 14
0 105 8
0 106 14
0 107 23
0 108 -9
0 109 0
0 110 11
0 111 9
0 112 7
0 113 11
0 114 3
0 115 14
0 116 16
0 117 12
0 118 11
0 119 5
0 120 3
0 121 10
0 122 14
0 123 10
0 124 4
0 125 5
0 126 13
0 127 11
0 128 3
0 129 11
0 130 14
0 131 13
0 132 5
0 133 4
0 134 11
0 135 10
0 136 5
0 137 6
0 138 14
0 139 20
1 1 0
1 2 0
1 3 0
1 4 0
1 5 0
1 6 0
1 7 0
1 8 0
1 9 0
1 10 0
1 11 0
1 12 2
1 13 9
1 14 8
1 15 7
1 16 9
1 17 13
1 18 14
1 19 12
1 20 13
1 21 13
1 22 9
1 23 5
1 24 10
1 25 12
1 26 0
1 27 8
1 28 16
1 29 8
1 30 5
1 31 11
1 32 9
1 33 11
1 34 15
1 35 21
1 36 23
1 37 4
1 38 7
1 39 6
1 40 5
1 41 12
1 42 8
1 43 9
1 44 10
1 45 5
1 46 5
1 47 10
1 48 10
1 49 8
1 50 11
1 51 7
1 52 10
1 53 5
1 54 10
1 55 9
1 56 13
1 57 16
1 58 8
1 59 21
1 60 17
1 61 13
1 62 14
1 63 8
1 64 6
1 65 9
1 66 18
1 67 4
1 68 14
1 69 3
1 70 7
1 71 12
1 72 6
1 73 5
1 74 -1
1 75 0
1 76 3
1 77 7
1 78 19
1 79 9
1 80 13
1 81 9
1 82 16
1 83 16
1 84 2
1 85 15
1 86 6
1 87 17
1 88 9
1 89 7
1 90 17
1 91 7
1 92 6
1 93 11
1 94 3
1 95 1
1 96 1
1 97 15
1 98 7
1 99 6
1 100 6
1 101 7
1 102 16
1 103 7
1 104 8
1 105 4
1 106 15
1 107 12
1 108 13
1 109 1
1 110 3
1 111 13
1 112 11
1 113 -1
1 114 8
1 115 16
1 116 9
1 117 10
1 118 14
1 119 13
1 120 15
1 121 10
1 122 17
1 123 6
1 124 14
1 125 7
1 126 8
1 127 5
1 128 7
1 129 14
1 130 4
1 131 11
1 132 3
1 133 10
1 134 0
1 135 11
1 136 1
1 137 15
1 138 20
1 139 15
2 2 0
2 3 0
2 4 0
2 5 0
2 6 0
2 7 0
2 8 0
2 9 0
2 10 0
2 11 0
2 12 7
2 13 10
2 14 5
2 15 9
2 16 15
2 17 11
2 18 13
2 19 17
2 20 19
2 21 14
2 22 8
2 23 5
2 24 11
2 25 3
2 26 8
2 27 1
2 28 18
2 29 2
2 30 6
2 31 5
2 32 12
2 33 10
2 34 13
2 35 13
2 36 15
2 37 8
2 38 18
2 39 11
2 40 7
2 41 13
2 42 11
2 43 5
2 44 10
2 45 12
2 46 16
2 47 8
2 48 9
2 49 8
2 50 5
2 51 10
2 52 1
2 53 10
2 54 14
2 55 12
2 56 9
2 57 14
2 58 6
2 59 8
2 60 12
2 61 6
2 62 9
2 63 5
2 64 10
2 65 13
2 66 18
2 67 11
2 68 23
2 69 10
2 70 12
2 71 9
2 72 2
2 73 9
2 74 8
2 75 1
2 76 5
2 77 11
2 78 11
2 79 8
2 80 6
2 81 8
2 82 13
2 83 5
2 84 8
2 85 17
2 86 13
2 87 8
2 88 19
2 89 10
2 90 6
2 91 11
2 92 15
2 93 6
2 94 12
2 95 13
2 96 5
2 97 9
2 98 7
2 99 16
2 100 9
2 101 19
2 102 14
2 103 7
2 104 10
2 105 17
2 106 12
2 107 11
2 108 18
2 109 14
2 110 2
2 111 18
2 112 11
2 113 9
2 114 6
2 115 6
2 116 18
2 117 10
2 118 8
2 119 22
2 120 16
2 121 16
2 122 18
2 123 3
2 124 8
2 125 2
2 126 19
2 127 6
2 128 6
2 129 14
2 130 5
2 131 11
2 132 24
2 133 10
2 134 12
2 135 4
2 136 10
2 137 7
2 138 9
2 139 12
3 3 0
3 4 0
3 5 0
3 6 0
3 7 0
3 8 0
3 9 0
3 10 0
3 11 0
3 12 10
3 13 3
3 14 -1
3 15 3
3 16 4
3 17 7
3 18 7
3 19 7
3 20 6
3 21 9
3 22 19
3 23 5
3 24 2
3 25 12
3 26 1
3 27 5
3 28 12
3 29 8
3 30 11
3 31 9
3 32 17
3 33 9
3 34 14
3 35 13
3 36 14
3 37 11
3 38 22
3 39 8
3 40 12
3 41 17
3 42 4
3 43 0
3 44 13
3 45 15
3 46 13
3 47 15
3 48 9
3 49 8
3 50 12
3 51 2
3 52 9
3 53 5
3 54 5
3 55 13
3 56 12
3 57 12
3 58 14
3 59 11
3 60 1
3 61 17
3 62 14
3 63 11
3 64 9
3 65 9
3 66 1
3 67 5
3 68 0
3 69 9
3 70 8
3 71 10
3 72 7
3 73 7
3 74 6
3 75 5
3 76 8
3 77 8
3 78 11
3 79 12
3 80 12
3 81 8
3 82 17
3 83 15
3 84 8
3 85 15
3 86 15
3 87 11
3 88 19
3 89 13
3 90 14
3 91 13
3 92 12
3 93 3
3 94 10
3 95 4
3 96 8
3 97 4
3 98 11
3 99 4
3 100 6
3 101 17
3 102 12
3 103 11
3 104 25
3 105 7
3 106 12
3 107 15
3 108 12
3 109 10
3 110 9
3 111 14
3 112 15
3 113 3
3 114 1
3 115 8
3 116 8
3 117 7
3 118 5
3 119 11
3 120 21
3 121 10
3 122 13
3 123 13
3 124 2
3 125 15
3 126 14
3 127 9
3 128 11
3 129 5
3 130 13
3 131 10
3 132 20
3 133 9
3 134 8
3 135 15
3 136 17
3 137 4
3 138 3
3 139 6
4 4 0
4 5 0
4 6 0
4 7 0
4 8 0
4 9 0
4 10 0
4 11 0
4 12 13
4 13 10
4 14 14
4 15 11
4 16 4
4 17 7
4 18 18
4 19 15
4 20 7
4 21 14
4 22 3
4 23 5
4 24 11
4 25 4
4 26 5
4 27 1
4 28 6
4 29 7
4 30 6
4 31 2
4 32 13
4 33 5
4 34 12
4 35 7
4 36 11
4 37 14
4 38 5
4 39 9
4 40 24
4 41 12
4 42 6
4 43 10
4 44 3
4 45 12
4 46 15
4 47 16
4 48 4
4 49 4
4 50 17
4 51 8
4 52 13
4 53 10
4 54 19
4 55 9
4 56 10
4 57 20
4 58 19
4 59 13
4 60 7
4 61 7
4 62 6
4 63 7
4 64 3
4 65 16
4 66 17
4 67 8
4 68 16
4 69 7
4 70 10
4 71 14
4 72 12
4 73 14
4 74 -1
4 75 7
4 76 2
4 77 0
4 78 8
4 79 19
4 80 7
4 81 12
4 82 16
4 83 -1
4 84 15
4 85 8
4 86 10
4 87 8
4 88 1
4 89 3
4 90 7
4 91 9
4 92 15
4 93 7
4 94 7
4 95 -6
4 96 15
4 97 10
4 98 13
4 99 9
4 100 8
4 101 11
4 102 6
4 103 0
4 104 -1
4 105 11
4 106 16
4 107 12
4 108 9
4 109 6
4 110 10
4 111 1
4 112 10
4 113 11
4 114 17
4 115 18
4 116 14
4 117 9
4 118 9
4 119 13
4 120 9
4 121 13
4 122 8
4 123 17
4 124 5
4 125 9
4 126 13
4 127 13
4 128 6
4 129 9
4 130 5
4 131 12
4 132 8
4 133 17
4 134 10
4 135 17
4 136 14
4 137 7
4 138 4
4 139 10
5 5 0
5 6 0
5 7 0
5 8 0
5 9 0
5 10 0
5 11 0
5 12 5
5 13 5
5 14 12
5 15 18
5 16 6
5 17 3
5 18 6
5 19 18
5 20 13
5 21 7
5 22 11
5 23 16
5 24 21
5 25 11
5 26 -2
5 27 14
5 28 5
5 29 17
5 30 1
5 31 16
5 32 9
5 33 9
5 34 -1
5 35 13
5 36 -2
5 37 7
5 38 19
5 39 10
5 40 9
5 41 1
5 42 7
5 43 7
5 44 0
5 45 8
5 46 4
5 47 6
5 48 5
5 49 8
5 50 9
5 51 13
5 52 16
5 53 18
5 54 13
5 55 5
5 56 14
5 57 15
5 58 21
5 59 14
5 60 11
5 61 14
5 62 0
5 63 8
5 64 16
5 65 8
5 66 11
5 67 3
5 68 20
5 69 12
5 70 10
5 71 17
5 72 6
5 73 9
5 74 6
5 75 14
5 76 7
5 77 11
5 78 9
5 79 16
5 80 8
5 81 15
5 82 5
5 83 1
5 84 3
5 85 5
5 86 13
5 87 8
5 88 15
5 89 9
5 90 21
5 91 6
5 92 10
5 93 11
5 94 11
5 95 13
5 96 16
5 97 7
5 98 21
5 99 10
5 100 14
5 101 4
5 102 15
5 103 7
5 104 15
5 105 8
5 106 6
5 107 10
5 108 10
5 109 10
5 110 10
5 111 9
5 112 14
5 113 14
5 114 9
5 115 3
5 116 15
5 117 5
5 118 9
5 119 17
5 120 8
5 121 9
5 122 13
5 123 10
5 124 11
5 125 20
5 126 12
5 127 4
5 128 8
5 129 6
5 130 13
5 131 7
5 132 7
5 133 4
5 134 10
5 135 1
5 136 12
5 137 8
5 138 -1
5 139 4
6 6 0
6 7 0
6 8 0
6 9 0
6 10 0
6 11 0
6 12 6
6 13 13
6 14 3
6 15 5
6 16 11
6 17 20
6 18 20
6 19 15
6 20 17
6 21 8
6 22 13
6 23 14
6 24 12
6 25 10
6 26 7
6 27 11
6 28 14
6 29 3
6 30 13
6 31 12
6 32 7
6 33 6
6 34 18
6 35 4
6 36 14
6 37 10
6 38 16
6 39 16
6 40 9
6 41 15
6 42 3
6 43 12
6 44 17
6 45 -2
6 46 6
6 47 17
6 48 6
6 49 14
6 50 14
6 51 19
6 52 10
6 53 12
6 54 18
6 55 11
6 56 10
6 57 13
6 58 7
6 59 12
6 60 5
6 61 10
6 62 15
6 63 16
6 64 12
6 65 9
6 66 16
6 67 -2
6 68 11
6 69 6
6 70 4
6 71 8
6 72 11
6 73 10
6 74 8
6 75 18
6 76 11
6 77 12
6 78 11
6 79 10
6 80 16
6 81 13
6 82 10
6 83 6
6 84 9
6 85 13
6 86 10
6 87 11
6 88 7
6 89 4
6 90 2
6 91 0
6 92 8
6 93 11
6 94 9
6 95 11
6 96 13
6 97 11
6 98 10
6 99 10
6 100 11
6 101 5
6 102 5
6 103 13
6 104 10
6 105 17
6 106 -6
6 107 12
6 108 6
6 109 7
6 110 14
6 111 13
6 112 12
6 113 14
6 114 13
6 115 9
6 116 15
6 117 9
6 118 0
6 119 -2
6 120 18
6 121 3
6 122 14
6 123 12
6 124 12
6 125 13
6 126 12
6 127 1
6 128 10
6 129 5
6 130 9
6 131 14
6 132 7
6 133 11
6 134 17
6 135 5
6 136 10
6 137 10
6 138 20
6 139 6
7 7 0
7 8 0
7 9 0
7 10 0
7 11 0
7 12 19
7 13 3
7 14 11
7 15 1
7 16 6
7 17 8
7 18 6
7 19 15
7 20 8
7 21 11
7 22 9
7 23 14
7 24 10
7 25 3
7 26 9
7 27 11
7 28 9
7 29 6
7 30 9
7 31 17
7 32 14
7 33 14
7 34 10
7 35 5
7 36 12
7 37 9
7 38 -1
7 39 15
7 40 11
7 41 11
7 42 5
7 43 11
7 44 7
7 45 7
7 46 13
7 47 13
7 48 14
7 49 0
7 50 9
7 51 5
7 52 4
7 53 2
7 54 6
7 55 15
7 56 21
7 57 2
7 58 15
7 59 17
7 60 2
7 61 2
7 62 15
7 63 6
7 64 9
7 65 8
7 66 8
7 67 19
7 68 7
7 69 11
7 70 3
7 71 10
7 72 10
7 73 14
7 74 7
7 75 15
7 76 10
7 77 17
7 78 23
7 79 6
7 80 8
7 81 14
7 82 12
7 83 8
7 84 9
7 85 11
7 86 17
7 87 6
7 88 8
7 89 18
7 90 9
7 91 6
7 92 9
7 93 15
7 94 4
7 95 3
7 96 8
7 97 8
7 98 8
7 99 4
7 100 10
7 101 13
7 102 11
7 103 7
7 104 13
7 105 2
7 106 11
7 107 10
7 108 15
7 109 15
7 110 10
7 111 6
7 112 10
7 113 15
7 114 4
7 115 14
7 116 5
7 117 16
7 118 12
7 119 16
7 120 15
7 121 0
7 122 10
7 123 22
7 124 17
7 125 17
7 126 13
7 127 14
7 128 4
7 129 10
7 130 15
7 131 7
7 132 5
7 133 12
7 134 9
7 135 5
7 136 9
7 137 15
7 138 8
7 139 17
8 8 0
8 9 0
8 10 0
8 11 0
8 12 12
8 13 9
8 14 4
8 15 4
8 16 17
8 17 10
8 18 19
8 19 4
8 20 13
8 21 8
8 22 6
8 23 10
8 24 4
8 25 8
8 26 6
8 27 9
8 28 6
8 29 8
8 30 6
8 31 9
8 32 5
8 33 12
8 34 7
8 35 7
8 36 15
8 37 15
8 38 7
8 39 6
8 40 19
8 41 4
8 42 10
8 43 11
8 44 6
8 45 13
8 46 10
8 47 16
8 48 16
8 49 12
8 50 16
8 51 4
8 52 5
8 53 5
8 54 7
8 55 14
8 56 8
8 57 4
8 58 10
8 59 17
8 60 13
8 61 7
8 62 4
8 63 15
8 64 17
8 65 3
8 66 12
8 67 3
8 68 5
8 69 11
8 70 11
8 71 17
8 72 4
8 73 5
8 74 4
8 75 13
8 76 15
8 77 14
8 78 20
8 79 3
8 80 7
8 81 5
8 82 11
8 83 13
8 84 21
8 85 4
8 86 15
8 87 10
8 88 3
8 89 10
8 90 7
8 91 20
8 92 21
8 93 12
8 94 13
8 95 9
8 96 13
8 97 9
8 98 8
8 99 14
8 100 21
8 101 14
8 102 11
8 103 9
8 104 14
8 105 14
8 106 18
8 107 10
8 108 4
8 109 5
8 110 12
8 111 12
8 112 8
8 113 13
8 114 13
8 115 13
8 116 6
8 117 17
8 118 16
8 119 13
8 120 7
8 121 9
8 122 11
8 123 8
8 124 -3
8 125 18
8 126 14
8 127 12
8 128 14
8 129 11
8 130 13
8 131 12
8 132 10
8 133 15
8 134 8
8 135 8
8 136 9
8 137 11
8 138 14
8 139 10
9 9 0
9 10 0
9 11 0
9 12 5
9 13 20
9 14 13
9 15 11
9 16 3
9 17 20
9 18 10
9 19 15
9 20 1
9 21 8
9 22 12
9 23 11
9 24 13
9 25 7
9 26 15
9 27 12
9 28 11
9 29 4
9 30 9
9 31 10
9 32 10
9 33 -3
9 34 13
9 35 11
9 36 5
9 37 19
9 38 5
9 39 15
9 40 11
9 41 19
9 42 2
9 43 2
9 44 6
9 45 13
9 46 6
9 47 11
9 48 7
9 49 2
9 50 5
9 51 8
9 52 11
9 53 9
9 54 9
9 55 7
9 56 15
9 57 6
9 58 16
9 59 15
9 60 15
9 61 5
9 62 17
9 63 10
9 64 7
9 65 15
9 66 11
9 67 14
9 68 11
9 69 11
9 70 8
9 71 5
9 72 8
9 73 9
9 74 4
9 75 11
9 76 12
9 77 10
9 78 19
9 79 0
9 80 9
9 81 14
9 82 8
9 83 12
9 84 11
9 85 12
9 86 13
9 87 3
9 88 11
9 89 6
9 90 6
9 91 10
9 92 7
9 93 19
9 94 7
9 95 13
9 96 7
9 97 20
9 98 14
9 99 17
9 100 11
9 101 6
9 102 9
9 103 9
9 104 13
9 105 11
9 106 17
9 107 5
9 108 4
9 109 17
9 110 18
9 111 1
9 112 13
9 113 11
9 114 8
9 115 9
9 116 3
9 117 6
9 118 4
9 119 -2
9 120 12
9 121 15
9 122 11
9 123 5
9 124 5
9 125 9
9 126 14
9 127 7
9 128 12
9 129 12
9 130 8
9 131 18
9 132 18
9 133 4
9 134 10
9 135 8
9 136 4
9 137 16
9 138 9
9 139 7
10 10 0
10 11 0
10 12 9
10 13 4
10 14 1
10 15 15
10 16 12
10 17 13
10 18 11
10 19 6
10 20 9
10 21 1
10 22 2
10 23 10
10 24 8
10 25 12
10 26 5
10 27 10
10 28 15
10 29 9
10 30 5
10 31 12
10 32 0
10 33 5
10 34 7
10 35 12
10 36 14
10 37 10
10 38 19
10 39 3
10 40 13
10 41 9
10 42 11
10 43 3
10 44 16
10 45 3
10 46 11
10 47 16
10 48 7
10 49 9
10 50 19
10 51 12
10 52 12
10 53 16
10 54 10
10 55 9
10 56 7
10 57 17
10 58 11
10 59 6
10 60 11
10 61 11
10 62 6
10 63 15
10 64 14
10 65 3
10 66 6
10 67 10
10 68 5
10 69 13
10 70 4
10 71 10
10 72 17
10 73 15
10 74 5
10 75 15
10 76 3
10 77 21
10 78 9
10 79 14
10 80 0
10 81 9
10 82 10
10 83 1
10 84 10
10 85 11
10 86 14
10 87 11
10 88 11
10 89 2
10 90 9
10 91 15
10 92 5
10 93 13
10 94 19
10 95 10
10 96 7
10 97 16
10 98 7
10 99 9
10 100 15
10 101 3
10 102 3
10 103 10
10 104 8
10 105 5
10 106 4
10 107 12
10 108 0
10 109 6
10 110 8
10 111 13
10 112 11
10 113 16
10 114 14
10 115 8
10 116 14
10 117 15
10 118 7
10 119 12
10 120 21
10 121 7
10 122 9
10 123 12
10 124 15
10 125 5
10 126 18
10 127 15
10 128 7
10 129 5
10 130 15
10 131 11
10 132 18
10 133 16
10 134 -1
10 135 15
10 136 8
10 137 5
10 138 9
10 139 12
11 11 0
11 12 12
11 13 10
11 14 19
11 15 16
11 16 13
11 17 4
11 18 4
11 19 6
11 20 20
11 21 6
11 22 8
11 23 0
11 24 16
11 25 25
11 26 7
11 27 15
11 28 21
11 29 10
11 30 10
11 31 9
11 32 11
11 33 7
11 34 7
11 35 3
11 36 13
11 37 13
11 38 9
11 39 8
11 40 13
11 41 8
11 42 16
11 43 10
11 44 10
11 45 5
11 46 13
11 47 7
11 48 6
11 49 7
11 50 6
11 51 -1
11 52 4
11 53 1
11 54 7
11 55 9
11 56 1
11 57 14
11 58 19
11 59 3
11 60 11
11 61 10
11 62 10
11 63 16
11 64 9
11 65 9
11 66 5
11 67 5
11 68 14
11 69 8
11 70 1
11 71 13
11 72 3
11 73 12
11 74 6
11 75 4
11 76 17
11 77 11
11 78 9
11 79 5
11 80 21
11 81 6
11 82 1
11 83 13
11 84 6
11 85 10
11 86 3
11 87 11
11 88 13
11 89 15
11 90 9
11 91 12
11 92 12
11 93 11
11 94 8
11 95 10
11 96 13
11 97 21
11 98 12
11 99 6
11 100 9
11 101 12
11 102 15
11 103 1
11 104 8
11 105 5
11 106 9
11 107 5
11 108 7
11 109 1
11 110 17
11 111 20
11 112 -1
11 113 5
11 114 15
11 115 11
11 116 8
11 117 11
11 118 10
11 119 3
11 120 13
11 121 16
11 122 11
11 123 5
11 124 10
11 125 10
11 126 12
11 127 14
11 128 4
11 129 15
11 130 8
11 131 1
11 132 1
11 133 16
11 134 9
11 135 10
11 136 8
11 137 15
11 138 10
11 139 13
12 12 0
12 13 0
12 14 0
12 15 0
12 16 0
12 17 0
12 18 0
12 19 0
12 20 9
12 21 13
12 22 15
12 23 5
12 24 5
12 25 7
12 26 11
12 27 11
12 28 12
12 29 6
12 30 11
12 31 9
12 32 12
12 33 12
12 34 3
12 35 3
12 36 10
12 37 4
12 38 8
12 39 4
12 40 18
12 41 -2
12 42 3
12 43 4
12 44 11
12 45 13
12 46 3
12 47 1
12 48 14
12 49 18
12 50 3
12 51 14
12 52 23
12 53 8
12 54 9
12 55 0
12 56 11
12 57 3
12 58 13
12 59 7
12 60 19
12 61 25
12 62 7
12 63 12
12 64 18
12 65 10
12 66 19
12 67 9
12 68 7
12 69 5
12 70 18
12 71 8
12 72 17
12 73 19
12 74 12
12 75 14
12 76 7
12 77 6
12 78 19
12 79 10
12 80 11
12 81 9
12 82 7
12 83 13
12 84 12
12 85 12
12 86 4
12 87 15
12 88 10
12 89 3
12 90 8
12 91 7
12 92 9
12 93 13
12 94 6
12 95 15
12 96 19
12 97 8
12 98 2
12 99 15
12 100 7
12 101 11
12 102 12
12 103 6
12 104 14
12 105 7
12 106 10
12 107 16
12 108 -4
12 109 8
12 110 -1
12 111 16
12 112 20
12 113 17
12 114 12
12 115 12
12 116 9
12 117 11
12 118 19
12 119 10
12 120 19
12 121 15
12 122 9
12 123 4
12 124 14
12 125 0
12 126 23
12 127 16
12 128 13
12 129 18
12 130 12
12 131 15
12 132 12
12 133 20
12 134 8
12 135 16
12 136 13
12 137 14
12 138 9
12 139 9
13 13 0
13 14 0
13 15 0
13 16 0
13 17 0
13 18 0
13 19 0
13 20 19
13 21 0
13 22 10
13 23 11
13 24 4
13 25 12
13 26 15
13 27 13
13 28 22
13 29 1
13 30 16
13 31 14
13 32 7
13 33 6
13 34 7
13 35 8
13 36 19
13 37 11
13 38 10
13 39 12
13 40 3
13 41 6
13 42 3
13 43 16
13 44 16
13 45 9
13 46 13
13 47 12
13 48 10
13 49 4
13 50 18
13 51 21
13 52 10
13 53 11
13 54 13
13 55 6
13 56 19
13 57 17
13 58 5
13 59 11
13 60 14
13 61 23
13 62 18
13 63 14
13 64 17
13 65 12
13 66 14
13 67 17
13 68 5
13 69 6
13 70 11
13 71 13
13 72 13
13 73 5
13 74 9
13 75 5
13 76 3
13 77 9
13 78 9
13 79 5
13 80 21
13 81 9
13 82 20
13 83 12
13 84 14
13 85 11
13 86 2
13 87 7
13 88 12
13 89 5
13 90 5
13 91 7
13 92 2
13 93 18
13 94 6
13 95 13
13 96 13
13 97 10
13 98 5
13 99 9
13 100 13
13 101 13
13 102 4
13 103 9
13 104 9
13 105 12
13 106 11
13 107 18
13 108 21
13 109 6
13 110 15
13 111 4
13 112 12
13 113 8
13 114 8
13 115 10
13 116 17
13 117 14
13 118 16
13 119 15
13 120 10
13 121 15
13 122 10
13 123 13
13 124 2
13 125 6
13 126 1
13 127 4
13 128 7
13 129 12
13 130 10
13 131 11
13 132 5
13 133 11
13 134 15
13 135 6
13 136 3
13 137 3
13 138 14
13 139 8
14 14 0
14 15 0
14 16 0
14 17 0
14 18 0
14 19 0
14 20 7
14 21 13
14 22 11
14 23 4
14 24 12
14 25 13
14 26 6
14 27 3
14 28 15
14 29 11
14 30 5
14 31 9
14 32 12
14 33 3
14 34 9
14 35 13
14 36 10
14 37 10
14 38 8
14 39 6
14 40 2
14 41 2
14 42 7
14 43 5
14 44 9
14 45 18
14 46 12
14 47 10
14 48 13
14 49 5
14 50 9
14 51 14
14 52 15
14 53 9
14 54 13
14 55 20
14 56 4
14 57 12
14 58 8
14 59 1
14 60 11
14 61 6
14 62 9
14 63 9
14 64 8
14 65 3
14 66 9
14 67 0
14 68 10
14 69 12
14 70 6
14 71 10
14 72 10
14 73 14
14 74 13
14 75 14
14 76 12
14 77 1
14 78 3
14 79 9
14 80 14
14 81 9
14 82 0
14 83 10
14 84 11
14 85 13
14 86 8
14 87 13
14 88 18
14 89 17
14 90 0
14 91 10
14 92 3
14 93 8
14 94 7
14 95 -6
14 96 3
14 97 14
14 98 13
14 99 8
14 100 14
14 101 0
14 102 2
14 103 10
14 104 10
14 105 14
14 106 6
14 107 6
14 108 9
14 109 7
14 110 10
14 111 10
14 112 0
14 113 18
14 114 5
14 115 7
14 116 5
14 117 9
14 118 10
14 119 10
14 120 8
14 121 13
14 122 15
14 123 9
14 124 6
14 125 3
14 126 6
14 127 13
14 128 13
14 129 8
14 130 6
14 131 6
14 132 15
14 133 12
14 134 6
14 135 8
14 136 12
14 137 7
14 138 4
14 139 6
15 15 0
15 16 0
15 17 0
15 18 0
15 19 0
15 20 4
15 21 5
15 22 15
15 23 14
15 24 5
15 25 6
15 26 8
15 27 5
15 28 14
15 29 9
15 30 10
15 31 -1
15 32 12
15 33 13
15 34 8
15 35 7
15 36 15
15 37 19
15 38 7
15 39 8
15 40 10
15 41 9
15 42 8
15 43 8
15 44 19
15 45 0
15 46 1
15 47 1
15 48 9
15 49 15
15 50 9
15 51 6
15 52 10
15 53 8
15 54 15
15 55 0
15 56 5
15 57 19
15 58 14
15 59 1
15 60 14
15 61 8
15 62 13
15 63 21
15 64 12
15 65 17
15 66 6
15 67 12
15 68 16
15 69 9
15 70 5
15 71 18
15 72 3
15 73 10
15 74 12
15 75 6
15 76 18
15 77 13
15 78 5
15 79 15
15 80 4
15 81 19
15 82 5
15 83 13
15 84 7
15 85 10
15 86 7
15 87 14
15 88 20
15 89 7
15 90 13
15 91 10
15 92 6
15 93 15
15 94 13
15 95 13
15 96 -2
15 97 5
15 98 18
15 99 8
15 100 11
15 101 10
15 102 2
15 103 21
15 104 5
15 105 8
15 106 6
15 107 7
15 108 13
15 109 5
15 110 11
15 111 10
15 112 7
15 113 4
15 114 3
15 115 11
15 116 10
15 117 8
15 118 7
15 119 5
15 120 10
15 121 8
15 122 8
15 123 10
15 124 8
15 125 6
15 126 24
15 127 20
15 128 7
15 129 4
15 130 5
15 131 11
15 132 15
15 133 8
15 134 10
15 135 10
15 136 14
15 137 5
15 138 10
15 139 12
16 16 0
16 17 0
16 18 0
16 19 0
16 20 11
16 21 15
16 22 11
16 23 12
16 24 13
16 25 8
16 26 5
16 27 17
16 28 17
16 29 -2
16 30 9
16 31 11
16 32 20
16 33 7
16 34 10
16 35 20
16 36 14
16 37 19
16 38 6
16 39 8
16 40 15
16 41 7
16 42 8
16 43 16
16 44 2
16 45 20
16 46 17
16 47 22
16 48 14
16 49 7
16 50 11
16 51 14
16 52 13
16 53 19
16 54 19
16 55 11
16 56 12
16 57 15
16 58 15
16 59 14
16 60 10
16 61 1
16 62 8
16 63 3
16 64 7
16 65 11
16 66 12
16 67 5
16 68 14
16 69 6
16 70 12
16 71 7
16 72 12
16 73 12
16 74 17
16 75 5
16 76 7
16 77 10
16 78 -1
16 79 17
16 80 7
16 81 7
16 82 4
16 83 17
16 84 6
16 85 17
16 86 20
16 87 4
16 88 5
16 89 8
16 90 2
16 91 12
16 92 12
16 93 11
16 94 2
16 95 6
16 96 5
16 97 -1
16 98 7
16 99 14
16 100 13
16 101 13
16 102 6
16 103 14
16 104 6
16 105 13
16 106 12
16 107 16
16 108 10
16 109 11
16 110 9
16 111 11
16 112 15
16 113 4
16 114 15
16 115 15
16 116 9
16 117 11
16 118 11
16 119 10
16 120 18
16 121 11
16 122 10
16 123 20
16 124 7
16 125 8
16 126 10
16 127 10
16 128 2
16 129 15
16 130 14
16 131 10
16 132 12
16 133 17
16 134 -2
16 135 11
16 136 9
16 137 5
16 138 13
16 139 12
17 17 0
17 18 0
17 19 0
17 20 -1
17 21 8
17 22 11
17 23 9
17 24 11
17 25 9
17 26 18
17 27 -2
17 28 12
17 29 6
17 30 13
17 31 5
17 32 20
17 33 3
17 34 15
17 35 11
17 36 5
17 37 18
17 38 15
17 39 10
17 40 13
17 41 3
17 42 19
17 43 11
17 44 13
17 45 9
17 46 11
17 47 5
17 48 9
17 49 16
17 50 16
17 51 16
17 52 19
17 53 11
17 54 6
17 55 8
17 56 6
17 57 4
17 58 8
17 59 12
17 60 6
17 61 10
17 62 14
17 63 16
17 64 6
17 65 4
17 66 16
17 67 10
17 68 10
17 69 13
17 70 8
17 71 7
17 72 11
17 73 4
17 74 15
17 75 11
17 76 13
17 77 8
17 78 11
17 79 14
17 80 10
17 81 13
17 82 8
17 83 10
17 84 0
17 85 16
17 86 10
17 87 15
17 88 6
17 89 5
17 90 18
17 91 10
17 92 11
17 93 11
17 94 24
17 95 17
17 96 12
17 97 14
17 98 13
17 99 9
17 100 4
17 101 4
17 102 7
17 103 9
17 104 3
17 105 9
17 106 18
17 107 7
17 108 14
17 109 13
17 110 -3
17 111 5
17 112 12
17 113 6
17 114 13
17 115 9
17 116 14
17 117 12
17 118 11
17 119 17
17 120 18
17 121 1
17 122 1
17 123 18
17 124 8
17 125 9
17 126 7
17 127 11
17 128 1
17 129 7
17 130 7
17 131 14
17 132 14
17 133 15
17 134 7
17 135 14
17 136 17
17 137 14
17 138 11
17 139 10
18 18 0
18 19 0
18 20 14
18 21 4
18 22 1
18 23 6
18 24 14
18 25 9
18 26 11
18 27 6
18 28 6
18 29 19
18 30 14
18 31 1
18 32 13
18 33 14
18 34 21
18 35 12
18 36 3
18 37 10
18 38 16
18 39 11
18 40 19
18 41 7
18 42 6
18 43 18
18 44 16
18 45 14
18 46 15
18 47 15
18 48 5
18 49 10
18 50 12
18 51 4
18 52 -4
18 53 7
18 54 4
18 55 5
18 56 11
18 57 4
18 58 16
18 59 8
18 60 9
18 61 13
18 62 14
18 63 6
18 64 18
18 65 4
18 66 5
18 67 8
18 68 15
18 69 17
18 70 6
18 71 13
18 72 19
18 73 11
18 74 12
18 75 8
18 76 8
18 77 16
18 78 4
18 79 11
18 80 9
18 81 5
18 82 15
18 83 10
18 84 13
18 85 20
18 86 16
18 87 3
18 88 15
18 89 -2
18 90 6
18 91 9
18 92 -5
18 93 5
18 94 10
18 95 12
18 96 3
18 97 10
18 98 11
18 99 8
18 100 7
18 101 22
18 102 8
18 103 5
18 104 15
18 105 8
18 106 14
18 107 9
18 108 10
18 109 3
18 110 18
18 111 8
18 112 8
18 113 7
18 114 4
18 115 15
18 116 13
18 117 3
18 118 11
18 119 17
18 120 0
18 121 14
18 122 22
18 123 5
18 124 9
18 125 17
18 126 10
18 127 9
18 128 0
18 129 7
18 130 12
18 131 10
18 132 1
18 133 16
18 134 8
18 135 11
18 136 12
18 137 10
18 138 11
18 139 22
19 19 0
19 20 17
19 21 14
19 22 8
19 23 9
19 24 8
19 25 7
19 26 12
19 27 4
19 28 8
19 29 15
19 30 9
19 31 12
19 32 15
19 33 12
19 34 8
19 35 8
19 36 8
19 37 12
19 38 13
19 39 6
19 40 9
19 41 10
19 42 11
19 43 4
19 44 10
19 45 6
19 46 5
19 47 9
19 48 2
19 49 10
19 50 18
19 51 3
19 52 9
19 53 12
19 54 11
19 55 11
19 56 16
19 57 5
19 58 10
19 59 8
19 60 6
19 61 1
19 62 5
19 63 3
19 64 4
19 65 12
19 66 9
19 67 13
19 68 10
19 69 15
19 70 12
19 71 8
19 72 11
19 73 7
19 74 7
19 75 8
19 76 8
19 77 14
19 78 12
19 79 9
19 80 10
19 81 10
19 82 3
19 83 21
19 84 12
19 85 12
19 86 15
19 87 7
19 88 7
19 89 13
19 90 9
19 91 3
19 92 8
19 93 13
19 94 12
19 95 11
19 96 6
19 97 6
19 98 14
19 99 7
19 100 8
19 101 11
19 102 12
19 103 15
19 104 16
19 105 14
19 106 14
19 107 15
19 108 8
19 109 3
19 110 7
19 111 8
19 112 9
19 113 10
19 114 15
19 115 5
19 116 8
19 117 5
19 118 3
19 119 7
19 120 18
19 121 9
19 122 7
19 123 13
19 124 13
19 125 10
19 126 17
19 127 11
19 128 9
19 129 13
19 130 4
19 131 14
19 132 7
19 133 16
19 134 12
19 135 8
19 136 18
19 137 4
19 138 5
19 139 10
20 20 0
20 21 0
20 22 0
20 23 0
20 24 0
20 25 0
20 26 0
20 27 0
20 28 0
20 29 0
20 30 0
20 31 0
20 32 0
20 33 0
20 34 0
20 35 0
20 36 0
20 37 0
20 38 0
20 39 0
20 40 0
20 41 0
20 42 0
20 43 0
20 44 0
20 45 0
20 46 9
20 47 11
20 48 9
20 49 9
20 50 5
20 51 15
20 52 18
20 53 13
20 54 9
20 55 14
20 56 3
20 57 14
20 58 13
20 59 8
20 60 8
20 61 7
20 62 10
20 63 8
20 64 0
20 65 18
20 66 11
20 67 7
20 68 12
20 69 9
20 70 4
20 71 10
20 72 17
20 73 14
20 74 2
20 75 9
20 76 5
20 77 6
20 78 5
20 79 15
20 80 11
20 81 15
20 82 6
20 83 5
20 84 17
20 85 6
20 86 7
20 87 3
20 88 8
20 89 15
20 90 7
20 91 11
20 92 7
20 93 9
20 94 14
20 95 9
20 96 3
20 97 10
20 98 5
20 99 18
20 100 8
20 101 5
20 102 6
20 103 5
20 104 18
20 105 9
20 106 14
20 107 10
20 108 3
20 109 11
20 110 8
20 111 15
20 112 2
20 113 8
20 114 10
20 115 5
20 116 1
20 117 15
20 118 4
20 119 8
20 120 6
20 121 9
20 122 10
20 123 7
20 124 9
20 125 11
20 126 4
20 127 5
20 128 12
20 129 12
20 130 15
20 131 11
20 132 6
20 133 16
20 134 1
20 135 10
20 136 14
20 137 4
20 138 4
20 139 10
21 21 0
21 22 0
21 23 0
21 24 0
21 25 0
21 26 0
21 27 0
21 28 0
21 29 0
21 30 0
21 31 0
21 32 0
21 33 0
21 34 0
21 35 0
21 36 0
21 37 0
21 38 0
21 39 0
21 40 0
21 41 0
21 42 0
21 43 0
21 44 0
21 45 0
21 46 3
21 47 4
21 48 7
21 49 9
21 50 8
21 51 14
21 52 16
21 53 10
21 54 3
21 55 17
21 56 2
21 57 14
21 58 13
21 59 12
21 60 6
21 61 14
21 62 7
21 63 18
21 64 18
21 65 13
21 66 9
21 67 -2
21 68 9
21 69 8
21 70 14
21 71 15
21 72 15
21 73 5
21 74 13
21 75 16
21 76 12
21 77 11
21 78 16
21 79 3
21 80 7
21 81 11
21 82 6
21 83 5
21 84 23
21 85 10
21 86 6
21 87 11
21 88 2
21 89 10
21 90 8
21 91 13
21 92 13
21 93 -1
21 94 7
21 95 18
21 96 9
21 97 11
21 98 15
21 99 2
21 100 12
21 101 14
21 102 5
21 103 7
21 104 5
21 105 12
21 106 11
21 107 16
21 108 13
21 109 8
21 110 8
21 111 -1
21 112 11
21 113 5
21 114 9
21 115 9
21 116 16
21 117 -4
21 118 14
21 119 7
21 120 9
21 121 13
21 122 9
21 123 8
21 124 7
21 125 6
21 126 9
21 127 8
21 128 9
21 129 7
21 130 8
21 131 4
21 132 16
21 133 13
21 134 10
21 135 7
21 136 10
21 137 14
21 138 13
21 139 13
22 22 0
22 23 0
22 24 0
22 25 0
22 26 0
22 27 0
22 28 0
22 29 0
22 30 0
22 31 0
22 32 0
22 33 0
22 34 0
22 35 0
22 36 0
22 37 0
22 38 0
22 39 0
22 40 0
22 41 0
22 42 0
22 43 0
22 44 0
22 45 0
22 46 10
22 47 21
22 48 9
22 49 4
22 50 7
22 51 9
22 52 7
22 53 9
22 54 13
22 55 13
22 56 10
22 57 3
22 58 13
22 59 11
22 60 15
22 61 8
22 62 9
22 63 5
22 64 15
22 65 8
22 66 8
22 67 13
22 68 17
22 69 13
22 70 13
22 71 2
22 72 9
22 73 16
22 74 5
22 75 13
22 76 14
22 77 1
22 78 14
22 79 5
22 80 14
22 81 -4
22 82 4
22 83 16
22 84 11
22 85 8
22 86 12
22 87 8
22 88 8
22 89 4
22 90 16
22 91 5
22 92 10
22 93 4
22 94 8
22 95 8
22 96 15
22 97 13
22 98 14
22 99 5
22 100 4
22 101 11
22 102 -7
22 103 3
22 104 17
22 105 11
22 106 11
22 107 6
22 108 12
22 109 12
22 110 8
22 111 -5
22 112 8
22 113 7
22 114 11
22 115 12
22 116 15
22 117 4
22 118 10
22 119 7
22 120 8
22 121 9
22 122 9
22 123 23
22 124 12
22 125 -1
22 126 16
22 127 15
22 128 19
22 129 6
22 130 15
22 131 21
22 132 3
22 133 12
22 134 13
22 135 7
22 136 20
22 137 12
22 138 2
22 139 10
23 23 0
23 24 0
23 25 0
23 26 0
23 27 0
23 28 0
23 29 0
23 30 0
23 31 0
23 32 0
23 33 0
23 34 0
23 35 0
23 36 0
23 37 0
23 38 0
23 39 0
23 40 0
23 41 0
23 42 0
23 43 0
23 44 0
23 45 0
23 46 10
23 47 12
23 48 12
23 49 4
23 50 9
23 51 13
23 52 8
23 53 20
23 54 15
23 55 14
23 56 12
23 57 7
23 58 8
23 59 13
23 60 4
23 61 6
23 62 7
23 63 13
23 64 11
23 65 5
23 66 11
23 67 11
23 68 9
23 69 3
23 70 8
23 71 2
23 72 8
23 73 12
23 74 8
23 75 8
23 76 10
23 77 7
23 78 20
23 79 17
23 80 14
23 81 7
23 82 12
23 83 10
23 84 17
23 85 11
23 86 14
23 87 8
23 88 -1
23 89 12
23 90 10
23 91 5
23 92 7
23 93 4
23 94 7
23 95 0
23 96 12
23 97 12
23 98 6
23 99 13
23 100 17
23 101 7
23 102 7
23 103 11
23 104 15
23 105 8
23 106 13
23 107 12
23 108 5
23 109 13
23 110 4
23 111 13
23 112 0
23 113 15
23 114 8
23 115 18
23 116 7
23 117 10
23 118 9
23 119 18
23 120 14
23 121 15
23 122 12
23 123 7
23 124 12
23 125 11
23 126 5
23 127 9
23 128 18
23 129 6
23 130 14
23 131 6
23 132 6
23 133 11
23 134 11
23 135 13
23 136 10
23 137 8
23 138 4
23 139 9
24 24 0
24 25 0
24 26 0
24 27 0
24 28 0
24 29 0
24 30 0
24 31 0
24 32 0
24 33 0
24 34 0
24 35 0
24 36 0
24 37 0
24 38 0
24 39 0
24 40 0
24 41 0
24 42 0
24 43 0
24 44 0
24 45 0
24 46 14
24 47 16
24 48 9
24 49 6
24 50 17
24 51 15
24 52 6
24 53 12
24 54 17
24 55 12
24 56 13
24 57 11
24 58 11
24 59 22
24 60 14
24 61 0
24 62 22
24 63 11
24 64 13
24 65 9
24 66 14
24 67 11
24 68 5
24 69 5
24 70 14
24 71 8
24 72 16
24 73 9
24 74 11
24 75 4
24 76 14
24 77 10
24 78 15
24 79 12
24 80 8
24 81 13
24 82 4
24 83 12
24 84 12
24 85 6
24 86 11
24 87 16
24 88 3
24 89 8
24 90 14
24 91 3
24 92 15
24 93 10
24 94 14
24 95 6
24 96 4
24 97 15
24 98 4
24 99 8
24 100 13
24 101 12
24 102 8
24 103 10
24 104 15
24 105 15
24 106 7
24 107 12
24 108 9
24 109 6
24 110 16
24 111 11
24 112 13
24 113 2
24 114 14
24 115 17
24 116 9
24 117 12
24 118 7
24 119 12
24 120 14
24 121 10
24 122 15
24 123 16
24 124 4
24 125 11
24 126 9
24 127 3
24 128 13
24 129 8
24 130 7
24 131 8
24 132 11
24 133 10
24 134 12
24 135 4
24 136 4
24 137 7
24 138 12
24 139 16
25 25 0
25 26 0
25 27 0
25 28 0
25 29 0
25 30 0
25 31 0
25 32 0
25 33 0
25 34 0
25 35 0
25 36 0
25 37 0
25 38 0
25 39 0
25 40 0
25 41 0
25 42 0
25 43 0
25 44 0
25 45 0
25 46 3
25 47 19
25 48 18
25 49 6
25 50 11
25 51 12
25 52 15
25 53 4
25 54 6
25 55 7
25 56 6
25 57 9
25 58 7
25 59 6
25 60 4
25 61 16
25 62 14
25 63 8
25 64 6
25 65 17
25 66 8
25 67 9
25 68 12
25 69 14
25 70 15
25 71 19
25 72 17
25 73 19
25 74 10
25 75 10
25 76 12
25 77 3
25 78 5
25 79 17
25 80 16
25 81 13
25 82 4
25 83 8
25 84 8
25 85 7
25 86 10
25 87 22
25 88 12
25 89 16
25 90 15
25 91 4
25 92 20
25 93 16
25 94 11
25 95 8
25 96 6
25 97 1
25 98 11
25 99 10
25 100 9
25 101 11
25 102 8
25 103 11
25 104 17
25 105 5
25 106 5
25 107 3
25 108 16
25 109 6
25 110 12
25 111 26
25 112 12
25 113 11
25 114 10
25 115 11
25 116 10
25 117 15
25 118 10
25 119 10
25 120 7
25 121 4
25 122 10
25 123 4
25 124 7
25 125 16
25 126 11
25 127 13
25 128 1
25 129 16
25 130 13
25 131 -1
25 132 12
25 133 -2
25 134 12
25 135 11
25 136 0
25 137 5
25 138 7
25 139 11
26 26 0
26 27 0
26 28 0
26 29 0
26 30 0
26 31 0
26 32 0
26 33 0
26 34 0
26 35 0
26 36 0
26 37 0
26 38 0
26 39 0
26 40 0
26 41 0
26 42 0
26 43 0
26 44 0
26 45 0
26 46 7
26 47 13
26 48 10
26 49 8
26 50 8
26 51 11
26 52 15
26 53 -3
26 54 12
26 55 3
26 56 15
26 57 12
26 58 17
26 59 3
26 60 15
26 61 2
26 62 10
26 63 4
26 64 16
26 65 6
26 66 12
26 67 2
26 68 17
26 69 6
26 70 19
26 71 7
26 72 1
26 73 5
26 74 11
26 75 8
26 76 13
26 77 11
26 78 -1
26 79 11
26 80 14
26 81 7
26 82 14
26 83 8
26 84 13
26 85 1
26 86 8
26 87 9
26 88 12
26 89 22
26 90 0
26 91 9
26 92 5
26 93 6
26 94 21
26 95 11
26 96 17
26 97 12
26 98 13
26 99 20
26 100 10
26 101 8
26 102 6
26 103 10
26 104 4
26 105 8
26 106 -1
26 107 8
26 108 15
26 109 16
26 110 2
26 111 15
26 112 6
26 113 8
26 114 6
26 115 5
26 116 10
26 117 17
26 118 10
26 119 -2
26 120 12
26 121 9
26 122 9
26 123 9
26 124 10
26 125 4
26 126 0
26 127 14
26 128 4
26 129 9
26 130 17
26 131 12
26 132 -1
26 133 10
26 134 8
26 135 12
26 136 10
26 137 6
26 138 5
26 139 7
27 27 0
27 28 0
27 29 0
27 30 0
27 31 0
27 32 0
27 33 0
27 34 0
27 35 0
27 36 0
27 37 0
27 38 0
27 39 0
27 40 0
27 41 0
27 42 0
27 43 0
27 44 0
27 45 0
27 46 17
27 47 18
27 48 16
27 49 3
27 50 12
27 51 10
27 52 8
27 53 6
27 54 17
27 55 10
27 56 18
27 57 2
27 58 10
27 59 8
27 60 13
27 61 9
27 62 5
27 63 12
27 64 14
27 65 6
27 66 19
27 67 10
27 68 10
27 69 9
27 70 10
27 71 2
27 72 2
27 73 5
27 74 11
27 75 9
27 76 5
27 77 1
27 78 12
27 79 6
27 80 11
27 81 4
27 82 16
27 83 11
27 84 4
27 85 16
27 86 3
27 87 8
27 88 17
27 89 1
27 90 18
27 91 3
27 92 12
27 93 5
27 94 16
27 95 9
27 96 11
27 97 6
27 98 -1
27 99 15
27 100 14
27 101 10
27 102 14
27 103 13
27 104 10
27 105 6
27 106 4
27 107 12
27 108 3
27 109 9
27 110 14
27 111 8
27 112 13
27 113 5
27 114 16
27 115 15
27 116 12
27 117 16
27 118 10
27 119 12
27 120 16
27 121 12
27 122 19
27 123 4
27 124 8
27 125 13
27 126 10
27 127 1
27 128 2
27 129 7
27 130 13
27 131 -2
27 132 11
27 133 11
27 134 6
27 135 7
27 136 9
27 137 0
27 138 15
27 139 11
28 28 0
28 29 0
28 30 0
28 31 0
28 32 0
28 33 0
28 34 0
28 35 0
28 36 0
28 37 0
28 38 0
28 39 0
28 40 0
28 41 0
28 42 0
28 43 0
28 44 0
28 45 0
28 46 8
28 47 10
28 48 6
28 49 16
28 50 12
28 51 17
28 52 5
28 53 9
28 54 9
28 55 7
28 56 5
28 57 4
28 58 9
28 59 12
28 60 4
28 61 13
28 62 13
28 63 10
28 64 15
28 65 13
28 66 10
28 67 18
28 68 10
28 69 19
28 70 3
28 71 10
28 72 -1
28 73 6
28 74 12
28 75 18
28 76 13
28 77 15
28 78 0
28 79 16
28 80 12
28 81 5
28 82 16
28 83 9
28 84 8
28 85 7
28 86 16
28 87 5
28 88 11
28 89 13
28 90 9
28 91 17
28 92 8
28 93 17
28 94 2
28 95 5
28 96 10
28 97 13
28 98 3
28 99 1
28 100 11
28 101 4
28 102 14
28 103 10
28 104 8
28 105 6
28 106 6
28 107 16
28 108 8
28 109 -3
28 110 12
28 111 9
28 112 8
28 113 7
28 114 4
28 115 7
28 116 9
28 117 9
28 118 6
28 119 6
28 120 12
28 121 7
28 122 17
28 123 16
28 124 9
28 125 17
28 126 15
28 127 11
28 128 18
28 129 12
28 130 9
28 131 6
28 132 5
28 133 14
28 134 9
28 135 3
28 136 15
28 137 4
28 138 16
28 139 10
29 29 0
29 30 0
29 31 0
29 32 0
29 33 0
29 34 0
29 35 0
29 36 0
29 37 0
29 38 0
29 39 0
29 40 0
29 41 0
29 42 0
29 43 0
29 44 0
29 45 0
29 46 11
29 47 7
29 48 5
29 49 13
29 50 12
29 51 8
29 52 16
29 53 18
29 54 4
29 55 8
29 56 6
29 57 6
29 58 12
29 59 9
29 60 10
29 61 10
29 62 10
29 63 11
29 64 23
29 65 19
29 66 14
29 67 5
29 68 12
29 69 11
29 70 15
29 71 4
29 72 8
29 73 10
29 74 13
29 75 15
29 76 5
29 77 8
29 78 -1
29 79 6
29 80 14
29 81 10
29 82 16
29 83 10
29 84 7
29 85 14
29 86 6
29 87 4
29 88 7
29 89 11
29 90 17
29 91 17
29 92 5
29 93 12
29 94 -2
29 95 -2
29 96 10
29 97 7
29 98 18
29 99 7
29 100 11
29 101 15
29 102 11
29 103 7
29 104 5
29 105 11
29 106 4
29 107 16
29 108 11
29 109 13
29 110 10
29 111 8
29 112 10
29 113 7
29 114 12
29 115 15
29 116 5
29 117 18
29 118 12
29 119 6
29 120 4
29 121 15
29 122 11
29 123 9
29 124 11
29 125 10
29 126 5
29 127 6
29 128 9
29 129 9
29 130 8
29 131 9
29 132 6
29 133 12
29 134 -4
29 135 1
29 136 3
29 137 6
29 138 14
29 139 9
30 30 0
30 31 0
30 32 0
30 33 0
30 34 0
30 35 0
30 36 0
30 37 0
30 38 0
30 39 0
30 40 0
30 41 0
30 42 0
30 43 0
30 44 0
30 45 0
30 46 16
30 47 16
30 48 8
30 49 0
30 50 7
30 51 9
30 52 14
30 53 6
30 54 18
30 55 10
30 56 15
30 57 12
30 58 10
30 59 16
30 60 5
30 61 4
30 62 16
30 63 16
30 64 16
30 65 7
30 66 17
30 67 13
30 68 7
30 69 6
30 70 6
30 71 9
30 72 17
30 73 11
30 74 15
30 75 7
30 76 13
30 77 11
30 78 10
30 79 8
30 80 8
30 81 16
30 82 14
30 83 3
30 84 13
30 85 15
30 86 -5
30 87 22
30 88 7
30 89 17
30 90 4
30 91 13
30 92 4
30 93 10
30 94 6
30 95 7
30 96 8
30 97 4
30 98 16
30 99 14
30 100 10
30 101 6
30 102 10
30 103 10
30 104 9
30 105 3
30 106 8
30 107 7
30 108 8
30 109 6
30 110 10
30 111 6
30 112 16
30 113 17
30 114 10
30 115 14
30 116 12
30 117 10
30 118 4
30 119 6
30 120 4
30 121 9
30 122 6
30 123 10
30 124 6
30 125 3
30 126 9
30 127 15
30 128 15
30 129 12
30 130 9
30 131 9
30 132 8
30 133 15
30 134 0
30 135 14
30 136 3
30 137 15
30 138 4
30 139 8
31 31 0
31 32 0
31 33 0
31 34 0
31 35 0
31 36 0
31 37 0
31 38 0
31 39 0
31 40 0
31 41 0
31 42 0
31 43 0
31 44 0
31 45 0
31 46 11
31 47 6
31 48 10
31 49 10
31 50 0
31 51 5
31 52 5
31 53 14
31 54 11
31 55 2
31 56 10
31 57 13
31 58 7
31 59 9
31 60 21
31 61 15
31 62 -2
31 63 12
31 64 8
31 65 19
31 66 13
31 67 17
31 68 14
31 69 3
31 70 10
31 71 14
31 72 11
31 73 7
31 74 4
31 75 18
31 76 12
31 77 11
31 78 14
31 79 14
31 80 6
31 81 16
31 82 19
31 83 13
31 84 14
31 85 8
31 86 1
31 87 15
31 88 2
31 89 8
31 90 14
31 91 8
31 92 8
31 93 7
31 94 8
31 95 9
31 96 13
31 97 14
31 98 7
31 99 0
31 100 8
31 101 13
31 102 9
31 103 9
31 104 15
31 105 7
31 106 5
31 107 17
31 108 18
31 109 12
31 110 20
31 111 12
31 112 5
31 113 8
31 114 7
31 115 11
31 116 8
31 117 0
31 118 7
31 119 5
31 120 13
31 121 19
31 122 14
31 123 11
31 124 4
31 125 14
31 126 13
31 127 4
31 128 17
31 129 13
31 130 13
31 131 8
31 132 6
31 133 6
31 134 8
31 135 14
31 136 9
31 137 13
31 138 5
31 139 15
32 32 0
32 33 0
32 34 0
32 35 0
32 36 0
32 37 0
32 38 0
32 39 0
32 40 0
32 41 0
32 42 0
32 43 0
32 44 0
32 45 0
32 46 4
32 47 8
32 48 10
32 49 9
32 50 5
32 51 5
32 52 24
32 53 12
32 54 11
32 55 17
32 56 10
32 57 9
32 58 6
32 59 11
32 60 5
32 61 14
32 62 10
32 63 12
32 64 16
32 65 5
32 66 5
32 67 11
32 68 11
32 69 6
32 70 19
32 71 3
32 72 14
32 73 9
32 74 21
32 75 9
32 76 10
32 77 24
32 78 4
32 79 10
32 80 2
32 81 9
32 82 15
32 83 13
32 84 12
32 85 18
32 86 8
32 87 10
32 88 5
32 89 12
32 90 4
32 91 20
32 92 10
32 93 9
32 94 21
32 95 9
32 96 9
32 97 7
32 98 22
32 99 6
32 100 2
32 101 9
32 102 3
32 103 10
32 104 6
32 105 11
32 106 11
32 107 14
32 108 6
32 109 17
32 110 12
32 111 8
32 112 9
32 113 10
32 114 10
32 115 14
32 116 8
32 117 4
32 118 15
32 119 9
32 120 16
32 121 10
32 122 8
32 123 12
32 124 3
32 125 15
32 126 9
32 127 7
32 128 5
32 129 6
32 130 13
32 131 9
32 132 8
32 133 13
32 134 0
32 135 8
32 136 11
32 137 2
32 138 12
32 139 4
33 33 0
33 34 0
33 35 0
33 36 0
33 37 0
33 38 0
33 39 0
33 40 0
33 41 0
33 42 0
33 43 0
33 44 0
33 45 0
33 46 15
33 47 16
33 48 17
33 49 18
33 50 6
33 51 2
33 52 12
33 53 9
33 54 15
33 55 20
33 56 6
33 57 12
33 58 12
33 59 4
33 60 9
33 61 4
33 62 5
33 63 4
33 64 9
33 65 9
33 66 11
33 67 22
33 68 12
33 69 11
33 70 8
33 71 10
33 72 9
33 73 10
33 74 16
33 75 16
33 76 11
33 77 2
33 78 17
33 79 10
33 80 9
33 81 8
33 82 14
33 83 13
33 84 13
33 85 10
33 86 18
33 87 9
33 88 9
33 89 13
33 90 13
33 91 8
33 92 4
33 93 11
33 94 7
33 95 16
33 96 12
33 97 17
33 98 8
33 99 10
33 100 13
33 101 12
33 102 18
33 103 -1
33 104 8
33 105 13
33 106 8
33 107 16
33 108 10
33 109 12
33 110 11
33 111 7
33 112 8
33 113 12
33 114 17
33 115 10
33 116 16
33 117 16
33 118 10
33 119 7
33 120 12
33 121 23
33 122 10
33 123 6
33 124 17
33 125 14
33 126 6
33 127 10
33 128 13
33 129 13
33 130 8
33 131 14
33 132 16
33 133 14
33 134 7
33 135 8
33 136 9
33 137 12
33 138 16
33 139 7
34 34 0
34 35 0
34 36 0
34 37 0
34 38 0
34 39 0
34 40 0
34 41 0
34 42 0
34 43 0
34 44 0
34 45 0
34 46 11
34 47 7
34 48 14
34 49 13
34 50 5
34 51 4
34 52 21
34 53 14
34 54 6
34 55 14
34 56 14
34 57 2
34 58 11
34 59 12
34 60 12
34 61 5
34 62 15
34 63 12
34 64 3
34 65 8
34 66 13
34 67 17
34 68 11
34 69 15
34 70 9
34 71 11
34 72 10
34 73 6
34 74 10
34 75 2
34 76 15
34 77 14
34 78 -1
34 79 3
34 80 12
34 81 11
34 82 16
34 83 -7
34 84 14
34 85 3
34 86 12
34 87 2
34 88 1
34 89 9
34 90 9
34 91 16
34 92 9
34 93 16
34 94 9
34 95 15
34 96 11
34 97 11
34 98 4
34 99 10
34 100 8
34 101 4
34 102 6
34 103 6
34 104 9
34 105 5
34 106 20
34 107 7
34 108 6
34 109 -2
34 110 14
34 111 22
34 112 13
34 113 15
34 114 17
34 115 14
34 116 0
34 117 14
34 118 13
34 119 16
34 120 12
34 121 16
34 122 4
34 123 9
34 124 4
34 125 5
34 126 19
34 127 14
34 128 6
34 129 7
34 130 5
34 131 3
34 132 15
34 133 9
34 134 18
34 135 11
34 136 8
34 137 18
34 138 8
34 139 9
35 35 0
35 36 0
35 37 0
35 38 0
35 39 0
35 40 0
35 41 0
35 42 0
35 43 0
35 44 0
35 45 0
35 46 4
35 47 15
35 48 5
35 49 4
35 50 9
35 51 6
35 52 11
35 53 10
35 54 4
35 55 7
35 56 13
35 57 20
35 58 10
35 59 8
35 60 7
35 61 10
35 62 10
35 63 1
35 64 -3
35 65 15
35 66 8
35 67 3
35 68 14
35 69 10
35 70 4
35 71 4
35 72 0
35 73 17
35 74 11
35 75 3
35 76 17
35 77 15
35 78 9
35 79 6
35 80 7
35 81 6
35 82 12
35 83 11
35 84 9
35 85 7
35 86 14
35 87 14
35 88 10
35 89 12
35 90 10
35 91 11
35 92 4
35 93 9
35 94 18
35 95 11
35 96 8
35 97 10
35 98 14
35 99 12
35 100 14
35 101 14
35 102 6
35 103 0
35 104 8
35 105 4
35 106 7
35 107 11
35 108 7
35 109 12
35 110 10
35 111 10
35 112 10
35 113 4
35 114 9
35 115 8
35 116 8
35 117 14
35 118 6
35 119 5
35 120 6
35 121 17
35 122 14
35 123 11
35 124 16
35 125 13
35 126 9
35 127 9
35 128 14
35 129 4
35 130 11
35 131 7
35 132 21
35 133 8
35 134 -4
35 135 11
35 136 14
35 137 2
35 138 8
35 139 15
36 36 0
36 37 0
36 38 0
36 39 0
36 40 0
36 41 0
36 42 0
36 43 0
36 44 0
36 45 0
36 46 16
36 47 12
36 48 7
36 49 11
36 50 14
36 51 4
36 52 12
36 53 6
36 54 5
36 55 9
36 56 3
36 57 5
36 58 5
36 59 10
36 60 8
36 61 9
36 62 15
36 63 10
36 64 14
36 65 10
36 66 13
36 67 8
36 68 4
36 69 19
36 70 8
36 71 11
36 72 14
36 73 11
36 74 9
36 75 12
36 76 6
36 77 11
36 78 3
36 79 7
36 80 9
36 81 2
36 82 4
36 83 9
36 84 9
36 85 4
36 86 6
36 87 17
36 88 -1
36 89 17
36 90 7
36 91 8
36 92 2
36 93 18
36 94 18
36 95 13
36 96 13
36 97 13
36 98 12
36 99 9
36 100 17
36 101 10
36 102 4
36 103 10
36 104 9
36 105 10
36 106 7
36 107 4
36 108 2
36 109 16
36 110 13
36 111 6
36 112 8
36 113 5
36 114 10
36 115 7
36 116 12
36 117 2
36 118 8
36 119 11
36 120 4
36 121 12
36 122 14
36 123 7
36 124 5
36 125 10
36 126 5
36 127 15
36 128 14
36 129 6
36 130 21
36 131 13
36 132 6
36 133 -1
36 134 17
36 135 18
36 136 -2
36 137 11
36 138 13
36 139 10
37 37 0
37 38 0
37 39 0
37 40 0
37 41 0
37 42 0
37 43 0
37 44 0
37 45 0
37 46 7
37 47 0
37 48 4
37 49 12
37 50 9
37 51 18
37 52 11
37 53 23
37 54 13
37 55 9
37 56 5
37 57 10
37 58 11
37 59 8
37 60 9
37 61 10
37 62 15
37 63 8
37 64 16
37 65 7
37 66 7
37 67 1
37 68 11
37 69 8
37 70 17
37 71 16
37 72 17
37 73 9
37 74 8
37 75 10
37 76 2
37 77 20
37 78 12
37 79 15
37 80 8
37 81 8
37 82 10
37 83 15
37 84 5
37 85 17
37 86 1
37 87 16
37 88 8
37 89 9
37 90 9
37 91 10
37 92 13
37 93 4
37 94 4
37 95 12
37 96 12
37 97 13
37 98 9
37 99 7
37 100 12
37 101 6
37 102 -2
37 103 6
37 104 8
37 105 19
37 106 13
37 107 6
37 108 14
37 109 12
37 110 3
37 111 11
37 112 6
37 113 9
37 114 14
37 115 7
37 116 10
37 117 5
37 118 18
37 119 6
37 120 9
37 121 15
37 122 15
37 123 5
37 124 8
37 125 2
37 126 14
37 127 6
37 128 12
37 129 14
37 130 10
37 131 7
37 132 10
37 133 11
37 134 18
37 135 16
37 136 10
37 137 6
37 138 4
37 139 13
38 38 0
38 39 0
38 40 0
38 41 0
38 42 0
38 43 0
38 44 0
38 45 0
38 46 6
38 47 15
38 48 5
38 49 11
38 50 13
38 51 6
38 52 24
38 53 17
38 54 10
38 55 10
38 56 10
38 57 11
38 58 8
38 59 5
38 60 13
38 61 10
38 62 12
38 63 4
38 64 7
38 65 10
38 66 5
38 67 5
38 68 13
38 69 13
38 70 5
38 71 15
38 72 15
38 73 5
38 74 3
38 75 20
38 76 11
38 77 17
38 78 14
38 79 11
38 80 20
38 81 8
38 82 15
38 83 11
38 84 6
38 85 6
38 86 14
38 87 9
38 88 13
38 89 16
38 90 2
38 91 13
38 92 18
38 93 10
38 94 13
38 95 5
38 96 9
38 97 12
38 98 11
38 99 8
38 100 13
38 101 9
38 102 7
38 103 11
38 104 8
38 105 11
38 106 3
38 107 10
38 108 8
38 109 8
38 110 12
38 111 9
38 112 15
38 113 22
38 114 10
38 115 10
38 116 17
38 117 15
38 118 14
38 119 17
38 120 12
38 121 6
38 122 16
38 123 6
38 124 13
38 125 13
38 126 1
38 127 11
38 128 13
38 129 8
38 130 12
38 131 7
38 132 5
38 133 8
38 134 10
38 135 26
38 136 11
38 137 6
38 138 15
38 139 2
39 39 0
39 40 0
39 41 0
39 42 0
39 43 0
39 44 0
39 45 0
39 46 5
39 47 9
39 48 9
39 49 3
39 50 17
39 51 8
39 52 12
39 53 13
39 54 13
39 55 13
39 56 6
39 57 13
39 58 6
39 59 16
39 60 14
39 61 14
39 62 12
39 63 9
39 64 14
39 65 2
39 66 13
39 67 2
39 68 13
39 69 5
39 70 11
39 71 2
39 72 10
39 73 15
39 74 9
39 75 3
39 76 12
39 77 8
39 78 5
39 79 10
39 80 7
39 81 11
39 82 11
39 83 12
39 84 11
39 85 10
39 86 15
39 87 8
39 88 16
39 89 11
39 90 11
39 91 6
39 92 8
39 93 8
39 94 14
39 95 4
39 96 13
39 97 13
39 98 14
39 99 5
39 100 5
39 101 8
39 102 10
39 103 14
39 104 5
39 105 7
39 106 1
39 107 5
39 108 12
39 109 9
39 110 12
39 111 5
39 112 11
39 113 12
39 114 8
39 115 4
39 116 13
39 117 18
39 118 8
39 119 16
39 120 14
39 121 8
39 122 12
39 123 8
39 124 15
39 125 14
39 126 6
39 127 8
39 128 12
39 129 8
39 130 8
39 131 10
39 132 11
39 133 9
39 134 5
39 135 14
39 136 11
39 137 7
39 138 6
39 139 13
40 40 0
40 41 0
40 42 0
40 43 0
40 44 0
40 45 0
40 46 12
40 47 10
40 48 11
40 49 7
40 50 18
40 51 13
40 52 13
40 53 8
40 54 2
40 55 1
40 56 10
40 57 8
40 58 13
40 59 6
40 60 13
40 61 15
40 62 18
40 63 6
40 64 11
40 65 18
40 66 10
40 67 5
40 68 10
40 69 13
40 70 6
40 71 12
40 72 18
40 73 16
40 74 2
40 75 10
40 76 18
40 77 6
40 78 8
40 79 22
40 80 21
40 81 11
40 82 4
40 83 14
40 84 9
40 85 18
40 86 15
40 87 5
40 88 5
40 89 12
40 90 10
40 91 2
40 92 5
40 93 6
40 94 9
40 95 7
40 96 9
40 97 10
40 98 9
40 99 1
40 100 13
40 101 10
40 102 8
40 103 13
40 104 12
40 105 15
40 106 16
40 107 9
40 108 14
40 109 -5
40 110 17
40 111 14
40 112 4
40 113 5
40 114 13
40 115 18
40 116 13
40 117 17
40 118 17
40 119 6
40 120 11
40 121 10
40 122 6
40 123 7
40 124 13
40 125 16
40 126 12
40 127 16
40 128 21
40 129 12
40 130 13
40 131 16
40 132 13
40 133 6
40 134 -1
40 135 6
40 136 10
40 137 12
40 138 10
40 139 9
41 41 0
41 42 0
41 43 0
41 44 0
41 45 0
41 46 20
41 47 10
41 48 7
41 49 23
41 50 12
41 51 5
41 52 6
41 53 3
41 54 3
41 55 9
41 56 8
41 57 3
41 58 19
41 59 12
41 60 15
41 61 14
41 62 6
41 63 6
41 64 15
41 65 2
41 66 8
41 67 15
41 68 -1
41 69 8
41 70 25
41 71 11
41 72 11
41 73 9
41 74 14
41 75 5
41 76 6
41 77 11
41 78 13
41 79 6
41 80 5
41 81 8
41 82 6
41 83 9
41 84 19
41 85 15
41 86 4
41 87 7
41 88 14
41 89 15
41 90 14
41 91 13
41 92 19
41 93 16
41 94 1
41 95 9
41 96 15
41 97 4
41 98 7
41 99 9
41 100 15
41 101 15
41 102 22
41 103 11
41 104 14
41 105 16
41 106 12
41 107 17
41 108 7
41 109 -6
41 110 12
41 111 11
41 112 13
41 113 0
41 114 14
41 115 3
41 116 21
41 117 7
41 118 10
41 119 16
41 120 2
41 121 10
41 122 0
41 123 16
41 124 9
41 125 9
41 126 12
41 127 19
41 128 13
41 129 12
41 130 5
41 131 10
41 132 8
41 133 7
41 134 8
41 135 10
41 136 15
41 137 14
41 138 16
41 139 10
42 42 0
42 43 0
42 44 0
42 45 0
42 46 9
42 47 5
42 48 8
42 49 6
42 50 13
42 51 10
42 52 11
42 53 -3
42 54 10
42 55 5
42 56 15
42 57 14
42 58 6
42 59 10
42 60 14
42 61 8
42 62 10
42 63 7
42 64 15
42 65 11
42 66 15
42 67 13
42 68 11
42 69 8
42 70 12
42 71 21
42 72 7
42 73 8
42 74 19
42 75 10
42 76 14
42 77 18
42 78 11
42 79 8
42 80 5
42 81 12
42 82 10
42 83 -2
42 84 5
42 85 -3
42 86 5
42 87 9
42 88 7
42 89 18
42 90 -3
42 91 7
42 92 22
42 93 11
42 94 15
42 95 12
42 96 8
42 97 8
42 98 6
42 99 11
42 100 6
42 101 10
42 102 8
42 103 6
42 104 1
42 105 18
42 106 11
42 107 11
42 108 18
42 109 7
42 110 5
42 111 12
42 112 13
42 113 6
42 114 12
42 115 15
42 116 12
42 117 12
42 118 1
42 119 6
42 120 16
42 121 6
42 122 4
42 123 7
42 124 3
42 125 14
42 126 12
42 127 15
42 128 13
42 129 11
42 130 10
42 131 4
42 132 5
42 133 19
42 134 8
42 135 14
42 136 17
42 137 17
42 138 8
42 139 11
43 43 0
43 44 0
43 45 0
43 46 9
43 47 9
43 48 15
43 49 3
43 50 15
43 51 9
43 52 12
43 53 15
43 54 10
43 55 18
43 56 9
43 57 11
43 58 4
43 59 9
43 60 12
43 61 13
43 62 3
43 63 8
43 64 0
43 65 16
43 66 -1
43 67 14
43 68 8
43 69 14
43 70 4
43 71 10
43 72 17
43 73 13
43 74 15
43 75 18
43 76 14
43 77 2
43 78 9
43 79 7
43 80 17
43 81 12
43 82 3
43 83 15
43 84 15
43 85 9
43 86 17
43 87 12
43 88 10
43 89 14
43 90 17
43 91 20
43 92 16
43 93 11
43 94 7
43 95 14
43 96 11
43 97 6
43 98 17
43 99 8
43 100 13
43 101 8
43 102 10
43 103 9
43 104 12
43 105 7
43 106 15
43 107 12
43 108 4
43 109 10
43 110 15
43 111 12
43 112 10
43 113 3
43 114 11
43 115 9
43 116 12
43 117 -3
43 118 2
43 119 14
43 120 3
43 121 9
43 122 12
43 123 12
43 124 10
43 125 9
43 126 15
43 127 13
43 128 8
43 129 19
43 130 11
43 131 6
43 132 14
43 133 10
43 134 13
43 135 9
43 136 12
43 137 14
43 138 26
43 139 12
44 44 0
44 45 0
44 46 18
44 47 20
44 48 7
44 49 8
44 50 11
44 51 11
44 52 3
44 53 8
44 54 20
44 55 15
44 56 9
44 57 11
44 58 10
44 59 12
44 60 13
44 61 12
44 62 13
44 63 6
44 64 0
44 65 6
44 66 9
44 67 10
44 68 9
44 69 7
44 70 9
44 71 14
44 72 8
44 73 6
44 74 10
44 75 7
44 76 10
44 77 5
44 78 6
44 79 8
44 80 0
44 81 11
44 82 10
44 83 13
44 84 7
44 85 12
44 86 10
44 87 6
44 88 5
44 89 14
44 90 7
44 91 12
44 92 1
44 93 3
44 94 11
44 95 11
44 96 15
44 97 -3
44 98 8
44 99 11
44 100 8
44 101 7
44 102 10
44 103 19
44 104 6
44 105 13
44 106 2
44 107 10
44 108 18
44 109 3
44 110 7
44 111 10
44 112 4
44 113 2
44 114 5
44 115 6
44 116 12
44 117 8
44 118 6
44 119 6
44 120 15
44 121 6
44 122 10
44 123 18
44 124 8
44 125 11
44 126 12
44 127 3
44 128 7
44 129 3
44 130 7
44 131 8
44 132 9
44 133 5
44 134 6
44 135 11
44 136 4
44 137 13
44 138 9
44 139 12
45 45 0
45 46 12
45 47 8
45 48 8
45 49 14
45 50 16
45 51 6
45 52 5
45 53 2
45 54 2
45 55 12
45 56 14
45 57 9
45 58 15
45 59 8
45 60 5
45 61 9
45 62 15
45 63 9
45 64 20
45 65 1
45 66 8
45 67 20
45 68 7
45 69 9
45 70 7
45 71 10
45 72 9
45 73 7
45 74 11
45 75 15
45 76 13
45 77 8
45 78 18
45 79 4
45 80 4
45 81 12
45 82 5
45 83 10
45 84 11
45 85 9
45 86 7
45 87 14
45 88 8
45 89 3
45 90 12
45 91 1
45 92 8
45 93 7
45 94 -2
45 95 9
45 96 16
45 97 3
45 98 9
45 99 10
45 100 8
45 101 16
45 102 16
45 103 9
45 104 16
45 105 13
45 106 10
45 107 11
45 108 6
45 109 12
45 110 6
45 111 6
45 112 11
45 113 10
45 114 8
45 115 13
45 116 8
45 117 12
45 118 7
45 119 3
45 120 12
45 121 11
45 122 18
45 123 8
45 124 12
45 125 10
45 126 0
45 127 5
45 128 21
45 129 14
45 130 15
45 131 7
45 132 7
45 133 3
45 134 8
45 135 12
45 136 17
45 137 5
45 138 13
45 139 14
46 46 0
46 47 0
46 48 0
46 49 0
46 50 0
46 51 0
46 52 0
46 53 0
46 54 0
46 55 0
46 56 0
46 57 0
46 58 0
46 59 0
46 60 0
46 61 0
46 62 0
46 63 0
46 64 0
46 65 0
46 66 0
46 67 0
46 68 0
46 69 0
46 70 0
46 71 12
46 72 6
46 73 11
46 74 12
46 75 10
46 76 15
46 77 4
46 78 8
46 79 12
46 80 6
46 81 8
46 82 9
46 83 3
46 84 13
46 85 7
46 86 4
46 87 13
46 88 8
46 89 9
46 90 2
46 91 9
46 92 10
46 93 9
46 94 5
46 95 6
46 96 7
46 97 11
46 98 13
46 99 10
46 100 9
46 101 1
46 102 9
46 103 18
46 104 7
46 105 16
46 106 15
46 107 4
46 108 16
46 109 15
46 110 5
46 111 8
46 112 15
46 113 13
46 114 11
46 115 5
46 116 20
46 117 15
46 118 11
46 119 3
46 120 -1
46 121 9
46 122 12
46 123 13
46 124 10
46 125 3
46 126 8
46 127 1
46 128 4
46 129 1
46 130 15
46 131 3
46 132 10
46 133 6
46 134 13
46 135 13
46 136 15
46 137 16
46 138 7
46 139 15
47 47 0
47 48 0
47 49 0
47 50 0
47 51 0
47 52 0
47 53 0
47 54 0
47 55 0
47 56 0
47 57 0
47 58 0
47 59 0
47 60 0
47 61 0
47 62 0
47 63 0
47 64 0
47 65 0
47 66 0
47 67 0
47 68 0
47 69 0
47 70 0
47 71 11
47 72 2
47 73 3
47 74 8
47 75 4
47 76 10
47 77 1
47 78 24
47 79 12
47 80 14
47 81 9
47 82 10
47 83 16
47 84 7
47 85 7
47 86 5
47 87 4
47 88 14
47 89 17
47 90 12
47 91 5
47 92 2
47 93 18
47 94 11
47 95 15
47 96 8
47 97 12
47 98 1
47 99 8
47 100 6
47 101 14
47 102 15
47 103 9
47 104 12
47 105 15
47 106 9
47 107 3
47 108 8
47 109 12
47 110 10
47 111 3
47 112 22
47 113 10
47 114 5
47 115 19
47 116 14
47 117 13
47 118 3
47 119 21
47 120 8
47 121 6
47 122 10
47 123 6
47 124 4
47 125 11
47 126 9
47 127 15
47 128 15
47 129 14
47 130 13
47 131 10
47 132 18
47 133 19
47 134 -1
47 135 6
47 136 9
47 137 13
47 138 11
47 139 15
48 48 0
48 49 0
48 50 0
48 51 0
48 52 0
48 53 0
48 54 0
48 55 0
48 56 0
48 57 0
48 58 0
48 59 0
48 60 0
48 61 0
48 62 0
48 63 0
48 64 0
48 65 0
48 66 0
48 67 0
48 68 0
48 69 0
48 70 0
48 71 12
48 72 11
48 73 9
48 74 11
48 75 6
48 76 6
48 77 13
48 78 18
48 79 8
48 80 18
48 81 17
48 82 7
48 83 4
48 84 11
48 85 9
48 86 8
48 87 22
48 88 9
48 89 8
48 90 12
48 91 11
48 92 13
48 93 6
48 94 10
48 95 12
48 96 3
48 97 10
48 98 11
48 99 9
48 100 3
48 101 15
48 102 10
48 103 11
48 104 18
48 105 16
48 106 7
48 107 13
48 108 12
48 109 2
48 110 14
48 111 12
48 112 8
48 113 1
48 114 16
48 115 4
48 116 14
48 117 6
48 118 9
48 119 10
48 120 5
48 121 4
48 122 4
48 123 17
48 124 11
48 125 8
48 126 8
48 127 9
48 128 12
48 129 10
48 130 9
48 131 4
48 132 3
48 133 8
48 134 14
48 135 5
48 136 14
48 137 11
48 138 11
48 139 7
49 49 0
49 50 0
49 51 0
49 52 0
49 53 0
49 54 0
49 55 0
49 56 0
49 57 0
49 58 0
49 59 0
49 60 0
49 61 0
49 62 0
49 63 0
49 64 0
49 65 0
49 66 0
49 67 0
49 68 0
49 69 0
49 70 0
49 71 10
49 72 5
49 73 19
49 74 13
49 75 13
49 76 4
49 77 7
49 78 14
49 79 15
49 80 12
49 81 2
49 82 15
49 83 11
49 84 11
49 85 6
49 86 12
49 87 15
49 88 8
49 89 14
49 90 14
49 91 8
49 92 16
49 93 23
49 94 16
49 95 5
49 96 12
49 97 16
49 98 8
49 99 16
49 100 2
49 101 15
49 102 12
49 103 9
49 104 6
49 105 9
49 106 13
49 107 10
49 108 8
49 109 17
49 110 11
49 111 21
49 112 10
49 113 15
49 114 8
49 115 12
49 116 12
49 117 10
49 118 8
49 119 13
49 120 11
49 121 7
49 122 8
49 123 11
49 124 18
49 125 12
49 126 0
49 127 11
49 128 7
49 129 3
49 130 -1
49 131 10
49 132 4
49 133 9
49 134 11
49 135 9
49 136 14
49 137 17
49 138 10
49 139 4
50 50 0
50 51 0
50 52 0
50 53 0
50 54 0
50 55 0
50 56 0
50 57 0
50 58 0
50 59 0
50 60 0
50 61 0
50 62 0
50 63 0
50 64 0
50 65 0
50 66 0
50 67 0
50 68 0
50 69 0
50 70 0
50 71 6
50 72 12
50 73 18
50 74 11
50 75 15
50 76 3
50 77 7
50 78 10
50 79 3
50 80 17
50 81 6
50 82 16
50 83 12
50 84 2
50 85 17
50 86 9
50 87 9
50 88 6
50 89 14
50 90 -2
50 91 12
50 92 11
50 93 6
50 94 19
50 95 12
50 96 9
50 97 7
50 98 6
50 99 18
50 100 6
50 101 3
50 102 14
50 103 6
50 104 10
50 105 6
50 106 15
50 107 14
50 108 9
50 109 21
50 110 15
50 111 15
50 112 11
50 113 -1
50 114 9
50 115 10
50 116 11
50 117 15
50 118 11
50 119 17
50 120 21
50 121 13
50 122 13
50 123 11
50 124 9
50 125 8
50 126 14
50 127 20
50 128 9
50 129 12
50 130 7
50 131 8
50 132 12
50 133 9
50 134 21
50 135 4
50 136 6
50 137 8
50 138 12
50 139 14
51 51 0
51 52 0
51 53 0
51 54 0
51 55 0
51 56 0
51 57 0
51 58 0
51 59 0
51 60 0
51 61 0
51 62 0
51 63 0
51 64 0
51 65 0
51 66 0
51 67 0
51 68 0
51 69 0
51 70 0
51 71 6
51 72 9
51 73 16
51 74 8
51 75 13
51 76 13
51 77 15
51 78 21
51 79 14
51 80 10
51 81 12
51 82 -4
51 83 10
51 84 6
51 85 15
51 86 11
51 87 13
51 88 15
51 89 3
51 90 9
51 91 8
51 92 5
51 93 3
51 94 6
51 95 10
51 96 5
51 97 13
51 98 5
51 99 21
51 100 24
51 101 6
51 102 7
51 103 8
51 104 -3
51 105 15
51 106 7
51 107 15
51 108 4
51 109 11
51 110 17
51 111 16
51 112 5
51 113 15
51 114 20
51 115 20
51 116 4
51 117 5
51 118 10
51 119 13
51 120 10
51 121 11
51 122 6
51 123 7
51 124 2
51 125 7
51 126 9
51 127 4
51 128 7
51 129 7
51 130 6
51 131 25
51 132 2
51 133 15
51 134 18
51 135 15
51 136 9
51 137 9
51 138 4
51 139 6
52 52 0
52 53 0
52 54 0
52 55 0
52 56 0
52 57 0
52 58 0
52 59 0
52 60 0
52 61 0
52 62 0
52 63 0
52 64 0
52 65 0
52 66 0
52 67 0
52 68 0
52 69 0
52 70 0
52 71 7
52 72 16
52 73 9
52 74 13
52 75 21
52 76 2
52 77 3
52 78 2
52 79 17
52 80 11
52 81 11
52 82 15
52 83 -2
52 84 3
52 85 11
52 86 12
52 87 6
52 88 9
52 89 18
52 90 8
52 91 1
52 92 4
52 93 4
52 94 14
52 95 4
52 96 1
52 97 8
52 98 23
52 99 16
52 100 8
52 101 0
52 102 10
52 103 7
52 104 16
52 105 7
52 106 13
52 107 5
52 108 8
52 109 16
52 110 14
52 111 8
52 112 13
52 113 18
52 114 20
52 115 8
52 116 10
52 117 1
52 118 4
52 119 11
52 120 4
52 121 10
52 122 6
52 123 17
52 124 7
52 125 19
52 126 6
52 127 7
52 128 14
52 129 9
52 130 7
52 131 4
52 132 12
52 133 9
52 134 4
52 135 11
52 136 4
52 137 6
52 138 6
52 139 8
53 53 0
53 54 0
53 55 0
53 56 0
53 57 0
53 58 0
53 59 0
53 60 0
53 61 0
53 62 0
53 63 0
53 64 0
53 65 0
53 66 0
53 67 0
53 68 0
53 69 0
53 70 0
53 71 16
53 72 6
53 73 6
53 74 7
53 75 7
53 76 6
53 77 19
53 78 14
53 79 13
53 80 14
53 81 13
53 82 12
53 83 10
53 84 0
53 85 14
53 86 14
53 87 7
53 88 13
53 89 14
53 90 10
53 91 8
53 92 12
53 93 -6
53 94 16
53 95 7
53 96 15
53 97 10
53 98 15
53 99 5
53 100 5
53 101 3
53 102 9
53 103 18
53 104 10
53 105 11
53 106 10
53 107 7
53 108 12
53 109 17
53 110 7
53 111 20
53 112 16
53 113 6
53 114 19
53 115 11
53 116 9
53 117 8
53 118 4
53 119 14
53 120 13
53 121 14
53 122 8
53 123 15
53 124 0
53 125 13
53 126 8
53 127 2
53 128 9
53 129 13
53 130 7
53 131 8
53 132 10
53 133 1
53 134 12
53 135 7
53 136 4
53 137 10
53 138 15
53 139 -3
54 54 0
54 55 0
54 56 0
54 57 0
54 58 0
54 59 0
54 60 0
54 61 0
54 62 0
54 63 0
54 64 0
54 65 0
54 66 0
54 67 0
54 68 0
54 69 0
54 70 0
54 71 10
54 72 14
54 73 14
54 74 13
54 75 8
54 76 3
54 77 12
54 78 9
54 79 8
54 80 12
54 81 16
54 82 14
54 83 4
54 84 18
54 85 8
54 86 10
54 87 10
54 88 -5
54 89 12
54 90 -3
54 91 15
54 92 4
54 93 6
54 94 -1
54 95 19
54 96 14
54 97 19
54 98 10
54 99 19
54 100 10
54 101 19
54 102 5
54 103 13
54 104 12
54 105 3
54 106 8
54 107 14
54 108 9
54 109 12
54 110 13
54 111 9
54 112 5
54 113 18
54 114 10
54 115 8
54 116 9
54 117 18
54 118 14
54 119 6
54 120 6
54 121 11
54 122 8
54 123 12
54 124 17
54 125 18
54 126 9
54 127 8
54 128 3
54 129 4
54 130 14
54 131 4
54 132 10
54 133 14
54 134 9
54 135 -4
54 136 9
54 137 14
54 138 16
54 139 6
55 55 0
55 56 0
55 57 0
55 58 0
55 59 0
55 60 0
55 61 0
55 62 0
55 63 0
55 64 0
55 65 0
55 66 0
55 67 0
55 68 0
55 69 0
55 70 0
55 71 16
55 72 15
55 73 12
55 74 18
55 75 4
55 76 8
55 77 19
55 78 11
55 79 6
55 80 14
55 81 11
55 82 4
55 83 7
55 84 6
55 85 4
55 86 11
55 87 7
55 88 13
55 89 12
55 90 9
55 91 10
55 92 11
55 93 11
55 94 9
55 95 7
55 96 10
55 97 26
55 98 12
55 99 16
55 100 6
55 101 23
55 102 8
55 103 17
55 104 4
55 105 7
55 106 9
55 107 8
55 108 11
55 109 11
55 110 12
55 111 9
55 112 11
55 113 8
55 114 9
55 115 10
55 116 9
55 117 17
55 118 15
55 119 17
55 120 8
55 121 10
55 122 16
55 123 8
55 124 10
55 125 11
55 126 8
55 127 12
55 128 5
55 129 15
55 130 25
55 131 8
55 132 10
55 133 1
55 134 11
55 135 8
55 136 15
55 137 15
55 138 16
55 139 14
56 56 0
56 57 0
56 58 0
56 59 0
56 60 0
56 61 0
56 62 0
56 63 0
56 64 0
56 65 0
56 66 0
56 67 0
56 68 0
56 69 0
56 70 0
56 71 9
56 72 11
56 73 13
56 74 5
56 75 13
56 76 4
56 77 9
56 78 5
56 79 13
56 80 16
56 81 11
56 82 6
56 83 3
56 84 4
56 85 11
56 86 11
56 87 13
56 88 19
56 89 5
56 90 9
56 91 12
56 92 1
56 93 8
56 94 6
56 95 1
56 96 9
56 97 21
56 98 3
56 99 15
56 100 9
56 101 16
56 102 11
56 103 15
56 104 16
56 105 9
56 106 6
56 107 16
56 108 16
56 109 11
56 110 19
56 111 7
56 112 13
56 113 4
56 114 10
56 115 15
56 116 11
56 117 5
56 118 16
56 119 7
56 120 8
56 121 21
56 122 15
56 123 7
56 124 4
56 125 10
56 126 12
56 127 6
56 128 4
56 129 15
56 130 16
56 131 10
56 132 8
56 133 9
56 134 2
56 135 9
56 136 11
56 137 15
56 138 12
56 139 4
57 57 0
57 58 0
57 59 0
57 60 0
57 61 0
57 62 0
57 63 0
57 64 0
57 65 0
57 66 0
57 67 0
57 68 0
57 69 0
57 70 0
57 71 12
57 72 5
57 73 2
57 74 6
57 75 -3
57 76 11
57 77 14
57 78 10
57 79 10
57 80 11
57 81 7
57 82 17
57 83 10
57 84 9
57 85 9
57 86 18
57 87 -3
57 88 13
57 89 12
57 90 6
57 91 17
57 92 2
57 93 14
57 94 12
57 95 9
57 96 14
57 97 2
57 98 9
57 99 6
57 100 10
57 101 19
57 102 7
57 103 13
57 104 4
57 105 13
57 106 9
57 107 13
57 108 11
57 109 16
57 110 5
57 111 12
57 112 10
57 113 3
57 114 4
57 115 11
57 116 5
57 117 11
57 118 8
57 119 5
57 120 6
57 121 11
57 122 16
57 123 12
57 124 16
57 125 5
57 126 10
57 127 18
57 128 14
57 129 10
57 130 8
57 131 8
57 132 1
57 133 16
57 134 9
57 135 14
57 136 14
57 137 9
57 138 9
57 139 7
58 58 0
58 59 0
58 60 0
58 61 0
58 62 0
58 63 0
58 64 0
58 65 0
58 66 0
58 67 0
58 68 0
58 69 0
58 70 0
58 71 16
58 72 8
58 73 5
58 74 4
58 75 10
58 76 14
58 77 -3
58 78 8
58 79 13
58 80 12
58 81 13
58 82 -3
58 83 12
58 84 9
58 85 8
58 86 13
58 87 9
58 88 9
58 89 7
58 90 6
58 91 15
58 92 10
58 93 11
58 94 16
58 95 14
58 96 5
58 97 15
58 98 2
58 99 5
58 100 8
58 101 11
58 102 9
58 103 9
58 104 22
58 105 13
58 106 9
58 107 10
58 108 12
58 109 13
58 110 20
58 111 12
58 112 15
58 113 13
58 114 6
58 115 12
58 116 3
58 117 4
58 118 7
58 119 7
58 120 9
58 121 11
58 122 15
58 123 9
58 124 8
58 125 19
58 126 10
58 127 6
58 128 9
58 129 14
58 130 14
58 131 12
58 132 14
58 133 19
58 134 11
58 135 12
58 136 6
58 137 4
58 138 6
58 139 11
59 59 0
59 60 0
59 61 0
59 62 0
59 63 0
59 64 0
59 65 0
59 66 0
59 67 0
59 68 0
59 69 0
59 70 0
59 71 4
59 72 7
59 73 7
59 74 12
59 75 8
59 76 15
59 77 13
59 78 5
59 79 14
59 80 9
59 81 11
59 82 -3
59 83 10
59 84 10
59 85 9
59 86 16
59 87 16
59 88 10
59 89 18
59 90 4
59 91 2
59 92 13
59 93 2
59 94 8
59 95 12
59 96 3
59 97 8
59 98 6
59 99 12
59 100 3
59 101 5
59 102 7
59 103 6
59 104 10
59 105 6
59 106 5
59 107 12
59 108 12
59 109 12
59 110 8
59 111 11
59 112 23
59 113 4
59 114 14
59 115 18
59 116 6
59 117 15
59 118 14
59 119 15
59 120 23
59 121 11
59 122 12
59 123 7
59 124 10
59 125 9
59 126 12
59 127 9
59 128 6
59 129 14
59 130 13
59 131 12
59 132 18
59 133 15
59 134 6
59 135 19
59 136 5
59 137 18
59 138 10
59 139 10
60 60 0
60 61 0
60 62 0
60 63 0
60 64 0
60 65 0
60 66 0
60 67 0
60 68 0
60 69 0
60 70 0
60 71 9
60 72 15
60 73 6
60 74 8
60 75 6
60 76 20
60 77 16
60 78 12
60 79 7
60 80 10
60 81 16
60 82 8
60 83 10
60 84 11
60 85 11
60 86 2
60 87 18
60 88 13
60 89 6
60 90 -1
60 91 4
60 92 9
60 93 12
60 94 8
60 95 5
60 96 12
60 97 12
60 98 13
60 99 16
60 100 14
60 101 12
60 102 13
60 103 7
60 104 8
60 105 8
60 106 12
60 107 17
60 108 7
60 109 18
60 110 15
60 111 8
60 112 2
60 113 18
60 114 9
60 115 7
60 116 7
60 117 9
60 118 1
60 119 9
60 120 15
60 121 9
60 122 6
60 123 18
60 124 6
60 125 3
60 126 6
60 127 6
60 128 11
60 129 11
60 130 13
60 131 12
60 132 12
60 133 12
60 134 13
60 135 10
60 136 11
60 137 10
60 138 16
60 139 11
61 61 0
61 62 0
61 63 0
61 64 0
61 65 0
61 66 0
61 67 0
61 68 0
61 69 0
61 70 0
61 71 15
61 72 10
61 73 12
61 74 10
61 75 1
61 76 10
61 77 12
61 78 18
61 79 8
61 80 11
61 81 21
61 82 13
61 83 2
61 84 9
61 85 2
61 86 13
61 87 7
61 88 7
61 89 6
61 90 12
61 91 10
61 92 14
61 93 13
61 94 16
61 95 7
61 96 10
61 97 12
61 98 7
61 99 13
61 100 19
61 101 14
61 102 10
61 103 8
61 104 13
61 105 12
61 106 17
61 107 8
61 108 7
61 109 5
61 110 4
61 111 8
61 112 0
61 113 10
61 114 5
61 115 13
61 116 11
61 117 18
61 118 11
61 119 9
61 120 8
61 121 8
61 122 0
61 123 15
61 124 11
61 125 4
61 126 8
61 127 11
61 128 9
61 129 16
61 130 9
61 131 10
61 132 6
61 133 6
61 134 7
61 135 7
61 136 21
61 137 13
61 138 1
61 139 11
62 62 0
62 63 0
62 64 0
62 65 0
62 66 0
62 67 0
62 68 0
62 69 0
62 70 0
62 71 18
62 72 11
62 73 8
62 74 17
62 75 20
62 76 8
62 77 15
62 78 10
62 79 23
62 80 18
62 81 22
62 82 12
62 83 5
62 84 19
62 85 7
62 86 14
62 87 12
62 88 9
62 89 10
62 90 0
62 91 -1
62 92 11
62 93 4
62 94 3
62 95 14
62 96 11
62 97 13
62 98 12
62 99 17
62 100 12
62 101 5
62 102 7
62 103 12
62 104 15
62 105 5
62 106 4
62 107 10
62 108 15
62 109 14
62 110 1
62 111 5
62 112 4
62 113 20
62 114 10
62 115 7
62 116 6
62 117 4
62 118 13
62 119 23
62 120 19
62 121 5
62 122 12
62 123 17
62 124 6
62 125 19
62 126 2
62 127 7
62 128 21
62 129 11
62 130 14
62 131 9
62 132 14
62 133 7
62 134 12
62 135 13
62 136 18
62 137 -1
62 138 -1
62 139 7
63 63 0
63 64 0
63 65 0
63 66 0
63 67 0
63 68 0
63 69 0
63 70 0
63 71 11
63 72 8
63 73 12
63 74 11
63 75 12
63 76 11
63 77 8
63 78 9
63 79 12
63 80 14
63 81 10
63 82 16
63 83 9
63 84 5
63 85 13
63 86 7
63 87 9
63 88 15
63 89 15
63 90 15
63 91 9
63 92 15
63 93 11
63 94 14
63 95 5
63 96 16
63 97 11
63 98 12
63 99 8
63 100 16
63 101 12
63 102 9
63 103 17
63 104 15
63 105 18
63 106 9
63 107 6
63 108 9
63 109 -3
63 110 2
63 111 13
63 112 4
63 113 11
63 114 12
63 115 5
63 116 3
63 117 1
63 118 8
63 119 10
63 120 8
63 121 6
63 122 15
63 123 12
63 124 15
63 125 11
63 126 10
63 127 4
63 128 12
63 129 13
63 130 17
63 131 9
63 132 12
63 133 2
63 134 5
63 135 6
63 136 3
63 137 14
63 138 12
63 139 10
64 64 0
64 65 0
64 66 0
64 67 0
64 68 0
64 69 0
64 70 0
64 71 9
64 72 10
64 73 1
64 74 12
64 75 4
64 76 11
64 77 22
64 78 18
64 79 5
64 80 8
64 81 10
64 82 -3
64 83 12
64 84 6
64 85 9
64 86 5
64 87 10
64 88 12
64 89 7
64 90 6
64 91 11
64 92 17
64 93 17
64 94 7
64 95 13
64 96 5
64 97 11
64 98 16
64 99 7
64 100 11
64 101 16
64 102 13
64 103 4
64 104 8
64 105 11
64 106 11
64 107 16
64 108 18
64 109 12
64 110 10
64 111 15
64 112 14
64 113 7
64 114 1
64 115 9
64 116 17
64 117 8
64 118 9
64 119 4
64 120 11
64 121 2
64 122 7
64 123 11
64 124 17
64 125 6
64 126 16
64 127 10
64 128 18
64 129 11
64 130 11
64 131 9
64 132 6
64 133 10
64 134 8
64 135 11
64 136 7
64 137 4
64 138 11
64 139 18
65 65 0
65 66 0
65 67 0
65 68 0
65 69 0
65 70 0
65 71 8
65 72 14
65 73 5
65 74 6
65 75 11
65 76 17
65 77 12
65 78 15
65 79 14
65 80 17
65 81 15
65 82 11
65 83 11
65 84 18
65 85 10
65 86 8
65 87 14
65 88 6
65 89 7
65 90 13
65 91 1
65 92 12
65 93 10
65 94 6
65 95 17
65 96 7
65 97 11
65 98 10
65 99 13
65 100 14
65 101 13
65 102 7
65 103 3
65 104 8
65 105 14
65 106 9
65 107 16
65 108 6
65 109 5
65 110 6
65 111 10
65 112 10
65 113 12
65 114 5
65 115 20
65 116 12
65 117 10
65 118 2
65 119 20
65 120 12
65 121 0
65 122 3
65 123 22
65 124 5
65 125 9
65 126 15
65 127 8
65 128 8
65 129 5
65 130 12
65 131 5
65 132 9
65 133 9
65 134 11
65 135 6
65 136 3
65 137 18
65 138 17
65 139 10
66 66 0
66 67 0
66 68 0
66 69 0
66 70 0
66 71 15
66 72 6
66 73 10
66 74 8
66 75 18
66 76 5
66 77 17
66 78 13
66 79 8
66 80 11
66 81 12
66 82 4
66 83 9
66 84 14
66 85 1
66 86 2
66 87 8
66 88 12
66 89 1
66 90 11
66 91 10
66 92 4
66 93 4
66 94 4
66 95 11
66 96 8
66 97 17
66 98 9
66 99 11
66 100 13
66 101 14
66 102 16
66 103 10
66 104 7
66 105 6
66 106 13
66 107 9
66 108 9
66 109 15
66 110 4
66 111 15
66 112 12
66 113 12
66 114 15
66 115 14
66 116 -4
66 117 15
66 118 13
66 119 14
66 120 8
66 121 15
66 122 -6
66 123 6
66 124 16
66 125 5
66 126 8
66 127 6
66 128 10
66 129 8
66 130 4
66 131 8
66 132 4
66 133 14
66 134 16
66 135 7
66 136 9
66 137 13
66 138 11
66 139 12
67 67 0
67 68 0
67 69 0
67 70 0
67 71 10
67 72 13
67 73 15
67 74 9
67 75 6
67 76 11
67 77 9
67 78 10
67 79 11
67 80 6
67 81 19
67 82 11
67 83 10
67 84 9
67 85 10
67 86 9
67 87 8
67 88 12
67 89 20
67 90 13
67 91 13
67 92 12
67 93 12
67 94 6
67 95 17
67 96 9
67 97 13
67 98 7
67 99 5
67 100 7
67 101 18
67 102 4
67 103 11
67 104 1
67 105 15
67 106 8
67 107 11
67 108 5
67 109 6
67 110 9
67 111 12
67 112 9
67 113 12
67 114 12
67 115 7
67 116 8
67 117 8
67 118 7
67 119 17
67 120 10
67 121 10
67 122 10
67 123 7
67 124 7
67 125 13
67 126 11
67 127 17
67 128 10
67 129 -3
67 130 12
67 131 5
67 132 7
67 133 8
67 134 9
67 135 12
67 136 25
67 137 5
67 138 4
67 139 8
68 68 0
68 69 0
68 70 0
68 71 17
68 72 8
68 73 7
68 74 3
68 75 14
68 76 0
68 77 19
68 78 7
68 79 9
68 80 22
68 81 8
68 82 12
68 83 6
68 84 -1
68 85 3
68 86 10
68 87 14
68 88 11
68 89 8
68 90 7
68 91 10
68 92 14
68 93 16
68 94 5
68 95 9
68 96 11
68 97 21
68 98 5
68 99 15
68 100 6
68 101 13
68 102 15
68 103 5
68 104 5
68 105 4
68 106 9
68 107 7
68 108 9
68 109 18
68 110 10
68 111 6
68 112 14
68 113 2
68 114 15
68 115 -4
68 116 13
68 117 -6
68 118 12
68 119 12
68 120 13
68 121 14
68 122 12
68 123 10
68 124 10
68 125 13
68 126 4
68 127 9
68 128 12
68 129 5
68 130 8
68 131 15
68 132 13
68 133 11
68 134 21
68 135 4
68 136 9
68 137 17
68 138 17
68 139 5
69 69 0
69 70 0
69 71 14
69 72 7
69 73 11
69 74 8
69 75 10
69 76 12
69 77 15
69 78 20
69 79 17
69 80 6
69 81 9
69 82 5
69 83 10
69 84 4
69 85 3
69 86 10
69 87 5
69 88 14
69 89 0
69 90 7
69 91 20
69 92 6
69 93 9
69 94 8
69 95 14
69 96 10
69 97 4
69 98 22
69 99 6
69 100 15
69 101 17
69 102 15
69 103 10
69 104 14
69 105 21
69 106 6
69 107 20
69 108 6
69 109 10
69 110 17
69 111 7
69 112 11
69 113 16
69 114 11
69 115 7
69 116 6
69 117 13
69 118 2
69 119 6
69 120 5
69 121 15
69 122 11
69 123 20
69 124 8
69 125 11
69 126 5
69 127 -3
69 128 7
69 129 13
69 130 7
69 131 15
69 132 8
69 133 18
69 134 9
69 135 16
69 136 12
69 137 11
69 138 13
69 139 9
70 70 0
70 71 9
70 72 3
70 73 4
70 74 7
70 75 11
70 76 3
70 77 11
70 78 6
70 79 14
70 80 5
70 81 13
70 82 12
70 83 4
70 84 11
70 85 2
70 86 10
70 87 12
70 88 15
70 89 15
70 90 -2
70 91 15
70 92 5
70 93 18
70 94 5
70 95 11
70 96 10
70 97 13
70 98 -2
70 99 7
70 100 7
70 101 14
70 102 14
70 103 14
70 104 9
70 105 13
70 106 11
70 107 4
70 108 8
70 109 1
70 110 15
70 111 4
70 112 19
70 113 -6
70 114 16
70 115 11
70 116 19
70 117 16
70 118 10
70 119 4
70 120 5
70 121 5
70 122 17
70 123 7
70 124 4
70 125 3
70 126 9
70 127 8
70 128 15
70 129 18
70 130 9
70 131 12
70 132 19
70 133 10
70 134 -2
70 135 10
70 136 12
70 137 9
70 138 19
70 139 9
71 71 0
71 72 0
71 73 0
71 74 0
71 75 0
71 76 0
71 77 0
71 78 0
71 79 0
71 80 0
71 81 0
71 82 0
71 83 0
71 84 0
71 85 0
71 86 0
71 87 0
71 88 0
71 89 12
71 90 15
71 91 7
71 92 7
71 93 5
71 94 12
71 95 4
71 96 14
71 97 18
71 98 4
71 99 7
71 100 5
71 101 7
71 102 0
71 103 16
71 104 8
71 105 8
71 106 9
71 107 9
71 108 14
71 109 18
71 110 14
71 111 21
71 112 8
71 113 0
71 114 0
71 115 8
71 116 8
71 117 4
71 118 8
71 119 15
71 120 6
71 121 -1
71 122 7
71 123 10
71 124 14
71 125 12
71 126 9
71 127 9
71 128 17
71 129 16
71 130 4
71 131 9
71 132 6
71 133 11
71 134 4
71 135 6
71 136 0
71 137 13
71 138 11
71 139 8
72 72 0
72 73 0
72 74 0
72 75 0
72 76 0
72 77 0
72 78 0
72 79 0
72 80 0
72 81 0
72 82 0
72 83 0
72 84 0
72 85 0
72 86 0
72 87 0
72 88 0
72 89 15
72 90 7
72 91 12
72 92 18
72 93 9
72 94 12
72 95 15
72 96 15
72 97 4
72 98 4
72 99 12
72 100 7
72 101 11
72 102 21
72 103 12
72 104 0
72 105 11
72 106 8
72 107 12
72 108 9
72 109 27
72 110 12
72 111 3
72 112 17
72 113 12
72 114 7
72 115 5
72 116 10
72 117 14
72 118 8
72 119 14
72 120 13
72 121 7
72 122 6
72 123 6
72 124 3
72 125 9
72 126 11
72 127 8
72 128 14
72 129 12
72 130 7
72 131 14
72 132 1
72 133 15
72 134 14
72 135 13
72 136 20
72 137 15
72 138 9
72 139 21
73 73 0
73 74 0
73 75 0
73 76 0
73 77 0
73 78 0
73 79 0
73 80 0
73 81 0
73 82 0
73 83 0
73 84 0
73 85 0
73 86 0
73 87 0
73 88 0
73 89 19
73 90 9
73 91 22
73 92 -1
73 93 10
73 94 18
73 95 9
73 96 13
73 97 5
73 98 10
73 99 -1
73 100 11
73 101 16
73 102 10
73 103 9
73 104 9
73 105 -1
73 106 8
73 107 14
73 108 12
73 109 7
73 110 7
73 111 17
73 112 4
73 113 12
73 114 3
73 115 16
73 116 16
73 117 11
73 118 7
73 119 3
73 120 19
73 121 12
73 122 6
73 123 0
73 124 17
73 125 17
73 126 10
73 127 16
73 128 11
73 129 16
73 130 3
73 131 3
73 132 11
73 133 9
73 134 8
73 135 15
73 136 8
73 137 10
73 138 6
73 139 12
74 74 0
74 75 0
74 76 0
74 77 0
74 78 0
74 79 0
74 80 0
74 81 0
74 82 0
74 83 0
74 84 0
74 85 0
74 86 0
74 87 0
74 88 0
74 89 14
74 90 9
74 91 10
74 92 14
74 93 12
74 94 15
74 95 4
74 96 12
74 97 3
74 98 8
74 99 7
74 100 7
74 101 4
74 102 11
74 103 11
74 104 1
74 105 6
74 106 5
74 107 11
74 108 10
74 109 0
74 110 11
74 111 20
74 112 9
74 113 12
74 114 -2
74 115 13
74 116 3
74 117 13
74 118 5
74 119 11
74 120 16
74 121 10
74 122 13
74 123 7
74 124 -3
74 125 8
74 126 11
74 127 4
74 128 2
74 129 13
74 130 10
74 131 13
74 132 5
74 133 14
74 134 8
74 135 15
74 136 6
74 137 15
74 138 13
74 139 0
75 75 0
75 76 0
75 77 0
75 78 0
75 79 0
75 80 0
75 81 0
75 82 0
75 83 0
75 84 0
75 85 0
75 86 0
75 87 0
75 88 0
75 89 9
75 90 10
75 91 3
75 92 11
75 93 14
75 94 11
75 95 -1
75 96 6
75 97 16
75 98 15
75 99 12
75 100 2
75 101 5
75 102 13
75 103 15
75 104 13
75 105 11
75 106 6
75 107 20
75 108 9
75 109 -1
75 110 13
75 111 14
75 112 9
75 113 13
75 114 10
75 115 12
75 116 6
75 117 14
75 118 8
75 119 12
75 120 14
75 121 6
75 122 8
75 123 15
75 124 -2
75 125 11
75 126 10
75 127 17
75 128 11
75 129 11
75 130 6
75 131 10
75 132 23
75 133 2
75 134 12
75 135 10
75 136 8
75 137 12
75 138 6
75 139 6
76 76 0
76 77 0
76 78 0
76 79 0
76 80 0
76 81 0
76 82 0
76 83 0
76 84 0
76 85 0
76 86 0
76 87 0
76 88 0
76 89 4
76 90 12
76 91 4
76 92 18
76 93 10
76 94 10
76 95 10
76 96 20
76 97 21
76 98 19
76 99 7
76 100 9
76 101 11
76 102 18
76 103 16
76 104 9
76 105 9
76 106 13
76 107 9
76 108 8
76 109 12
76 110 -3
76 111 10
76 112 5
76 113 17
76 114 13
76 115 8
76 116 2
76 117 13
76 118 11
76 119 9
76 120 6
76 121 8
76 122 14
76 123 11
76 124 5
76 125 6
76 126 11
76 127 12
76 128 12
76 129 -1
76 130 11
76 131 12
76 132 21
76 133 12
76 134 9
76 135 8
76 136 14
76 137 1
76 138 6
76 139 12
77 77 0
77 78 0
77 79 0
77 80 0
77 81 0
77 82 0
77 83 0
77 84 0
77 85 0
77 86 0
77 87 0
77 88 0
77 89 4
77 90 14
77 91 13
77 92 19
77 93 11
77 94 14
77 95 5
77 96 15
77 97 18
77 98 14
77 99 12
77 100 18
77 101 15
77 102 7
77 103 13
77 104 5
77 105 11
77 106 9
77 107 16
77 108 9
77 109 -4
77 110 19
77 111 6
77 112 3
77 113 5
77 114 7
77 115 7
77 116 15
77 117 9
77 118 2
77 119 10
77 120 17
77 121 4
77 122 6
77 123 15
77 124 13
77 125 14
77 126 9
77 127 0
77 128 3
77 129 21
77 130 5
77 131 12
77 132 14
77 133 6
77 134 13
77 135 10
77 136 13
77 137 19
77 138 9
77 139 10
78 78 0
78 79 0
78 80 0
78 81 0
78 82 0
78 83 0
78 84 0
78 85 0
78 86 0
78 87 0
78 88 0
78 89 10
78 90 13
78 91 8
78 92 4
78 93 15
78 94 9
78 95 9
78 96 9
78 97 15
78 98 6
78 99 1
78 100 17
78 101 6
78 102 17
78 103 16
78 104 7
78 105 7
78 106 13
78 107 7
78 108 7
78 109 5
78 110 16
78 111 7
78 112 15
78 113 7
78 114 17
78 115 9
78 116 15
78 117 6
78 118 6
78 119 2
78 120 9
78 121 11
78 122 15
78 123 4
78 124 18
78 125 17
78 126 12
78 127 9
78 128 5
78 129 11
78 130 13
78 131 9
78 132 7
78 133 11
78 134 15
78 135 9
78 136 12
78 137 16
78 138 12
78 139 15
79 79 0
79 80 0
79 81 0
79 82 0
79 83 0
79 84 0
79 85 0
79 86 0
79 87 0
79 88 0
79 89 3
79 90 7
79 91 9
79 92 10
79 93 6
79 94 9
79 95 4
79 96 19
79 97 6
79 98 5
79 99 3
79 100 10
79 101 10
79 102 17
79 103 9
79 104 13
79 105 20
79 106 9
79 107 8
79 108 10
79 109 2
79 110 10
79 111 8
79 112 10
79 113 14
79 114 5
79 115 12
79 116 5
79 117 18
79 118 4
79 119 -2
79 120 7
79 121 12
79 122 11
79 123 12
79 124 19
79 125 10
79 126 14
79 127 2
79 128 0
79 129 2
79 130 5
79 131 11
79 132 12
79 133 7
79 134 7
79 135 6
79 136 20
79 137 2
79 138 7
79 139 11
80 80 0
80 81 0
80 82 0
80 83 0
80 84 0
80 85 0
80 86 0
80 87 0
80 88 0
80 89 7
80 90 11
80 91 13
80 92 14
80 93 10
80 94 4
80 95 7
80 96 7
80 97 6
80 98 11
80 99 18
80 100 0
80 101 7
80 102 5
80 103 20
80 104 17
80 105 16
80 106 15
80 107 11
80 108 15
80 109 5
80 110 3
80 111 15
80 112 10
80 113 4
80 114 18
80 115 7
80 116 6
80 117 4
80 118 12
80 119 2
80 120 6
80 121 11
80 122 4
80 123 7
80 124 11
80 125 4
80 126 6
80 127 -1
80 128 6
80 129 21
80 130 11
80 131 9
80 132 17
80 133 8
80 134 7
80 135 17
80 136 13
80 137 12
80 138 10
80 139 15
81 81 0
81 82 0
81 83 0
81 84 0
81 85 0
81 86 0
81 87 0
81 88 0
81 89 5
81 90 6
81 91 9
81 92 19
81 93 -3
81 94 8
81 95 15
81 96 13
81 97 10
81 98 15
81 99 16
81 100 11
81 101 3
81 102 5
81 103 17
81 104 3
81 105 10
81 106 9
81 107 11
81 108 -2
81 109 9
81 110 5
81 111 13
81 112 21
81 113 9
81 114 8
81 115 17
81 116 -1
81 117 4
81 118 10
81 119 4
81 120 16
81 121 7
81 122 10
81 123 9
81 124 5
81 125 7
81 126 12
81 127 16
81 128 9
81 129 7
81 130 4
81 131 12
81 132 10
81 133 6
81 134 12
81 135 15
81 136 14
81 137 11
81 138 16
81 139 7
82 82 0
82 83 0
82 84 0
82 85 0
82 86 0
82 87 0
82 88 0
82 89 14
82 90 3
82 91 14
82 92 8
82 93 16
82 94 16
82 95 13
82 96 9
82 97 14
82 98 5
82 99 14
82 100 13
82 101 8
82 102 16
82 103 8
82 104 14
82 105 13
82 106 4
82 107 8
82 108 13
82 109 12
82 110 4
82 111 13
82 112 17
82 113 7
82 114 6
82 115 17
82 116 20
82 117 12
82 118 9
82 119 18
82 120 12
82 121 19
82 122 13
82 123 12
82 124 12
82 125 13
82 126 17
82 127 13
82 128 15
82 129 10
82 130 13
82 131 11
82 132 7
82 133 15
82 134 4
82 135 11
82 136 1
82 137 2
82 138 19
82 139 8
83 83 0
83 84 0
83 85 0
83 86 0
83 87 0
83 88 0
83 89 14
83 90 13
83 91 6
83 92 8
83 93 14
83 94 9
83 95 4
83 96 7
83 97 13
83 98 13
83 99 19
83 100 13
83 101 5
83 102 12
83 103 14
83 104 10
83 105 15
83 106 7
83 107 15
83 108 11
83 109 8
83 110 16
83 111 6
83 112 14
83 113 5
83 114 9
83 115 -3
83 116 18
83 117 16
83 118 16
83 119 15
83 120 4
83 121 5
83 122 -3
83 123 12
83 124 16
83 125 19
83 126 19
83 127 12
83 128 14
83 129 10
83 130 10
83 131 13
83 132 8
83 133 16
83 134 14
83 135 2
83 136 8
83 137 14
83 138 5
83 139 -1
84 84 0
84 85 0
84 86 0
84 87 0
84 88 0
84 89 9
84 90 25
84 91 11
84 92 12
84 93 4
84 94 8
84 95 1
84 96 8
84 97 12
84 98 15
84 99 14
84 100 13
84 101 1
84 102 3
84 103 6
84 104 13
84 105 11
84 106 12
84 107 5
84 108 8
84 109 4
84 110 9
84 111 12
84 112 9
84 113 19
84 114 3
84 115 9
84 116 4
84 117 9
84 118 8
84 119 5
84 120 15
84 121 16
84 122 6
84 123 1
84 124 15
84 125 9
84 126 17
84 127 15
84 128 21
84 129 6
84 130 15
84 131 19
84 132 9
84 133 3
84 134 9
84 135 11
84 136 13
84 137 8
84 138 6
84 139 13
85 85 0
85 86 0
85 87 0
85 88 0
85 89 4
85 90 5
85 91 4
85 92 4
85 93 18
85 94 14
85 95 9
85 96 8
85 97 10
85 98 12
85 99 16
85 100 14
85 101 10
85 102 12
85 103 14
85 104 18
85 105 16
85 106 10
85 107 8
85 108 4
85 109 8
85 110 11
85 111 6
85 112 11
85 113 5
85 114 14
85 115 12
85 116 19
85 117 15
85 118 7
85 119 7
85 120 15
85 121 7
85 122 9
85 123 13
85 124 10
85 125 11
85 126 11
85 127 14
85 128 12
85 129 17
85 130 7
85 131 4
85 132 13
85 133 15
85 134 15
85 135 8
85 136 13
85 137 16
85 138 10
85 139 4
86 86 0
86 87 0
86 88 0
86 89 10
86 90 10
86 91 7
86 92 13
86 93 9
86 94 7
86 95 6
86 96 12
86 97 9
86 98 9
86 99 19
86 100 12
86 101 1
86 102 14
86 103 10
86 104 8
86 105 16
86 106 12
86 107 7
86 108 12
86 109 19
86 110 11
86 111 21
86 112 9
86 113 8
86 114 18
86 115 14
86 116 15
86 117 11
86 118 12
86 119 12
86 120 9
86 121 8
86 122 17
86 123 14
86 124 10
86 125 15
86 126 4
86 127 11
86 128 4
86 129 14
86 130 8
86 131 14
86 132 18
86 133 11
86 134 11
86 135 7
86 136 7
86 137 5
86 138 16
86 139 3
87 87 0
87 88 0
87 89 5
87 90 3
87 91 16
87 92 9
87 93 10
87 94 7
87 95 18
87 96 6
87 97 4
87 98 2
87 99 13
87 100 15
87 101 12
87 102 6
87 103 13
87 104 7
87 105 7
87 106 15
87 107 8
87 108 11
87 109 15
87 110 15
87 111 6
87 112 0
87 113 16
87 114 11
87 115 22
87 116 7
87 117 19
87 118 12
87 119 13
87 120 17
87 121 13
87 122 4
87 123 5
87 124 3
87 125 8
87 126 8
87 127 5
87 128 10
87 129 15
87 130 6
87 131 16
87 132 12
87 133 15
87 134 10
87 135 9
87 136 2
87 137 20
87 138 4
87 139 7
88 88 0
88 89 7
88 90 9
88 91 11
88 92 8
88 93 2
88 94 12
88 95 16
88 96 12
88 97 19
88 98 8
88 99 17
88 100 14
88 101 12
88 102 10
88 103 1
88 104 13
88 105 15
88 106 7
88 107 11
88 108 15
88 109 5
88 110 17
88 111 13
88 112 16
88 113 7
88 114 12
88 115 8
88 116 15
88 117 5
88 118 11
88 119 12
88 120 5
88 121 5
88 122 7
88 123 13
88 124 15
88 125 14
88 126 18
88 127 16
88 128 8
88 129 5
88 130 10
88 131 9
88 132 1
88 133 8
88 134 4
88 135 3
88 136 -1
88 137 10
88 138 9
88 139 11
89 89 0
89 90 11
89 91 8
89 92 -2
89 93 7
89 94 12
89 95 13
89 96 13
89 97 11
89 98 7
89 99 5
89 100 7
89 101 5
89 102 10
89 103 12
89 104 4
89 105 7
89 106 -1
89 107 3
89 108 15
89 109 4
89 110 6
89 111 12
89 112 3
89 113 12
89 114 8
89 115 10
89 116 11
89 117 9
89 118 14
89 119 0
89 120 16
89 121 10
89 122 8
89 123 16
89 124 5
89 125 13
89 126 18
89 127 12
89 128 19
89 129 12
89 130 12
89 131 2
89 132 18
89 133 7
89 134 11
89 135 7
89 136 7
89 137 22
89 138 4
89 139 10
90 90 0
90 91 0
90 92 0
90 93 0
90 94 0
90 95 0
90 96 0
90 97 0
90 98 0
90 99 0
90 100 0
90 101 0
90 102 0
90 103 0
90 104 0
90 105 5
90 106 13
90 107 15
90 108 16
90 109 19
90 110 4
90 111 11
90 112 21
90 113 8
90 114 8
90 115 10
90 116 9
90 117 7
90 118 0
90 119 13
90 120 18
90 121 4
90 122 1
90 123 9
90 124 1
90 125 16
90 126 15
90 127 9
90 128 6
90 129 11
90 130 14
90 131 7
90 132 8
90 133 13
90 134 10
90 135 13
90 136 17
90 137 16
90 138 15
90 139 7
91 91 0
91 92 0
91 93 0
91 94 0
91 95 0
91 96 0
91 97 0
91 98 0
91 99 0
91 100 0
91 101 0
91 102 0
91 103 0
91 104 0
91 105 8
91 106 11
91 107 4
91 108 8
91 109 21
91 110 9
91 111 16
91 112 8
91 113 9
91 114 7
91 115 0
91 116 13
91 117 5
91 118 7
91 119 6
91 120 10
91 121 5
91 122 3
91 123 9
91 124 8
91 125 13
91 126 10
91 127 3
91 128 16
91 129 3
91 130 6
91 131 15
91 132 4
91 133 15
91 134 16
91 135 10
91 136 3
91 137 6
91 138 7
91 139 13
92 92 0
92 93 0
92 94 0
92 95 0
92 96 0
92 97 0
92 98 0
92 99 0
92 100 0
92 101 0
92 102 0
92 103 0
92 104 0
92 105 13
92 106 16
92 107 13
92 108 7
92 109 15
92 110 4
92 111 5
92 112 17
92 113 14
92 114 9
92 115 10
92 116 10
92 117 6
92 118 13
92 119 2
92 120 10
92 121 11
92 122 7
92 123 13
92 124 8
92 125 2
92 126 6
92 127 12
92 128 4
92 129 7
92 130 2
92 131 11
92 132 3
92 133 13
92 134 12
92 135 11
92 136 7
92 137 10
92 138 14
92 139 6
93 93 0
93 94 0
93 95 0
93 96 0
93 97 0
93 98 0
93 99 0
93 100 0
93 101 0
93 102 0
93 103 0
93 104 0
93 105 -1
93 106 3
93 107 7
93 108 6
93 109 5
93 110 8
93 111 6
93 112 7
93 113 13
93 114 8
93 115 4
93 116 12
93 117 7
93 118 15
93 119 4
93 120 14
93 121 4
93 122 12
93 123 11
93 124 4
93 125 10
93 126 22
93 127 13
93 128 11
93 129 15
93 130 12
93 131 9
93 132 3
93 133 10
93 134 13
93 135 10
93 136 14
93 137 6
93 138 11
93 139 9
94 94 0
94 95 0
94 96 0
94 97 0
94 98 0
94 99 0
94 100 0
94 101 0
94 102 0
94 103 0
94 104 0
94 105 5
94 106 1
94 107 15
94 108 12
94 109 9
94 110 2
94 111 6
94 112 3
94 113 16
94 114 2
94 115 13
94 116 2
94 117 6
94 118 10
94 119 8
94 120 5
94 121 15
94 122 -4
94 123 6
94 124 7
94 125 17
94 126 4
94 127 10
94 128 15
94 129 11
94 130 5
94 131 9
94 132 14
94 133 -2
94 134 12
94 135 11
94 136 16
94 137 14
94 138 4
94 139 13
95 95 0
95 96 0
95 97 0
95 98 0
95 99 0
95 100 0
95 101 0
95 102 0
95 103 0
95 104 0
95 105 12
95 106 11
95 107 13
95 108 11
95 109 13
95 110 16
95 111 3
95 112 10
95 113 20
95 114 15
95 115 7
95 116 8
95 117 12
95 118 6
95 119 15
95 120 4
95 121 9
95 122 12
95 123 5
95 124 -5
95 125 4
95 126 20
95 127 6
95 128 11
95 129 8
95 130 10
95 131 9
95 132 1
95 133 9
95 134 10
95 135 10
95 136 10
95 137 8
95 138 16
95 139 7
96 96 0
96 97 0
96 98 0
96 99 0
96 100 0
96 101 0
96 102 0
96 103 0
96 104 0
96 105 13
96 106 3
96 107 4
96 108 14
96 109 16
96 110 2
96 111 13
96 112 6
96 113 15
96 114 2
96 115 16
96 116 14
96 117 9
96 118 11
96 119 12
96 120 0
96 121 10
96 122 12
96 123 6
96 124 10
96 125 0
96 126 15
96 127 6
96 128 23
96 129 7
96 130 15
96 131 3
96 132 10
96 133 15
96 134 13
96 135 7
96 136 13
96 137 11
96 138 21
96 139 13
97 97 0
97 98 0
97 99 0
97 100 0
97 101 0
97 102 0
97 103 0
97 104 0
97 105 13
97 106 16
97 107 13
97 108 6
97 109 7
97 110 11
97 111 4
97 112 8
97 113 9
97 114 9
97 115 0
97 116 15
97 117 8
97 118 6
97 119 5
97 120 13
97 121 7
97 122 14
97 123 -1
97 124 12
97 125 13
97 126 6
97 127 11
97 128 9
97 129 9
97 130 13
97 131 8
97 132 20
97 133 9
97 134 12
97 135 0
97 136 4
97 137 12
97 138 11
97 139 20
98 98 0
98 99 0
98 100 0
98 101 0
98 102 0
98 103 0
98 104 0
98 105 16
98 106 11
98 107 8
98 108 11
98 109 15
98 110 -7
98 111 3
98 112 1
98 113 5
98 114 12
98 115 17
98 116 10
98 117 10
98 118 10
98 119 15
98 120 7
98 121 6
98 122 6
98 123 10
98 124 8
98 125 19
98 126 5
98 127 10
98 128 17
98 129 3
98 130 16
98 131 5
98 132 13
98 133 13
98 134 10
98 135 5
98 136 14
98 137 5
98 138 6
98 139 13
99 99 0
99 100 0
99 101 0
99 102 0
99 103 0
99 104 0
99 105 2
99 106 2
99 107 10
99 108 17
99 109 13
99 110 9
99 111 11
99 112 13
99 113 17
99 114 5
99 115 5
99 116 14
99 117 11
99 118 12
99 119 8
99 120 6
99 121 7
99 122 12
99 123 4
99 124 7
99 125 10
99 126 10
99 127 5
99 128 10
99 129 8
99 130 12
99 131 8
99 132 7
99 133 14
99 134 18
99 135 4
99 136 5
99 137 10
99 138 7
99 139 14
100 100 0
100 101 0
100 102 0
100 103 0
100 104 0
100 105 10
100 106 9
100 107 5
100 108 14
100 109 9
100 110 9
100 111 15
100 112 7
100 113 3
100 114 15
100 115 7
100 116 16
100 117 9
100 118 16
100 119 10
100 120 13
100 121 4
100 122 10
100 123 17
100 124 3
100 125 3
100 126 9
100 127 0
100 128 13
100 129 4
100 130 14
100 131 6
100 132 14
100 133 14
100 134 8
100 135 15
100 136 12
100 137 6
100 138 21
100 139 17
101 101 0
101 102 0
101 103 0
101 104 0
101 105 23
101 106 25
101 107 8
101 108 11
101 109 5
101 110 6
101 111 18
101 112 1
101 113 17
101 114 13
101 115 10
101 116 12
101 117 13
101 118 8
101 119 8
101 120 5
101 121 3
101 122 7
101 123 5
101 124 15
101 125 8
101 126 6
101 127 14
101 128 9
101 129 9
101 130 18
101 131 19
101 132 20
101 133 19
101 134 9
101 135 8
101 136 7
101 137 15
101 138 11
101 139 15
102 102 0
102 103 0
102 104 0
102 105 10
102 106 4
102 107 15
102 108 1
102 109 13
102 110 4
102 111 6
102 112 2
102 113 6
102 114 18
102 115 5
102 116 14
102 117 4
102 118 6
102 119 9
102 120 16
102 121 15
102 122 12
102 123 8
102 124 10
102 125 8
102 126 5
102 127 5
102 128 13
102 129 8
102 130 9
102 131 11
102 132 17
102 133 13
102 134 15
102 135 17
102 136 6
102 137 13
102 138 13
102 139 9
103 103 0
103 104 0
103 105 14
103 106 16
103 107 10
103 108 5
103 109 12
103 110 11
103 111 10
103 112 6
103 113 8
103 114 11
103 115 5
103 116 6
103 117 6
103 118 6
103 119 12
103 120 8
103 121 10
103 122 3
103 123 2
103 124 8
103 125 4
103 126 1
103 127 11
103 128 9
103 129 11
103 130 7
103 131 21
103 132 10
103 133 11
103 134 8
103 135 15
103 136 9
103 137 13
103 138 10
103 139 10
104 104 0
104 105 6
104 106 1
104 107 7
104 108 8
104 109 8
104 110 6
104 111 10
104 112 16
104 113 10
104 114 5
104 115 18
104 116 2
104 117 16
104 118 2
104 119 16
104 120 5
104 121 10
104 122 14
104 123 12
104 124 5
104 125 2
104 126 7
104 127 15
104 128 12
104 129 2
104 130 7
104 131 10
104 132 14
104 133 11
104 134 16
104 135 4
104 136 10
104 137 18
104 138 4
104 139 5
105 105 0
105 106 0
105 107 0
105 108 0
105 109 0
105 110 0
105 111 0
105 112 0
105 113 0
105 114 0
105 115 0
105 116 0
105 117 0
105 118 5
105 119 4
105 120 6
105 121 6
105 122 5
105 123 4
105 124 11
105 125 19
105 126 5
105 127 9
105 128 21
105 129 9
105 130 5
105 131 14
105 132 11
105 133 10
105 134 18
105 135 11
105 136 7
105 137 8
105 138 13
105 139 12
106 106 0
106 107 0
106 108 0
106 109 0
106 110 0
106 111 0
106 112 0
106 113 0
106 114 0
106 115 0
106 116 0
106 117 0
106 118 16
106 119 6
106 120 13
106 121 12
106 122 6
106 123 13
106 124 11
106 125 5
106 126 12
106 127 15
106 128 5
106 129 12
106 130 8
106 131 6
106 132 13
106 133 6
106 134 8
106 135 14
106 136 -1
106 137 10
106 138 14
106 139 21
107 107 0
107 108 0
107 109 0
107 110 0
107 111 0
107 112 0
107 113 0
107 114 0
107 115 0
107 116 0
107 117 0
107 118 6
107 119 7
107 120 18
107 121 7
107 122 11
107 123 6
107 124 10
107 125 6
107 126 13
107 127 4
107 128 7
107 129 9
107 130 12
107 131 13
107 132 6
107 133 -4
107 134 5
107 135 6
107 136 16
107 137 13
107 138 0
107 139 10
108 108 0
108 109 0
108 110 0
108 111 0
108 112 0
108 113 0
108 114 0
108 115 0
108 116 0
108 117 0
108 118 6
108 119 14
108 120 10
108 121 11
108 122 7
108 123 11
108 124 13
108 125 0
108 126 8
108 127 8
108 128 14
108 129 10
108 130 12
108 131 14
108 132 18
108 133 2
108 134 9
108 135 12
108 136 8
108 137 6
108 138 2
108 139 0
109 109 0
109 110 0
109 111 0
109 112 0
109 113 0
109 114 0
109 115 0
109 116 0
109 117 0
109 118 9
109 119 8
109 120 14
109 121 11
109 122 4
109 123 5
109 124 22
109 125 15
109 126 14
109 127 6
109 128 12
109 129 14
109 130 8
109 131 4
109 132 5
109 133 4
109 134 11
109 135 7
109 136 8
109 137 9
109 138 12
109 139 8
110 110 0
110 111 0
110 112 0
110 113 0
110 114 0
110 115 0
110 116 0
110 117 0
110 118 13
110 119 12
110 120 10
110 121 9
110 122 14
110 123 12
110 124 10
110 125 5
110 126 20
110 127 13
110 128 6
110 129 13
110 130 5
110 131 3
110 132 7
110 133 15
110 134 28
110 135 12
110 136 14
110 137 14
110 138 8
110 139 13
111 111 0
111 112 0
111 113 0
111 114 0
111 115 0
111 116 0
111 117 0
111 118 9
111 119 3
111 120 18
111 121 5
111 122 7
111 123 3
111 124 17
111 125 17
111 126 9
111 127 2
111 128 7
111 129 6
111 130 15
111 131 14
111 132 12
111 133 9
111 134 5
111 135 13
111 136 10
111 137 9
111 138 15
111 139 9
112 112 0
112 113 0
112 114 0
112 115 0
112 116 0
112 117 0
112 118 13
112 119 9
112 120 2
112 121 7
112 122 12
112 123 12
112 124 12
112 125 23
112 126 -2
112 127 10
112 128 17
112 129 13
112 130 14
112 131 2
112 132 11
112 133 2
112 134 10
112 135 12
112 136 6
112 137 13
112 138 9
112 139 7
113 113 0
113 114 0
113 115 0
113 116 0
113 117 0
113 118 10
113 119 9
113 120 8
113 121 3
113 122 4
113 123 8
113 124 8
113 125 13
113 126 7
113 127 9
113 128 4
113 129 10
113 130 16
113 131 19
113 132 11
113 133 12
113 134 9
113 135 12
113 136 12
113 137 12
113 138 9
113 139 23
114 114 0
114 115 0
114 116 0
114 117 0
114 118 7
114 119 10
114 120 15
114 121 8
114 122 12
114 123 12
114 124 12
114 125 3
114 126 8
114 127 7
114 128 15
114 129 11
114 130 15
114 131 6
114 132 12
114 133 9
114 134 10
114 135 10
114 136 -3
114 137 16
114 138 5
114 139 10
115 115 0
115 116 0
115 117 0
115 118 14
115 119 9
115 120 10
115 121 16
115 122 5
115 123 8
115 124 9
115 125 8
115 126 15
115 127 8
115 128 12
115 129 11
115 130 11
115 131 7
115 132 6
115 133 8
115 134 3
115 135 8
115 136 12
115 137 11
115 138 15
115 139 14
116 116 0
116 117 0
116 118 9
116 119 16
116 120 6
116 121 12
116 122 2
116 123 21
116 124 13
116 125 10
116 126 7
116 127 11
116 128 12
116 129 10
116 130 16
116 131 -1
116 132 11
116 133 5
116 134 5
116 135 6
116 136 7
116 137 6
116 138 13
116 139 15
117 117 0
117 118 16
117 119 13
117 120 12
117 121 1
117 122 12
117 123 7
117 124 7
117 125 7
117 126 13
117 127 13
117 128 19
117 129 10
117 130 7
117 131 9
117 132 4
117 133 12
117 134 -1
117 135 20
117 136 6
117 137 10
117 138 15
117 139 11
118 118 0
118 119 0
118 120 0
118 121 0
118 122 0
118 123 0
118 124 0
118 125 0
118 126 0
118 127 0
118 128 0
118 129 0
118 130 0
118 131 0
118 132 0
118 133 0
118 134 0
118 135 0
118 136 0
118 137 15
118 138 -1
118 139 18
119 119 0
119 120 0
119 121 0
119 122 0
119 123 0
119 124 0
119 125 0
119 126 0
119 127 0
119 128 0
119 129 0
119 130 0
119 131 0
119 132 0
119 133 0
119 134 0
119 135 0
119 136 0
119 137 22
119 138 0
119 139 14
120 120 0
120 121 0
120 122 0
120 123 0
120 124 0
120 125 0
120 126 0
120 127 0
120 128 0
120 129 0
120 130 0
120 131 0
120 132 0
120 133 0
120 134 0
120 135 0
120 136 0
120 137 11
120 138 17
120 139 12
121 121 0
121 122 0
121 123 0
121 124 0
121 125 0
121 126 0
121 127 0
121 128 0
121 129 0
121 130 0
121 131 0
121 132 0
121 133 0
121 134 0
121 135 0
121 136 0
121 137 6
121 138 15
121 139 15
122 122 0
122 123 0
122 124 0
122 125 0
122 126 0
122 127 0
122 128 0
122 129 0
122 130 0
122 131 0
122 132 0
122 133 0
122 134 0
122 135 0
122 136 0
122 137 10
122 138 9
122 139 15
123 123 0
123 124 0
123 125 0
123 126 0
123 127 0
123 128 0
123 129 0
123 130 0
123 131 0
123 132 0
123 133 0
123 134 0
123 135 0
123 136 0
123 137 7
123 138 8
123 139 8
124 124 0
124 125 0
124 126 0
124 127 0
124 128 0
124 129 0
124 130 0
124 131 0
124 132 0
124 133 0
124 134 0
124 135 0
124 136 0
124 137 6
124 138 15
124 139 8
125 125 0
125 126 0
125 127 0
125 128 0
125 129 0
125 130 0
125 131 0
125 132 0
125 133 0
125 134 0
125 135 0
125 136 0
125 137 9
125 138 0
125 139 8
126 126 0
126 127 0
126 128 0
126 129 0
126 130 0
126 131 0
126 132 0
126 133 0
126 134 0
126 135 0
126 136 0
126 137 11
126 138 7
126 139 2
127 127 0
127 128 0
127 129 0
127 130 0
127 131 0
127 132 0
127 133 0
127 134 0
127 135 0
127 136 0
127 137 10
127 138 5
127 139 6
128 128 0
128 129 0
128 130 0
128 131 0
128 132 0
128 133 0
128 134 0
128 135 0
128 136 0
128 137 12
128 138 12
128 139 7
129 129 0
129 130 0
129 131 0
129 132 0
129 133 0
129 134 0
129 135 0
129 136 0
129 137 14
129 138 16
129 139 11
130 130 0
130 131 0
130 132 0
130 133 0
130 134 0
130 135 0
130 136 0
130 137 5
130 138 14
130 139 4
131 131 0
131 132 0
131 133 0
131 134 0
131 135 0
131 136 0
131 137 11
131 138 1
131 139 4
132 132 0
132 133 0
132 134 0
132 135 0
132 136 0
132 137 2
132 138 6
132 139 14
133 133 0
133 134 0
133 135 0
133 136 0
133 137 17
133 138 16
133 139 17
134 134 0
134 135 0
134 136 0
134 137 12
134 138 0
134 139 12
135 135 0
135 136 0
135 137 6
135 138 8
135 139 12
136 136 0
136 137 8
136 138 16
136 139 2
137 137 0
137 138 0
137 139 0
138 138 0
138 139 0
139 139 0
