10
10
10
10
10
10
10
10
10
10
10
0 0 0
0 1 0
0 2 0
0 3 0
0 4 0
0 5 0
0 6 0
0 7 0
0 8 0
0 9 0
0 10 17
0 11 11
0 12 7
0 13 6
0 14 1
0 15 4
0 16 19
0 17 15
0 18 0
0 19 14
0 20 3
0 21 11
0 22 6
0 23 12
0 24 13
0 25 3
0 26 19
0 27 0
0 28 6
0 29 11
0 30 17
0 31 15
0 32 1
0 33 3
0 34 14
0 35 15
0 36 4
0 37 1
0 38 2
0 39 0
0 40 6
0 41 1
0 42 5
0 43 7
0 44 2
0 45 12
0 46 17
0 47 11
0 48 14
0 49 12
0 50 10
0 51 12
0 52 4
0 53 15
0 54 12
0 55 4
0 56 8
0 57 11
0 58 19
0 59 6
0 60 11
0 61 10
0 62 13
0 63 10
0 64 17
0 65 3
0 66 2
0 67 9
0 68 1
0 69 1
0 70 17
0 71 17
0 72 10
0 73 18
0 74 2
0 75 2
0 76 0
0 77 13
0 78 0
0 79 12
0 80 12
0 81 1
0 82 0
0 83 12
0 84 11
0 85 16
0 86 5
0 87 5
0 88 19
0 89 14
0 90 8
0 91 5
0 92 9
0 93 0
0 94 8
0 95 1
0 96 7
0 97 8
0 98 19
0 99 13
1 1 0
1 2 0
1 3 0
1 4 0
1 5 0
1 6 0
1 7 0
1 8 0
1 9 0
1 10 4
1 11 19
1 12 5
1 13 11
1 14 3
1 15 10
1 16 7
1 17 17
1 18 14
1 19 13
1 20 10
1 21 18
1 22 7
1 23 11
1 24 11
1 25 4
1 26 19
1 27 19
1 28 3
1 29 7
1 30 16
1 31 9
1 32 4
1 33 3
1 34 1
1 35 14
1 36 8
1 37 12
1 38 15
1 39 12
1 40 3
1 41 16
1 42 9
1 43 9
1 44 10
1 45 13
1 46 16
1 47 9
1 48 16
1 49 10
1 50 6
1 51 6
1 52 2
1 53 8
1 54 14
1 55 14
1 56 12
1 57 4
1 58 9
1 59 15
1 60 17
1 61 19
1 62 19
1 63 5
1 64 13
1 65 11
1 66 14
1 67 17
1 68 16
1 69 11
1 70 10
1 71 2
1 72 6
1 73 8
1 74 17
1 75 0
1 76 9
1 77 4
1 78 17
1 79 8
1 80 7
1 81 7
1 82 18
1 83 19
1 84 8
1 85 14
1 86 13
1 87 4
1 88 4
1 89 6
1 90 9
1 91 17
1 92 15
1 93 13
1 94 2
1 95 8
1 96 2
1 97 10
1 98 16
1 99 2
2 2 0
2 3 0
2 4 0
2 5 0
2 6 0
2 7 0
2 8 0
2 9 0
2 10 18
2 11 13
2 12 5
2 13 13
2 14 5
2 15 5
2 16 8
2 17 16
2 18 7
2 19 7
2 20 4
2 21 4
2 22 7
2 23 9
2 24 9
2 25 5
2 26 18
2 27 18
2 28 19
2 29 2
2 30 11
2 31 2
2 32 7
2 33 7
2 34 0
2 35 11
2 36 5
2 37 14
2 38 12
2 39 11
2 40 19
2 41 13
2 42 6
2 43 18
2 44 4
2 45 19
2 46 4
2 47 16
2 48 6
2 49 16
2 50 10
2 51 14
2 52 17
2 53 4
2 54 2
2 55 4
2 56 9
2 57 3
2 58 19
2 59 2
2 60 6
2 61 7
2 62 12
2 63 11
2 64 9
2 65 4
2 66 11
2 67 12
2 68 18
2 69 5
2 70 8
2 71 4
2 72 16
2 73 19
2 74 0
2 75 14
2 76 11
2 77 8
2 78 16
2 79 17
2 80 5
2 81 10
2 82 18
2 83 16
2 84 19
2 85 4
2 86 1
2 87 4
2 88 11
2 89 10
2 90 14
2 91 13
2 92 8
2 93 10
2 94 18
2 95 17
2 96 19
2 97 16
2 98 11
2 99 7
3 3 0
3 4 0
3 5 0
3 6 0
3 7 0
3 8 0
3 9 0
3 10 11
3 11 18
3 12 4
3 13 11
3 14 18
3 15 0
3 16 4
3 17 13
3 18 19
3 19 7
3 20 5
3 21 13
3 22 19
3 23 12
3 24 3
3 25 5
3 26 9
3 27 15
3 28 19
3 29 17
3 30 8
3 31 17
3 32 0
3 33 11
3 34 11
3 35 8
3 36 12
3 37 0
3 38 18
3 39 0
3 40 5
3 41 11
3 42 11
3 43 17
3 44 2
3 45 2
3 46 4
3 47 17
3 48 7
3 49 9
3 50 13
3 51 16
3 52 1
3 53 15
3 54 8
3 55 0
3 56 16
3 57 4
3 58 6
3 59 3
3 60 12
3 61 5
3 62 14
3 63 3
3 64 2
3 65 9
3 66 1
3 67 3
3 68 9
3 69 0
3 70 13
3 71 19
3 72 6
3 73 18
3 74 13
3 75 12
3 76 5
3 77 8
3 78 5
3 79 3
3 80 2
3 81 11
3 82 1
3 83 8
3 84 7
3 85 8
3 86 4
3 87 7
3 88 14
3 89 12
3 90 9
3 91 10
3 92 17
3 93 0
3 94 9
3 95 16
3 96 14
3 97 17
3 98 13
3 99 17
4 4 0
4 5 0
4 6 0
4 7 0
4 8 0
4 9 0
4 10 6
4 11 11
4 12 17
4 13 15
4 14 7
4 15 6
4 16 17
4 17 6
4 18 13
4 19 6
4 20 15
4 21 4
4 22 0
4 23 14
4 24 10
4 25 6
4 26 15
4 27 11
4 28 11
4 29 5
4 30 15
4 31 2
4 32 18
4 33 15
4 34 11
4 35 19
4 36 18
4 37 16
4 38 19
4 39 0
4 40 11
4 41 6
4 42 14
4 43 10
4 44 0
4 45 18
4 46 17
4 47 13
4 48 1
4 49 1
4 50 14
4 51 8
4 52 1
4 53 3
4 54 17
4 55 16
4 56 0
4 57 4
4 58 11
4 59 18
4 60 2
4 61 18
4 62 16
4 63 15
4 64 2
4 65 19
4 66 12
4 67 3
4 68 6
4 69 4
4 70 10
4 71 18
4 72 5
4 73 4
4 74 6
4 75 15
4 76 17
4 77 15
4 78 2
4 79 2
4 80 13
4 81 6
4 82 0
4 83 11
4 84 14
4 85 1
4 86 18
4 87 14
4 88 19
4 89 11
4 90 17
4 91 6
4 92 10
4 93 4
4 94 17
4 95 7
4 96 0
4 97 1
4 98 17
4 99 9
5 5 0
5 6 0
5 7 0
5 8 0
5 9 0
5 10 4
5 11 1
5 12 15
5 13 17
5 14 17
5 15 6
5 16 3
5 17 18
5 18 15
5 19 9
5 20 18
5 21 3
5 22 18
5 23 19
5 24 6
5 25 16
5 26 10
5 27 2
5 28 15
5 29 19
5 30 9
5 31 13
5 32 7
5 33 0
5 34 9
5 35 2
5 36 17
5 37 15
5 38 11
5 39 19
5 40 12
5 41 7
5 42 19
5 43 14
5 44 3
5 45 13
5 46 9
5 47 18
5 48 2
5 49 1
5 50 13
5 51 6
5 52 0
5 53 17
5 54 12
5 55 2
5 56 19
5 57 12
5 58 1
5 59 10
5 60 8
5 61 10
5 62 9
5 63 2
5 64 18
5 65 2
5 66 7
5 67 6
5 68 18
5 69 6
5 70 9
5 71 8
5 72 18
5 73 16
5 74 7
5 75 10
5 76 4
5 77 0
5 78 12
5 79 17
5 80 18
5 81 0
5 82 14
5 83 19
5 84 15
5 85 9
5 86 5
5 87 14
5 88 18
5 89 6
5 90 18
5 91 10
5 92 4
5 93 14
5 94 0
5 95 6
5 96 13
5 97 1
5 98 18
5 99 6
6 6 0
6 7 0
6 8 0
6 9 0
6 10 11
6 11 4
6 12 2
6 13 5
6 14 15
6 15 18
6 16 14
6 17 18
6 18 19
6 19 9
6 20 13
6 21 6
6 22 8
6 23 5
6 24 15
6 25 0
6 26 0
6 27 13
6 28 3
6 29 9
6 30 17
6 31 11
6 32 2
6 33 18
6 34 12
6 35 15
6 36 3
6 37 10
6 38 2
6 39 9
6 40 4
6 41 16
6 42 3
6 43 9
6 44 6
6 45 0
6 46 18
6 47 18
6 48 0
6 49 3
6 50 5
6 51 1
6 52 13
6 53 2
6 54 7
6 55 0
6 56 18
6 57 15
6 58 18
6 59 8
6 60 13
6 61 16
6 62 7
6 63 0
6 64 11
6 65 14
6 66 14
6 67 12
6 68 4
6 69 18
6 70 0
6 71 1
6 72 12
6 73 9
6 74 17
6 75 3
6 76 12
6 77 6
6 78 19
6 79 19
6 80 2
6 81 8
6 82 1
6 83 14
6 84 1
6 85 17
6 86 2
6 87 5
6 88 6
6 89 2
6 90 9
6 91 17
6 92 2
6 93 1
6 94 10
6 95 0
6 96 15
6 97 13
6 98 16
6 99 3
7 7 0
7 8 0
7 9 0
7 10 16
7 11 14
7 12 5
7 13 8
7 14 13
7 15 5
7 16 18
7 17 16
7 18 18
7 19 18
7 20 13
7 21 3
7 22 2
7 23 14
7 24 9
7 25 9
7 26 7
7 27 0
7 28 2
7 29 17
7 30 2
7 31 16
7 32 18
7 33 18
7 34 10
7 35 8
7 36 7
7 37 3
7 38 10
7 39 16
7 40 12
7 41 1
7 42 19
7 43 9
7 44 17
7 45 8
7 46 18
7 47 18
7 48 11
7 49 19
7 50 4
7 51 16
7 52 16
7 53 14
7 54 7
7 55 12
7 56 19
7 57 14
7 58 18
7 59 5
7 60 16
7 61 8
7 62 14
7 63 9
7 64 12
7 65 5
7 66 5
7 67 6
7 68 17
7 69 8
7 70 2
7 71 6
7 72 8
7 73 9
7 74 4
7 75 18
7 76 19
7 77 13
7 78 15
7 79 10
7 80 13
7 81 0
7 82 6
7 83 4
7 84 3
7 85 2
7 86 2
7 87 8
7 88 11
7 89 7
7 90 9
7 91 1
7 92 7
7 93 13
7 94 16
7 95 6
7 96 8
7 97 5
7 98 0
7 99 7
8 8 0
8 9 0
8 10 5
8 11 17
8 12 18
8 13 3
8 14 10
8 15 10
8 16 8
8 17 0
8 18 16
8 19 5
8 20 0
8 21 4
8 22 15
8 23 8
8 24 12
8 25 16
8 26 4
8 27 6
8 28 3
8 29 9
8 30 16
8 31 15
8 32 4
8 33 13
8 34 2
8 35 16
8 36 8
8 37 3
8 38 6
8 39 4
8 40 18
8 41 13
8 42 13
8 43 5
8 44 8
8 45 3
8 46 6
8 47 4
8 48 7
8 49 5
8 50 19
8 51 12
8 52 15
8 53 14
8 54 7
8 55 4
8 56 1
8 57 3
8 58 0
8 59 9
8 60 2
8 61 11
8 62 17
8 63 11
8 64 0
8 65 18
8 66 2
8 67 3
8 68 11
8 69 3
8 70 0
8 71 14
8 72 19
8 73 8
8 74 1
8 75 0
8 76 12
8 77 0
8 78 1
8 79 4
8 80 14
8 81 10
8 82 3
8 83 14
8 84 1
8 85 1
8 86 12
8 87 16
8 88 19
8 89 2
8 90 17
8 91 14
8 92 16
8 93 5
8 94 7
8 95 11
8 96 16
8 97 11
8 98 8
8 99 0
9 9 0
9 10 17
9 11 1
9 12 18
9 13 2
9 14 2
9 15 19
9 16 5
9 17 14
9 18 19
9 19 14
9 20 9
9 21 2
9 22 6
9 23 6
9 24 16
9 25 9
9 26 3
9 27 10
9 28 7
9 29 12
9 30 6
9 31 5
9 32 18
9 33 2
9 34 18
9 35 17
9 36 16
9 37 1
9 38 1
9 39 6
9 40 7
9 41 13
9 42 11
9 43 2
9 44 3
9 45 9
9 46 10
9 47 11
9 48 0
9 49 1
9 50 19
9 51 2
9 52 16
9 53 3
9 54 19
9 55 17
9 56 2
9 57 19
9 58 19
9 59 17
9 60 8
9 61 5
9 62 17
9 63 10
9 64 18
9 65 16
9 66 2
9 67 1
9 68 10
9 69 17
9 70 15
9 71 10
9 72 18
9 73 6
9 74 19
9 75 16
9 76 15
9 77 3
9 78 3
9 79 14
9 80 15
9 81 0
9 82 9
9 83 9
9 84 4
9 85 5
9 86 8
9 87 3
9 88 17
9 89 1
9 90 17
9 91 3
9 92 6
9 93 0
9 94 7
9 95 18
9 96 3
9 97 3
9 98 10
9 99 3
10 10 0
10 11 0
10 12 0
10 13 0
10 14 0
10 15 0
10 16 0
10 17 0
10 18 0
10 19 0
10 20 18
10 21 4
10 22 5
10 23 12
10 24 15
10 25 1
10 26 17
10 27 0
10 28 8
10 29 15
10 30 18
10 31 15
10 32 7
10 33 8
10 34 0
10 35 10
10 36 7
10 37 9
10 38 0
10 39 0
10 40 8
10 41 10
10 42 10
10 43 4
10 44 2
10 45 18
10 46 1
10 47 2
10 48 11
10 49 4
10 50 19
10 51 12
10 52 4
10 53 10
10 54 4
10 55 13
10 56 18
10 57 8
10 58 5
10 59 17
10 60 14
10 61 0
10 62 4
10 63 15
10 64 13
10 65 15
10 66 4
10 67 1
10 68 7
10 69 18
10 70 6
10 71 1
10 72 3
10 73 6
10 74 18
10 75 18
10 76 9
10 77 11
10 78 6
10 79 8
10 80 6
10 81 10
10 82 6
10 83 5
10 84 8
10 85 15
10 86 10
10 87 3
10 88 8
10 89 9
10 90 1
10 91 16
10 92 11
10 93 12
10 94 6
10 95 11
10 96 0
10 97 6
10 98 15
10 99 2
11 11 0
11 12 0
11 13 0
11 14 0
11 15 0
11 16 0
11 17 0
11 18 0
11 19 0
11 20 19
11 21 5
11 22 15
11 23 6
11 24 13
11 25 6
11 26 14
11 27 4
11 28 15
11 29 13
11 30 9
11 31 3
11 32 14
11 33 1
11 34 9
11 35 19
11 36 9
11 37 19
11 38 6
11 39 2
11 40 12
11 41 18
11 42 3
11 43 4
11 44 8
11 45 11
11 46 13
11 47 2
11 48 2
11 49 19
11 50 10
11 51 7
11 52 1
11 53 4
11 54 8
11 55 2
11 56 11
11 57 17
11 58 10
11 59 17
11 60 18
11 61 14
11 62 5
11 63 6
11 64 11
11 65 16
11 66 17
11 67 17
11 68 4
11 69 3
11 70 18
11 71 10
11 72 10
11 73 19
11 74 8
11 75 2
11 76 7
11 77 8
11 78 11
11 79 11
11 80 13
11 81 7
11 82 19
11 83 14
11 84 7
11 85 14
11 86 4
11 87 9
11 88 15
11 89 0
11 90 12
11 91 6
11 92 13
11 93 0
11 94 3
11 95 15
11 96 2
11 97 7
11 98 8
11 99 19
12 12 0
12 13 0
12 14 0
12 15 0
12 16 0
12 17 0
12 18 0
12 19 0
12 20 1
12 21 14
12 22 0
12 23 4
12 24 2
12 25 13
12 26 17
12 27 13
12 28 19
12 29 7
12 30 19
12 31 14
12 32 9
12 33 18
12 34 4
12 35 4
12 36 19
12 37 16
12 38 0
12 39 18
12 40 10
12 41 14
12 42 18
12 43 11
12 44 8
12 45 4
12 46 11
12 47 8
12 48 8
12 49 16
12 50 0
12 51 14
12 52 11
12 53 2
12 54 7
12 55 11
12 56 7
12 57 6
12 58 1
12 59 9
12 60 6
12 61 8
12 62 14
12 63 0
12 64 16
12 65 17
12 66 19
12 67 16
12 68 2
12 69 0
12 70 10
12 71 3
12 72 2
12 73 13
12 74 16
12 75 3
12 76 9
12 77 4
12 78 15
12 79 5
12 80 19
12 81 1
12 82 15
12 83 5
12 84 17
12 85 17
12 86 14
12 87 16
12 88 13
12 89 18
12 90 19
12 91 8
12 92 6
12 93 2
12 94 0
12 95 11
12 96 13
12 97 16
12 98 1
12 99 17
13 13 0
13 14 0
13 15 0
13 16 0
13 17 0
13 18 0
13 19 0
13 20 5
13 21 4
13 22 17
13 23 19
13 24 8
13 25 9
13 26 15
13 27 14
13 28 16
13 29 8
13 30 4
13 31 3
13 32 4
13 33 0
13 34 16
13 35 12
13 36 18
13 37 18
13 38 4
13 39 6
13 40 2
13 41 5
13 42 17
13 43 13
13 44 18
13 45 5
13 46 0
13 47 13
13 48 15
13 49 16
13 50 7
13 51 15
13 52 15
13 53 17
13 54 19
13 55 7
13 56 9
13 57 9
13 58 4
13 59 7
13 60 2
13 61 1
13 62 6
13 63 18
13 64 9
13 65 13
13 66 18
13 67 2
13 68 16
13 69 10
13 70 1
13 71 14
13 72 19
13 73 10
13 74 7
13 75 13
13 76 19
13 77 18
13 78 12
13 79 12
13 80 14
13 81 19
13 82 1
13 83 18
13 84 17
13 85 4
13 86 17
13 87 18
13 88 1
13 89 9
13 90 4
13 91 17
13 92 17
13 93 11
13 94 5
13 95 3
13 96 7
13 97 5
13 98 17
13 99 0
14 14 0
14 15 0
14 16 0
14 17 0
14 18 0
14 19 0
14 20 17
14 21 0
14 22 9
14 23 14
14 24 7
14 25 3
14 26 4
14 27 5
14 28 6
14 29 15
14 30 18
14 31 4
14 32 6
14 33 9
14 34 9
14 35 10
14 36 11
14 37 8
14 38 6
14 39 1
14 40 9
14 41 11
14 42 12
14 43 14
14 44 8
14 45 16
14 46 15
14 47 8
14 48 5
14 49 14
14 50 15
14 51 3
14 52 17
14 53 2
14 54 2
14 55 6
14 56 11
14 57 4
14 58 5
14 59 18
14 60 10
14 61 4
14 62 11
14 63 10
14 64 11
14 65 7
14 66 8
14 67 6
14 68 16
14 69 11
14 70 7
14 71 6
14 72 18
14 73 14
14 74 9
14 75 5
14 76 7
14 77 10
14 78 8
14 79 19
14 80 9
14 81 15
14 82 1
14 83 12
14 84 6
14 85 9
14 86 0
14 87 13
14 88 2
14 89 12
14 90 12
14 91 16
14 92 8
14 93 17
14 94 19
14 95 2
14 96 12
14 97 6
14 98 5
14 99 0
15 15 0
15 16 0
15 17 0
15 18 0
15 19 0
15 20 9
15 21 3
15 22 5
15 23 7
15 24 15
15 25 8
15 26 2
15 27 19
15 28 15
15 29 18
15 30 17
15 31 16
15 32 16
15 33 13
15 34 9
15 35 8
15 36 19
15 37 16
15 38 15
15 39 7
15 40 7
15 41 11
15 42 17
15 43 11
15 44 13
15 45 19
15 46 13
15 47 18
15 48 12
15 49 2
15 50 8
15 51 19
15 52 5
15 53 0
15 54 4
15 55 17
15 56 15
15 57 7
15 58 2
15 59 8
15 60 15
15 61 10
15 62 8
15 63 12
15 64 11
15 65 6
15 66 10
15 67 10
15 68 9
15 69 4
15 70 2
15 71 13
15 72 8
15 73 14
15 74 8
15 75 9
15 76 5
15 77 11
15 78 17
15 79 10
15 80 13
15 81 0
15 82 13
15 83 16
15 84 8
15 85 6
15 86 1
15 87 0
15 88 11
15 89 0
15 90 6
15 91 7
15 92 18
15 93 0
15 94 14
15 95 5
15 96 18
15 97 13
15 98 5
15 99 15
16 16 0
16 17 0
16 18 0
16 19 0
16 20 0
16 21 19
16 22 14
16 23 18
16 24 12
16 25 1
16 26 0
16 27 6
16 28 4
16 29 16
16 30 7
16 31 0
16 32 9
16 33 9
16 34 11
16 35 17
16 36 3
16 37 17
16 38 4
16 39 2
16 40 6
16 41 9
16 42 3
16 43 2
16 44 16
16 45 8
16 46 1
16 47 2
16 48 1
16 49 17
16 50 19
16 51 6
16 52 2
16 53 3
16 54 17
16 55 16
16 56 9
16 57 15
16 58 4
16 59 18
16 60 17
16 61 6
16 62 1
16 63 15
16 64 16
16 65 5
16 66 14
16 67 7
16 68 19
16 69 12
16 70 12
16 71 18
16 72 17
16 73 15
16 74 16
16 75 13
16 76 14
16 77 12
16 78 11
16 79 3
16 80 2
16 81 11
16 82 1
16 83 12
16 84 7
16 85 4
16 86 14
16 87 13
16 88 9
16 89 17
16 90 5
16 91 17
16 92 14
16 93 12
16 94 16
16 95 19
16 96 1
16 97 6
16 98 8
16 99 9
17 17 0
17 18 0
17 19 0
17 20 4
17 21 5
17 22 16
17 23 5
17 24 16
17 25 19
17 26 5
17 27 7
17 28 7
17 29 19
17 30 0
17 31 11
17 32 9
17 33 14
17 34 2
17 35 14
17 36 19
17 37 7
17 38 7
17 39 11
17 40 4
17 41 4
17 42 1
17 43 10
17 44 7
17 45 10
17 46 7
17 47 19
17 48 6
17 49 15
17 50 2
17 51 7
17 52 2
17 53 11
17 54 17
17 55 12
17 56 3
17 57 1
17 58 2
17 59 0
17 60 19
17 61 14
17 62 8
17 63 4
17 64 8
17 65 11
17 66 12
17 67 5
17 68 2
17 69 18
17 70 10
17 71 0
17 72 16
17 73 16
17 74 15
17 75 2
17 76 1
17 77 5
17 78 19
17 79 9
17 80 13
17 81 18
17 82 1
17 83 19
17 84 14
17 85 7
17 86 14
17 87 1
17 88 15
17 89 9
17 90 6
17 91 4
17 92 2
17 93 8
17 94 5
17 95 1
17 96 14
17 97 11
17 98 12
17 99 6
18 18 0
18 19 0
18 20 5
18 21 6
18 22 12
18 23 3
18 24 8
18 25 7
18 26 7
18 27 15
18 28 9
18 29 8
18 30 17
18 31 11
18 32 16
18 33 18
18 34 1
18 35 3
18 36 9
18 37 17
18 38 11
18 39 1
18 40 19
18 41 8
18 42 1
18 43 18
18 44 12
18 45 16
18 46 1
18 47 0
18 48 10
18 49 11
18 50 3
18 51 0
18 52 3
18 53 17
18 54 11
18 55 13
18 56 16
18 57 15
18 58 4
18 59 13
18 60 15
18 61 19
18 62 3
18 63 13
18 64 19
18 65 9
18 66 10
18 67 14
18 68 1
18 69 2
18 70 13
18 71 8
18 72 7
18 73 13
18 74 11
18 75 18
18 76 4
18 77 4
18 78 11
18 79 13
18 80 17
18 81 18
18 82 1
18 83 19
18 84 13
18 85 16
18 86 5
18 87 5
18 88 3
18 89 7
18 90 14
18 91 7
18 92 4
18 93 18
18 94 19
18 95 2
18 96 6
18 97 12
18 98 6
18 99 7
19 19 0
19 20 14
19 21 17
19 22 16
19 23 19
19 24 0
19 25 9
19 26 12
19 27 14
19 28 5
19 29 1
19 30 0
19 31 2
19 32 0
19 33 1
19 34 7
19 35 13
19 36 11
19 37 8
19 38 7
19 39 16
19 40 2
19 41 19
19 42 16
19 43 11
19 44 6
19 45 13
19 46 0
19 47 10
19 48 7
19 49 10
19 50 19
19 51 7
19 52 19
19 53 4
19 54 11
19 55 16
19 56 12
19 57 9
19 58 10
19 59 9
19 60 10
19 61 5
19 62 10
19 63 5
19 64 4
19 65 8
19 66 12
19 67 16
19 68 2
19 69 10
19 70 4
19 71 6
19 72 15
19 73 7
19 74 7
19 75 1
19 76 15
19 77 8
19 78 2
19 79 18
19 80 5
19 81 13
19 82 18
19 83 7
19 84 13
19 85 0
19 86 12
19 87 4
19 88 10
19 89 16
19 90 5
19 91 13
19 92 4
19 93 5
19 94 16
19 95 5
19 96 16
19 97 18
19 98 17
19 99 13
20 20 0
20 21 0
20 22 0
20 23 0
20 24 0
20 25 0
20 26 0
20 27 0
20 28 0
20 29 0
20 30 10
20 31 17
20 32 17
20 33 19
20 34 9
20 35 5
20 36 1
20 37 7
20 38 10
20 39 0
20 40 10
20 41 2
20 42 7
20 43 0
20 44 3
20 45 18
20 46 0
20 47 6
20 48 8
20 49 16
20 50 7
20 51 4
20 52 1
20 53 10
20 54 15
20 55 12
20 56 11
20 57 0
20 58 13
20 59 2
20 60 6
20 61 0
20 62 2
20 63 13
20 64 6
20 65 4
20 66 19
20 67 4
20 68 19
20 69 5
20 70 7
20 71 16
20 72 10
20 73 19
20 74 11
20 75 4
20 76 18
20 77 19
20 78 3
20 79 17
20 80 8
20 81 3
20 82 19
20 83 11
20 84 4
20 85 6
20 86 19
20 87 0
20 88 7
20 89 1
20 90 15
20 91 14
20 92 15
20 93 9
20 94 17
20 95 8
20 96 11
20 97 7
20 98 5
20 99 15
21 21 0
21 22 0
21 23 0
21 24 0
21 25 0
21 26 0
21 27 0
21 28 0
21 29 0
21 30 2
21 31 9
21 32 1
21 33 16
21 34 1
21 35 7
21 36 2
21 37 12
21 38 1
21 39 16
21 40 0
21 41 13
21 42 5
21 43 6
21 44 13
21 45 15
21 46 1
21 47 13
21 48 5
21 49 9
21 50 0
21 51 1
21 52 12
21 53 7
21 54 5
21 55 10
21 56 2
21 57 13
21 58 0
21 59 4
21 60 17
21 61 9
21 62 8
21 63 0
21 64 9
21 65 5
21 66 17
21 67 3
21 68 7
21 69 14
21 70 4
21 71 16
21 72 3
21 73 19
21 74 2
21 75 3
21 76 4
21 77 1
21 78 10
21 79 7
21 80 10
21 81 3
21 82 1
21 83 6
21 84 16
21 85 16
21 86 14
21 87 6
21 88 15
21 89 8
21 90 17
21 91 3
21 92 13
21 93 15
21 94 19
21 95 9
21 96 19
21 97 7
21 98 13
21 99 4
22 22 0
22 23 0
22 24 0
22 25 0
22 26 0
22 27 0
22 28 0
22 29 0
22 30 16
22 31 4
22 32 9
22 33 19
22 34 6
22 35 12
22 36 19
22 37 8
22 38 15
22 39 6
22 40 17
22 41 5
22 42 3
22 43 11
22 44 11
22 45 14
22 46 9
22 47 15
22 48 3
22 49 16
22 50 13
22 51 16
22 52 2
22 53 17
22 54 1
22 55 18
22 56 18
22 57 4
22 58 11
22 59 18
22 60 9
22 61 3
22 62 5
22 63 17
22 64 9
22 65 0
22 66 2
22 67 16
22 68 16
22 69 12
22 70 6
22 71 16
22 72 2
22 73 12
22 74 19
22 75 11
22 76 5
22 77 2
22 78 18
22 79 11
22 80 1
22 81 7
22 82 13
22 83 11
22 84 11
22 85 0
22 86 17
22 87 12
22 88 12
22 89 3
22 90 3
22 91 4
22 92 11
22 93 17
22 94 5
22 95 12
22 96 14
22 97 14
22 98 2
22 99 19
23 23 0
23 24 0
23 25 0
23 26 0
23 27 0
23 28 0
23 29 0
23 30 15
23 31 1
23 32 0
23 33 14
23 34 10
23 35 14
23 36 1
23 37 19
23 38 2
23 39 10
23 40 5
23 41 2
23 42 0
23 43 3
23 44 6
23 45 11
23 46 0
23 47 1
23 48 16
23 49 1
23 50 13
23 51 13
23 52 0
23 53 6
23 54 0
23 55 5
23 56 14
23 57 13
23 58 9
23 59 14
23 60 15
23 61 16
23 62 6
23 63 6
23 64 9
23 65 18
23 66 8
23 67 13
23 68 10
23 69 5
23 70 15
23 71 0
23 72 15
23 73 11
23 74 19
23 75 19
23 76 14
23 77 6
23 78 18
23 79 13
23 80 9
23 81 16
23 82 15
23 83 18
23 84 8
23 85 8
23 86 7
23 87 15
23 88 14
23 89 1
23 90 13
23 91 5
23 92 0
23 93 16
23 94 16
23 95 12
23 96 8
23 97 19
23 98 0
23 99 19
24 24 0
24 25 0
24 26 0
24 27 0
24 28 0
24 29 0
24 30 8
24 31 9
24 32 3
24 33 8
24 34 13
24 35 3
24 36 4
24 37 19
24 38 3
24 39 15
24 40 10
24 41 2
24 42 5
24 43 7
24 44 10
24 45 3
24 46 18
24 47 7
24 48 3
24 49 11
24 50 12
24 51 17
24 52 12
24 53 4
24 54 18
24 55 2
24 56 13
24 57 11
24 58 19
24 59 15
24 60 17
24 61 10
24 62 10
24 63 17
24 64 7
24 65 19
24 66 10
24 67 11
24 68 6
24 69 16
24 70 0
24 71 13
24 72 10
24 73 16
24 74 7
24 75 17
24 76 17
24 77 0
24 78 14
24 79 13
24 80 7
24 81 11
24 82 0
24 83 17
24 84 12
24 85 3
24 86 18
24 87 17
24 88 14
24 89 11
24 90 1
24 91 16
24 92 2
24 93 5
24 94 7
24 95 15
24 96 19
24 97 6
24 98 1
24 99 5
25 25 0
25 26 0
25 27 0
25 28 0
25 29 0
25 30 12
25 31 18
25 32 18
25 33 4
25 34 9
25 35 16
25 36 12
25 37 12
25 38 7
25 39 0
25 40 9
25 41 1
25 42 1
25 43 18
25 44 4
25 45 13
25 46 17
25 47 19
25 48 11
25 49 13
25 50 3
25 51 12
25 52 10
25 53 5
25 54 2
25 55 19
25 56 5
25 57 14
25 58 14
25 59 7
25 60 7
25 61 10
25 62 6
25 63 16
25 64 17
25 65 16
25 66 0
25 67 17
25 68 4
25 69 1
25 70 19
25 71 3
25 72 4
25 73 9
25 74 5
25 75 17
25 76 9
25 77 11
25 78 7
25 79 4
25 80 17
25 81 1
25 82 3
25 83 10
25 84 3
25 85 1
25 86 4
25 87 10
25 88 17
25 89 10
25 90 1
25 91 9
25 92 5
25 93 8
25 94 0
25 95 10
25 96 14
25 97 0
25 98 8
25 99 13
26 26 0
26 27 0
26 28 0
26 29 0
26 30 18
26 31 18
26 32 9
26 33 9
26 34 10
26 35 15
26 36 0
26 37 15
26 38 17
26 39 18
26 40 10
26 41 17
26 42 4
26 43 8
26 44 19
26 45 6
26 46 4
26 47 0
26 48 3
26 49 5
26 50 12
26 51 0
26 52 9
26 53 14
26 54 11
26 55 17
26 56 19
26 57 19
26 58 11
26 59 3
26 60 10
26 61 1
26 62 13
26 63 6
26 64 12
26 65 3
26 66 6
26 67 18
26 68 16
26 69 10
26 70 2
26 71 3
26 72 14
26 73 19
26 74 15
26 75 6
26 76 16
26 77 4
26 78 0
26 79 15
26 80 6
26 81 0
26 82 8
26 83 12
26 84 17
26 85 1
26 86 4
26 87 3
26 88 6
26 89 2
26 90 0
26 91 3
26 92 2
26 93 7
26 94 0
26 95 19
26 96 10
26 97 5
26 98 11
26 99 14
27 27 0
27 28 0
27 29 0
27 30 13
27 31 10
27 32 15
27 33 2
27 34 18
27 35 15
27 36 0
27 37 1
27 38 15
27 39 4
27 40 7
27 41 7
27 42 5
27 43 2
27 44 5
27 45 13
27 46 8
27 47 8
27 48 3
27 49 19
27 50 18
27 51 14
27 52 2
27 53 12
27 54 8
27 55 19
27 56 15
27 57 12
27 58 17
27 59 8
27 60 12
27 61 12
27 62 7
27 63 1
27 64 18
27 65 4
27 66 13
27 67 11
27 68 7
27 69 3
27 70 15
27 71 2
27 72 13
27 73 7
27 74 16
27 75 5
27 76 15
27 77 7
27 78 1
27 79 13
27 80 2
27 81 4
27 82 6
27 83 6
27 84 19
27 85 0
27 86 10
27 87 18
27 88 4
27 89 13
27 90 18
27 91 7
27 92 4
27 93 19
27 94 18
27 95 13
27 96 18
27 97 12
27 98 9
27 99 13
28 28 0
28 29 0
28 30 15
28 31 14
28 32 15
28 33 12
28 34 6
28 35 11
28 36 5
28 37 17
28 38 5
28 39 9
28 40 8
28 41 11
28 42 17
28 43 11
28 44 8
28 45 12
28 46 10
28 47 17
28 48 11
28 49 7
28 50 0
28 51 10
28 52 18
28 53 13
28 54 4
28 55 10
28 56 4
28 57 6
28 58 5
28 59 13
28 60 18
28 61 18
28 62 12
28 63 18
28 64 11
28 65 19
28 66 19
28 67 14
28 68 1
28 69 8
28 70 19
28 71 16
28 72 1
28 73 2
28 74 2
28 75 11
28 76 11
28 77 4
28 78 0
28 79 7
28 80 19
28 81 8
28 82 1
28 83 4
28 84 15
28 85 9
28 86 14
28 87 6
28 88 6
28 89 10
28 90 16
28 91 3
28 92 1
28 93 6
28 94 2
28 95 3
28 96 8
28 97 2
28 98 5
28 99 12
29 29 0
29 30 19
29 31 7
29 32 16
29 33 6
29 34 9
29 35 14
29 36 12
29 37 6
29 38 0
29 39 11
29 40 6
29 41 10
29 42 17
29 43 0
29 44 5
29 45 12
29 46 19
29 47 2
29 48 0
29 49 6
29 50 3
29 51 16
29 52 2
29 53 16
29 54 18
29 55 12
29 56 19
29 57 15
29 58 4
29 59 9
29 60 4
29 61 16
29 62 2
29 63 18
29 64 14
29 65 0
29 66 0
29 67 14
29 68 15
29 69 16
29 70 19
29 71 5
29 72 15
29 73 4
29 74 0
29 75 16
29 76 0
29 77 10
29 78 9
29 79 2
29 80 8
29 81 6
29 82 10
29 83 6
29 84 7
29 85 17
29 86 2
29 87 15
29 88 4
29 89 6
29 90 13
29 91 12
29 92 18
29 93 18
29 94 6
29 95 12
29 96 15
29 97 0
29 98 4
29 99 4
30 30 0
30 31 0
30 32 0
30 33 0
30 34 0
30 35 0
30 36 0
30 37 0
30 38 0
30 39 0
30 40 1
30 41 5
30 42 5
30 43 7
30 44 12
30 45 4
30 46 19
30 47 12
30 48 14
30 49 2
30 50 13
30 51 18
30 52 10
30 53 4
30 54 7
30 55 7
30 56 14
30 57 8
30 58 14
30 59 3
30 60 19
30 61 19
30 62 16
30 63 11
30 64 18
30 65 7
30 66 3
30 67 16
30 68 12
30 69 4
30 70 3
30 71 15
30 72 9
30 73 1
30 74 1
30 75 10
30 76 0
30 77 14
30 78 5
30 79 2
30 80 13
30 81 11
30 82 6
30 83 16
30 84 9
30 85 18
30 86 11
30 87 10
30 88 18
30 89 18
30 90 17
30 91 11
30 92 15
30 93 9
30 94 3
30 95 2
30 96 11
30 97 9
30 98 15
30 99 4
31 31 0
31 32 0
31 33 0
31 34 0
31 35 0
31 36 0
31 37 0
31 38 0
31 39 0
31 40 9
31 41 14
31 42 9
31 43 13
31 44 7
31 45 7
31 46 7
31 47 19
31 48 15
31 49 16
31 50 3
31 51 6
31 52 12
31 53 14
31 54 15
31 55 16
31 56 16
31 57 14
31 58 11
31 59 14
31 60 10
31 61 19
31 62 2
31 63 1
31 64 15
31 65 5
31 66 0
31 67 9
31 68 7
31 69 1
31 70 11
31 71 19
31 72 2
31 73 15
31 74 2
31 75 5
31 76 1
31 77 3
31 78 10
31 79 11
31 80 4
31 81 0
31 82 5
31 83 18
31 84 7
31 85 0
31 86 6
31 87 19
31 88 5
31 89 16
31 90 6
31 91 6
31 92 0
31 93 7
31 94 9
31 95 3
31 96 2
31 97 5
31 98 1
31 99 8
32 32 0
32 33 0
32 34 0
32 35 0
32 36 0
32 37 0
32 38 0
32 39 0
32 40 10
32 41 4
32 42 6
32 43 4
32 44 18
32 45 1
32 46 15
32 47 17
32 48 6
32 49 3
32 50 18
32 51 10
32 52 1
32 53 4
32 54 5
32 55 6
32 56 13
32 57 1
32 58 9
32 59 3
32 60 6
32 61 3
32 62 13
32 63 0
32 64 5
32 65 11
32 66 17
32 67 5
32 68 14
32 69 19
32 70 7
32 71 4
32 72 10
32 73 8
32 74 9
32 75 4
32 76 15
32 77 9
32 78 10
32 79 11
32 80 14
32 81 12
32 82 9
32 83 16
32 84 19
32 85 16
32 86 19
32 87 1
32 88 19
32 89 5
32 90 10
32 91 10
32 92 11
32 93 10
32 94 19
32 95 18
32 96 1
32 97 5
32 98 0
32 99 10
33 33 0
33 34 0
33 35 0
33 36 0
33 37 0
33 38 0
33 39 0
33 40 18
33 41 8
33 42 8
33 43 4
33 44 18
33 45 12
33 46 8
33 47 5
33 48 13
33 49 7
33 50 12
33 51 16
33 52 2
33 53 14
33 54 5
33 55 19
33 56 3
33 57 10
33 58 18
33 59 10
33 60 8
33 61 17
33 62 9
33 63 14
33 64 11
33 65 9
33 66 0
33 67 6
33 68 11
33 69 17
33 70 6
33 71 13
33 72 16
33 73 17
33 74 13
33 75 18
33 76 0
33 77 0
33 78 6
33 79 13
33 80 5
33 81 14
33 82 2
33 83 19
33 84 5
33 85 5
33 86 12
33 87 15
33 88 18
33 89 14
33 90 3
33 91 12
33 92 11
33 93 10
33 94 5
33 95 19
33 96 11
33 97 2
33 98 13
33 99 0
34 34 0
34 35 0
34 36 0
34 37 0
34 38 0
34 39 0
34 40 3
34 41 1
34 42 7
34 43 12
34 44 11
34 45 6
34 46 15
34 47 4
34 48 19
34 49 10
34 50 15
34 51 15
34 52 19
34 53 11
34 54 5
34 55 7
34 56 10
34 57 16
34 58 19
34 59 17
34 60 11
34 61 12
34 62 6
34 63 18
34 64 0
34 65 2
34 66 9
34 67 19
34 68 19
34 69 17
34 70 6
34 71 6
34 72 16
34 73 5
34 74 14
34 75 9
34 76 14
34 77 12
34 78 0
34 79 6
34 80 2
34 81 9
34 82 9
34 83 17
34 84 6
34 85 3
34 86 1
34 87 5
34 88 6
34 89 4
34 90 2
34 91 14
34 92 5
34 93 9
34 94 19
34 95 8
34 96 2
34 97 19
34 98 15
34 99 0
35 35 0
35 36 0
35 37 0
35 38 0
35 39 0
35 40 17
35 41 0
35 42 14
35 43 17
35 44 7
35 45 9
35 46 12
35 47 14
35 48 15
35 49 13
35 50 6
35 51 6
35 52 9
35 53 1
35 54 17
35 55 2
35 56 13
35 57 3
35 58 6
35 59 14
35 60 12
35 61 6
35 62 8
35 63 13
35 64 16
35 65 2
35 66 10
35 67 7
35 68 8
35 69 12
35 70 6
35 71 3
35 72 19
35 73 13
35 74 1
35 75 13
35 76 12
35 77 19
35 78 5
35 79 12
35 80 18
35 81 10
35 82 2
35 83 3
35 84 7
35 85 7
35 86 10
35 87 18
35 88 12
35 89 9
35 90 0
35 91 13
35 92 7
35 93 16
35 94 5
35 95 3
35 96 9
35 97 2
35 98 6
35 99 8
36 36 0
36 37 0
36 38 0
36 39 0
36 40 12
36 41 16
36 42 17
36 43 11
36 44 14
36 45 19
36 46 15
36 47 17
36 48 8
36 49 12
36 50 7
36 51 18
36 52 5
36 53 7
36 54 11
36 55 9
36 56 6
36 57 8
36 58 3
36 59 6
36 60 12
36 61 2
36 62 9
36 63 3
36 64 7
36 65 1
36 66 15
36 67 17
36 68 11
36 69 16
36 70 15
36 71 18
36 72 16
36 73 13
36 74 6
36 75 15
36 76 18
36 77 6
36 78 18
36 79 8
36 80 10
36 81 18
36 82 19
36 83 2
36 84 1
36 85 6
36 86 2
36 87 5
36 88 17
36 89 12
36 90 16
36 91 8
36 92 10
36 93 19
36 94 11
36 95 10
36 96 14
36 97 3
36 98 7
36 99 14
37 37 0
37 38 0
37 39 0
37 40 1
37 41 0
37 42 5
37 43 2
37 44 19
37 45 7
37 46 14
37 47 15
37 48 6
37 49 5
37 50 8
37 51 14
37 52 14
37 53 19
37 54 14
37 55 12
37 56 16
37 57 7
37 58 17
37 59 10
37 60 9
37 61 9
37 62 3
37 63 6
37 64 14
37 65 7
37 66 11
37 67 4
37 68 7
37 69 7
37 70 3
37 71 9
37 72 0
37 73 1
37 74 8
37 75 19
37 76 9
37 77 14
37 78 11
37 79 14
37 80 13
37 81 15
37 82 1
37 83 12
37 84 14
37 85 17
37 86 15
37 87 13
37 88 15
37 89 13
37 90 10
37 91 7
37 92 8
37 93 13
37 94 16
37 95 6
37 96 9
37 97 2
37 98 7
37 99 14
38 38 0
38 39 0
38 40 17
38 41 15
38 42 15
38 43 11
38 44 8
38 45 19
38 46 3
38 47 11
38 48 18
38 49 15
38 50 7
38 51 9
38 52 5
38 53 7
38 54 7
38 55 7
38 56 2
38 57 4
38 58 0
38 59 18
38 60 9
38 61 13
38 62 9
38 63 14
38 64 1
38 65 9
38 66 11
38 67 6
38 68 6
38 69 19
38 70 11
38 71 16
38 72 10
38 73 1
38 74 7
38 75 1
38 76 0
38 77 14
38 78 15
38 79 0
38 80 9
38 81 1
38 82 9
38 83 5
38 84 18
38 85 5
38 86 15
38 87 2
38 88 10
38 89 2
38 90 16
38 91 1
38 92 8
38 93 4
38 94 10
38 95 15
38 96 18
38 97 8
38 98 4
38 99 13
39 39 0
39 40 12
39 41 9
39 42 5
39 43 2
39 44 17
39 45 11
39 46 8
39 47 15
39 48 17
39 49 18
39 50 3
39 51 4
39 52 12
39 53 2
39 54 6
39 55 9
39 56 8
39 57 2
39 58 12
39 59 5
39 60 13
39 61 8
39 62 14
39 63 7
39 64 7
39 65 17
39 66 10
39 67 18
39 68 1
39 69 18
39 70 8
39 71 10
39 72 4
39 73 10
39 74 5
39 75 10
39 76 2
39 77 16
39 78 3
39 79 2
39 80 14
39 81 11
39 82 6
39 83 14
39 84 18
39 85 17
39 86 6
39 87 11
39 88 15
39 89 11
39 90 13
39 91 0
39 92 10
39 93 7
39 94 11
39 95 8
39 96 2
39 97 10
39 98 7
39 99 8
40 40 0
40 41 0
40 42 0
40 43 0
40 44 0
40 45 0
40 46 0
40 47 0
40 48 0
40 49 0
40 50 1
40 51 13
40 52 3
40 53 13
40 54 14
40 55 1
40 56 5
40 57 1
40 58 8
40 59 16
40 60 19
40 61 17
40 62 16
40 63 13
40 64 14
40 65 15
40 66 13
40 67 1
40 68 6
40 69 18
40 70 13
40 71 15
40 72 17
40 73 7
40 74 14
40 75 14
40 76 6
40 77 3
40 78 11
40 79 5
40 80 16
40 81 19
40 82 0
40 83 4
40 84 14
40 85 13
40 86 16
40 87 8
40 88 10
40 89 15
40 90 9
40 91 11
40 92 3
40 93 9
40 94 7
40 95 17
40 96 12
40 97 0
40 98 2
40 99 16
41 41 0
41 42 0
41 43 0
41 44 0
41 45 0
41 46 0
41 47 0
41 48 0
41 49 0
41 50 18
41 51 6
41 52 17
41 53 10
41 54 10
41 55 11
41 56 13
41 57 15
41 58 17
41 59 0
41 60 1
41 61 8
41 62 10
41 63 19
41 64 13
41 65 6
41 66 7
41 67 15
41 68 12
41 69 9
41 70 15
41 71 13
41 72 9
41 73 6
41 74 8
41 75 17
41 76 10
41 77 15
41 78 5
41 79 1
41 80 7
41 81 17
41 82 8
41 83 12
41 84 16
41 85 14
41 86 12
41 87 1
41 88 8
41 89 19
41 90 10
41 91 16
41 92 1
41 93 2
41 94 17
41 95 1
41 96 0
41 97 13
41 98 5
41 99 6
42 42 0
42 43 0
42 44 0
42 45 0
42 46 0
42 47 0
42 48 0
42 49 0
42 50 9
42 51 12
42 52 3
42 53 11
42 54 2
42 55 12
42 56 4
42 57 0
42 58 10
42 59 3
42 60 8
42 61 2
42 62 1
42 63 17
42 64 18
42 65 6
42 66 1
42 67 11
42 68 13
42 69 5
42 70 7
42 71 15
42 72 10
42 73 17
42 74 1
42 75 3
42 76 4
42 77 11
42 78 17
42 79 16
42 80 10
42 81 2
42 82 0
42 83 9
42 84 15
42 85 3
42 86 8
42 87 15
42 88 15
42 89 1
42 90 6
42 91 12
42 92 19
42 93 4
42 94 11
42 95 8
42 96 16
42 97 8
42 98 1
42 99 10
43 43 0
43 44 0
43 45 0
43 46 0
43 47 0
43 48 0
43 49 0
43 50 19
43 51 5
43 52 10
43 53 8
43 54 16
43 55 3
43 56 15
43 57 19
43 58 9
43 59 18
43 60 12
43 61 16
43 62 9
43 63 8
43 64 11
43 65 12
43 66 7
43 67 14
43 68 12
43 69 3
43 70 13
43 71 15
43 72 18
43 73 3
43 74 19
43 75 10
43 76 17
43 77 9
43 78 2
43 79 2
43 80 7
43 81 13
43 82 4
43 83 13
43 84 14
43 85 8
43 86 17
43 87 9
43 88 7
43 89 14
43 90 19
43 91 4
43 92 10
43 93 3
43 94 16
43 95 18
43 96 0
43 97 15
43 98 7
43 99 18
44 44 0
44 45 0
44 46 0
44 47 0
44 48 0
44 49 0
44 50 18
44 51 6
44 52 6
44 53 3
44 54 2
44 55 0
44 56 9
44 57 0
44 58 16
44 59 1
44 60 16
44 61 17
44 62 9
44 63 2
44 64 8
44 65 8
44 66 12
44 67 15
44 68 1
44 69 8
44 70 15
44 71 1
44 72 8
44 73 2
44 74 11
44 75 3
44 76 0
44 77 4
44 78 6
44 79 0
44 80 8
44 81 19
44 82 6
44 83 4
44 84 18
44 85 3
44 86 19
44 87 18
44 88 19
44 89 17
44 90 13
44 91 13
44 92 19
44 93 19
44 94 16
44 95 8
44 96 19
44 97 6
44 98 13
44 99 8
45 45 0
45 46 0
45 47 0
45 48 0
45 49 0
45 50 13
45 51 16
45 52 19
45 53 3
45 54 16
45 55 15
45 56 8
45 57 16
45 58 12
45 59 2
45 60 4
45 61 8
45 62 15
45 63 4
45 64 2
45 65 15
45 66 8
45 67 13
45 68 19
45 69 4
45 70 15
45 71 1
45 72 4
45 73 16
45 74 11
45 75 17
45 76 17
45 77 4
45 78 13
45 79 8
45 80 11
45 81 9
45 82 11
45 83 4
45 84 10
45 85 1
45 86 5
45 87 18
45 88 10
45 89 11
45 90 2
45 91 8
45 92 18
45 93 8
45 94 7
45 95 18
45 96 14
45 97 9
45 98 18
45 99 6
46 46 0
46 47 0
46 48 0
46 49 0
46 50 9
46 51 13
46 52 6
46 53 15
46 54 1
46 55 17
46 56 5
46 57 16
46 58 11
46 59 11
46 60 1
46 61 0
46 62 1
46 63 3
46 64 15
46 65 13
46 66 10
46 67 4
46 68 0
46 69 13
46 70 17
46 71 2
46 72 1
46 73 17
46 74 3
46 75 6
46 76 14
46 77 13
46 78 12
46 79 11
46 80 11
46 81 16
46 82 9
46 83 18
46 84 16
46 85 19
46 86 9
46 87 10
46 88 16
46 89 5
46 90 6
46 91 15
46 92 10
46 93 7
46 94 0
46 95 7
46 96 15
46 97 17
46 98 11
46 99 17
47 47 0
47 48 0
47 49 0
47 50 15
47 51 8
47 52 16
47 53 17
47 54 15
47 55 8
47 56 4
47 57 10
47 58 10
47 59 1
47 60 12
47 61 13
47 62 19
47 63 14
47 64 19
47 65 11
47 66 7
47 67 5
47 68 1
47 69 13
47 70 17
47 71 4
47 72 8
47 73 2
47 74 11
47 75 1
47 76 2
47 77 3
47 78 6
47 79 15
47 80 8
47 81 1
47 82 19
47 83 18
47 84 0
47 85 2
47 86 13
47 87 0
47 88 9
47 89 8
47 90 0
47 91 16
47 92 6
47 93 1
47 94 2
47 95 1
47 96 17
47 97 14
47 98 9
47 99 5
48 48 0
48 49 0
48 50 1
48 51 19
48 52 12
48 53 6
48 54 7
48 55 9
48 56 15
48 57 14
48 58 11
48 59 2
48 60 0
48 61 14
48 62 3
48 63 19
48 64 8
48 65 5
48 66 2
48 67 15
48 68 16
48 69 10
48 70 12
48 71 3
48 72 0
48 73 8
48 74 3
48 75 11
48 76 0
48 77 9
48 78 4
48 79 15
48 80 9
48 81 1
48 82 2
48 83 17
48 84 2
48 85 1
48 86 19
48 87 8
48 88 14
48 89 6
48 90 5
48 91 2
48 92 16
48 93 1
48 94 9
48 95 17
48 96 11
48 97 9
48 98 5
48 99 9
49 49 0
49 50 15
49 51 14
49 52 7
49 53 11
49 54 10
49 55 19
49 56 16
49 57 2
49 58 3
49 59 8
49 60 13
49 61 18
49 62 3
49 63 14
49 64 6
49 65 13
49 66 1
49 67 4
49 68 9
49 69 18
49 70 11
49 71 17
49 72 13
49 73 13
49 74 10
49 75 5
49 76 11
49 77 17
49 78 10
49 79 13
49 80 12
49 81 12
49 82 15
49 83 8
49 84 0
49 85 3
49 86 12
49 87 11
49 88 5
49 89 0
49 90 12
49 91 8
49 92 19
49 93 15
49 94 7
49 95 5
49 96 6
49 97 5
49 98 1
49 99 10
50 50 0
50 51 0
50 52 0
50 53 0
50 54 0
50 55 0
50 56 0
50 57 0
50 58 0
50 59 0
50 60 3
50 61 11
50 62 4
50 63 14
50 64 0
50 65 7
50 66 8
50 67 13
50 68 7
50 69 9
50 70 14
50 71 6
50 72 13
50 73 7
50 74 2
50 75 9
50 76 19
50 77 10
50 78 0
50 79 8
50 80 17
50 81 8
50 82 19
50 83 13
50 84 5
50 85 16
50 86 16
50 87 9
50 88 9
50 89 18
50 90 0
50 91 0
50 92 6
50 93 0
50 94 2
50 95 7
50 96 14
50 97 5
50 98 0
50 99 9
51 51 0
51 52 0
51 53 0
51 54 0
51 55 0
51 56 0
51 57 0
51 58 0
51 59 0
51 60 2
51 61 8
51 62 8
51 63 12
51 64 10
51 65 10
51 66 11
51 67 1
51 68 12
51 69 15
51 70 3
51 71 16
51 72 5
51 73 0
51 74 1
51 75 10
51 76 19
51 77 4
51 78 11
51 79 16
51 80 11
51 81 15
51 82 4
51 83 4
51 84 9
51 85 6
51 86 1
51 87 5
51 88 16
51 89 5
51 90 3
51 91 0
51 92 4
51 93 17
51 94 12
51 95 14
51 96 8
51 97 7
51 98 12
51 99 19
52 52 0
52 53 0
52 54 0
52 55 0
52 56 0
52 57 0
52 58 0
52 59 0
52 60 8
52 61 9
52 62 15
52 63 2
52 64 13
52 65 2
52 66 5
52 67 10
52 68 10
52 69 3
52 70 4
52 71 18
52 72 18
52 73 11
52 74 17
52 75 10
52 76 2
52 77 1
52 78 12
52 79 19
52 80 15
52 81 7
52 82 10
52 83 12
52 84 15
52 85 14
52 86 3
52 87 9
52 88 15
52 89 1
52 90 10
52 91 14
52 92 11
52 93 1
52 94 3
52 95 13
52 96 10
52 97 4
52 98 3
52 99 9
53 53 0
53 54 0
53 55 0
53 56 0
53 57 0
53 58 0
53 59 0
53 60 16
53 61 7
53 62 8
53 63 17
53 64 19
53 65 16
53 66 8
53 67 7
53 68 13
53 69 19
53 70 1
53 71 5
53 72 16
53 73 8
53 74 7
53 75 8
53 76 6
53 77 19
53 78 10
53 79 17
53 80 13
53 81 3
53 82 0
53 83 3
53 84 5
53 85 2
53 86 15
53 87 19
53 88 10
53 89 9
53 90 12
53 91 12
53 92 6
53 93 1
53 94 0
53 95 7
53 96 9
53 97 3
53 98 16
53 99 1
54 54 0
54 55 0
54 56 0
54 57 0
54 58 0
54 59 0
54 60 9
54 61 16
54 62 3
54 63 4
54 64 17
54 65 1
54 66 7
54 67 10
54 68 8
54 69 17
54 70 10
54 71 14
54 72 17
54 73 10
54 74 8
54 75 2
54 76 12
54 77 15
54 78 13
54 79 1
54 80 18
54 81 9
54 82 12
54 83 18
54 84 18
54 85 5
54 86 19
54 87 0
54 88 8
54 89 19
54 90 0
54 91 19
54 92 17
54 93 18
54 94 9
54 95 14
54 96 18
54 97 8
54 98 19
54 99 17
55 55 0
55 56 0
55 57 0
55 58 0
55 59 0
55 60 13
55 61 18
55 62 7
55 63 18
55 64 19
55 65 17
55 66 19
55 67 7
55 68 17
55 69 10
55 70 7
55 71 5
55 72 2
55 73 7
55 74 11
55 75 11
55 76 11
55 77 13
55 78 1
55 79 17
55 80 14
55 81 11
55 82 4
55 83 6
55 84 11
55 85 19
55 86 5
55 87 5
55 88 3
55 89 7
55 90 7
55 91 6
55 92 12
55 93 16
55 94 15
55 95 18
55 96 5
55 97 6
55 98 5
55 99 6
56 56 0
56 57 0
56 58 0
56 59 0
56 60 10
56 61 7
56 62 1
56 63 19
56 64 3
56 65 10
56 66 4
56 67 14
56 68 15
56 69 1
56 70 18
56 71 3
56 72 10
56 73 19
56 74 19
56 75 9
56 76 17
56 77 12
56 78 1
56 79 13
56 80 0
56 81 12
56 82 7
56 83 18
56 84 13
56 85 7
56 86 6
56 87 1
56 88 0
56 89 2
56 90 15
56 91 19
56 92 12
56 93 1
56 94 11
56 95 14
56 96 14
56 97 9
56 98 15
56 99 12
57 57 0
57 58 0
57 59 0
57 60 6
57 61 16
57 62 4
57 63 16
57 64 3
57 65 0
57 66 9
57 67 9
57 68 5
57 69 5
57 70 5
57 71 9
57 72 18
57 73 19
57 74 14
57 75 16
57 76 7
57 77 5
57 78 15
57 79 2
57 80 8
57 81 5
57 82 18
57 83 1
57 84 1
57 85 18
57 86 7
57 87 3
57 88 11
57 89 13
57 90 7
57 91 0
57 92 5
57 93 13
57 94 15
57 95 1
57 96 13
57 97 14
57 98 18
57 99 13
58 58 0
58 59 0
58 60 5
58 61 12
58 62 11
58 63 7
58 64 5
58 65 7
58 66 17
58 67 13
58 68 17
58 69 11
58 70 19
58 71 10
58 72 11
58 73 5
58 74 1
58 75 11
58 76 1
58 77 15
58 78 11
58 79 14
58 80 0
58 81 3
58 82 12
58 83 19
58 84 9
58 85 6
58 86 14
58 87 12
58 88 17
58 89 8
58 90 3
58 91 13
58 92 17
58 93 16
58 94 15
58 95 10
58 96 5
58 97 10
58 98 1
58 99 18
59 59 0
59 60 7
59 61 5
59 62 7
59 63 12
59 64 4
59 65 7
59 66 19
59 67 14
59 68 7
59 69 0
59 70 18
59 71 5
59 72 18
59 73 15
59 74 17
59 75 16
59 76 8
59 77 0
59 78 5
59 79 6
59 80 18
59 81 12
59 82 3
59 83 9
59 84 5
59 85 16
59 86 13
59 87 12
59 88 15
59 89 12
59 90 16
59 91 3
59 92 13
59 93 2
59 94 0
59 95 7
59 96 19
59 97 1
59 98 12
59 99 18
60 60 0
60 61 0
60 62 0
60 63 0
60 64 0
60 65 0
60 66 0
60 67 0
60 68 0
60 69 0
60 70 17
60 71 19
60 72 18
60 73 4
60 74 9
60 75 0
60 76 19
60 77 13
60 78 6
60 79 13
60 80 1
60 81 0
60 82 8
60 83 5
60 84 15
60 85 1
60 86 18
60 87 6
60 88 3
60 89 6
60 90 6
60 91 16
60 92 8
60 93 1
60 94 13
60 95 1
60 96 16
60 97 16
60 98 15
60 99 0
61 61 0
61 62 0
61 63 0
61 64 0
61 65 0
61 66 0
61 67 0
61 68 0
61 69 0
61 70 14
61 71 13
61 72 16
61 73 5
61 74 12
61 75 14
61 76 12
61 77 3
61 78 6
61 79 3
61 80 3
61 81 15
61 82 2
61 83 1
61 84 7
61 85 17
61 86 14
61 87 7
61 88 13
61 89 2
61 90 12
61 91 2
61 92 2
61 93 17
61 94 7
61 95 19
61 96 9
61 97 15
61 98 3
61 99 10
62 62 0
62 63 0
62 64 0
62 65 0
62 66 0
62 67 0
62 68 0
62 69 0
62 70 18
62 71 16
62 72 14
62 73 14
62 74 2
62 75 1
62 76 15
62 77 2
62 78 2
62 79 16
62 80 9
62 81 16
62 82 17
62 83 8
62 84 7
62 85 7
62 86 9
62 87 6
62 88 8
62 89 16
62 90 16
62 91 2
62 92 7
62 93 12
62 94 16
62 95 19
62 96 6
62 97 7
62 98 13
62 99 17
63 63 0
63 64 0
63 65 0
63 66 0
63 67 0
63 68 0
63 69 0
63 70 2
63 71 3
63 72 2
63 73 16
63 74 17
63 75 18
63 76 17
63 77 14
63 78 12
63 79 16
63 80 15
63 81 4
63 82 12
63 83 19
63 84 12
63 85 14
63 86 17
63 87 10
63 88 5
63 89 6
63 90 14
63 91 12
63 92 13
63 93 1
63 94 15
63 95 10
63 96 7
63 97 9
63 98 10
63 99 4
64 64 0
64 65 0
64 66 0
64 67 0
64 68 0
64 69 0
64 70 0
64 71 2
64 72 13
64 73 4
64 74 18
64 75 15
64 76 14
64 77 14
64 78 10
64 79 16
64 80 11
64 81 19
64 82 3
64 83 7
64 84 8
64 85 17
64 86 2
64 87 9
64 88 19
64 89 17
64 90 1
64 91 11
64 92 19
64 93 10
64 94 0
64 95 14
64 96 2
64 97 11
64 98 6
64 99 11
65 65 0
65 66 0
65 67 0
65 68 0
65 69 0
65 70 1
65 71 16
65 72 6
65 73 16
65 74 18
65 75 15
65 76 13
65 77 13
65 78 9
65 79 10
65 80 15
65 81 6
65 82 3
65 83 18
65 84 14
65 85 14
65 86 4
65 87 2
65 88 3
65 89 8
65 90 7
65 91 7
65 92 7
65 93 6
65 94 9
65 95 12
65 96 11
65 97 19
65 98 6
65 99 11
66 66 0
66 67 0
66 68 0
66 69 0
66 70 7
66 71 2
66 72 16
66 73 19
66 74 18
66 75 18
66 76 6
66 77 2
66 78 13
66 79 17
66 80 18
66 81 15
66 82 5
66 83 6
66 84 19
66 85 6
66 86 5
66 87 0
66 88 8
66 89 2
66 90 3
66 91 16
66 92 6
66 93 11
66 94 12
66 95 5
66 96 12
66 97 1
66 98 19
66 99 19
67 67 0
67 68 0
67 69 0
67 70 9
67 71 17
67 72 9
67 73 10
67 74 9
67 75 6
67 76 12
67 77 18
67 78 10
67 79 12
67 80 9
67 81 12
67 82 4
67 83 9
67 84 5
67 85 5
67 86 11
67 87 1
67 88 0
67 89 1
67 90 10
67 91 6
67 92 8
67 93 10
67 94 8
67 95 14
67 96 16
67 97 17
67 98 0
67 99 9
68 68 0
68 69 0
68 70 13
68 71 1
68 72 7
68 73 0
68 74 11
68 75 14
68 76 18
68 77 7
68 78 6
68 79 10
68 80 5
68 81 18
68 82 7
68 83 5
68 84 11
68 85 8
68 86 3
68 87 14
68 88 5
68 89 4
68 90 9
68 91 0
68 92 6
68 93 5
68 94 8
68 95 6
68 96 4
68 97 8
68 98 18
68 99 9
69 69 0
69 70 3
69 71 6
69 72 4
69 73 6
69 74 14
69 75 15
69 76 1
69 77 14
69 78 6
69 79 12
69 80 13
69 81 18
69 82 19
69 83 0
69 84 19
69 85 6
69 86 18
69 87 5
69 88 7
69 89 14
69 90 13
69 91 12
69 92 1
69 93 8
69 94 6
69 95 10
69 96 8
69 97 11
69 98 3
69 99 7
70 70 0
70 71 0
70 72 0
70 73 0
70 74 0
70 75 0
70 76 0
70 77 0
70 78 0
70 79 0
70 80 18
70 81 14
70 82 0
70 83 1
70 84 16
70 85 12
70 86 3
70 87 18
70 88 13
70 89 11
70 90 0
70 91 13
70 92 9
70 93 1
70 94 1
70 95 8
70 96 6
70 97 7
70 98 19
70 99 17
71 71 0
71 72 0
71 73 0
71 74 0
71 75 0
71 76 0
71 77 0
71 78 0
71 79 0
71 80 5
71 81 14
71 82 14
71 83 1
71 84 1
71 85 4
71 86 19
71 87 1
71 88 14
71 89 16
71 90 3
71 91 10
71 92 19
71 93 17
71 94 9
71 95 7
71 96 16
71 97 13
71 98 2
71 99 9
72 72 0
72 73 0
72 74 0
72 75 0
72 76 0
72 77 0
72 78 0
72 79 0
72 80 17
72 81 1
72 82 18
72 83 0
72 84 16
72 85 0
72 86 0
72 87 17
72 88 4
72 89 1
72 90 12
72 91 17
72 92 5
72 93 6
72 94 17
72 95 4
72 96 5
72 97 4
72 98 2
72 99 6
73 73 0
73 74 0
73 75 0
73 76 0
73 77 0
73 78 0
73 79 0
73 80 15
73 81 8
73 82 15
73 83 6
73 84 12
73 85 2
73 86 5
73 87 18
73 88 5
73 89 5
73 90 11
73 91 17
73 92 6
73 93 5
73 94 3
73 95 8
73 96 14
73 97 2
73 98 3
73 99 9
74 74 0
74 75 0
74 76 0
74 77 0
74 78 0
74 79 0
74 80 9
74 81 6
74 82 5
74 83 17
74 84 14
74 85 3
74 86 4
74 87 16
74 88 10
74 89 4
74 90 14
74 91 9
74 92 12
74 93 17
74 94 6
74 95 1
74 96 8
74 97 0
74 98 19
74 99 12
75 75 0
75 76 0
75 77 0
75 78 0
75 79 0
75 80 9
75 81 19
75 82 18
75 83 6
75 84 7
75 85 9
75 86 9
75 87 0
75 88 3
75 89 13
75 90 9
75 91 16
75 92 18
75 93 13
75 94 7
75 95 19
75 96 18
75 97 12
75 98 3
75 99 1
76 76 0
76 77 0
76 78 0
76 79 0
76 80 12
76 81 8
76 82 9
76 83 0
76 84 16
76 85 12
76 86 2
76 87 8
76 88 16
76 89 19
76 90 5
76 91 18
76 92 7
76 93 3
76 94 16
76 95 18
76 96 3
76 97 16
76 98 0
76 99 10
77 77 0
77 78 0
77 79 0
77 80 14
77 81 13
77 82 14
77 83 0
77 84 0
77 85 7
77 86 15
77 87 6
77 88 14
77 89 9
77 90 11
77 91 2
77 92 6
77 93 2
77 94 5
77 95 13
77 96 16
77 97 16
77 98 10
77 99 17
78 78 0
78 79 0
78 80 3
78 81 5
78 82 11
78 83 13
78 84 3
78 85 1
78 86 16
78 87 4
78 88 11
78 89 8
78 90 14
78 91 19
78 92 8
78 93 9
78 94 6
78 95 6
78 96 10
78 97 9
78 98 11
78 99 6
79 79 0
79 80 12
79 81 17
79 82 0
79 83 11
79 84 0
79 85 6
79 86 19
79 87 2
79 88 17
79 89 4
79 90 11
79 91 8
79 92 18
79 93 4
79 94 1
79 95 3
79 96 0
79 97 10
79 98 6
79 99 11
80 80 0
80 81 0
80 82 0
80 83 0
80 84 0
80 85 0
80 86 0
80 87 0
80 88 0
80 89 0
80 90 17
80 91 8
80 92 15
80 93 1
80 94 1
80 95 7
80 96 5
80 97 13
80 98 16
80 99 10
81 81 0
81 82 0
81 83 0
81 84 0
81 85 0
81 86 0
81 87 0
81 88 0
81 89 0
81 90 17
81 91 16
81 92 12
81 93 1
81 94 15
81 95 16
81 96 11
81 97 7
81 98 6
81 99 15
82 82 0
82 83 0
82 84 0
82 85 0
82 86 0
82 87 0
82 88 0
82 89 0
82 90 5
82 91 7
82 92 12
82 93 2
82 94 11
82 95 3
82 96 17
82 97 12
82 98 17
82 99 2
83 83 0
83 84 0
83 85 0
83 86 0
83 87 0
83 88 0
83 89 0
83 90 3
83 91 2
83 92 7
83 93 17
83 94 9
83 95 7
83 96 2
83 97 1
83 98 12
83 99 6
84 84 0
84 85 0
84 86 0
84 87 0
84 88 0
84 89 0
84 90 7
84 91 11
84 92 15
84 93 0
84 94 13
84 95 12
84 96 7
84 97 16
84 98 8
84 99 16
85 85 0
85 86 0
85 87 0
85 88 0
85 89 0
85 90 7
85 91 5
85 92 10
85 93 11
85 94 15
85 95 4
85 96 1
85 97 7
85 98 8
85 99 11
86 86 0
86 87 0
86 88 0
86 89 0
86 90 12
86 91 5
86 92 15
86 93 17
86 94 7
86 95 7
86 96 6
86 97 7
86 98 6
86 99 19
87 87 0
87 88 0
87 89 0
87 90 16
87 91 5
87 92 9
87 93 11
87 94 10
87 95 11
87 96 10
87 97 9
87 98 16
87 99 19
88 88 0
88 89 0
88 90 16
88 91 5
88 92 1
88 93 16
88 94 0
88 95 13
88 96 11
88 97 4
88 98 8
88 99 9
89 89 0
89 90 0
89 91 7
89 92 4
89 93 1
89 94 10
89 95 16
89 96 16
89 97 8
89 98 2
89 99 1
90 90 0
90 91 0
90 92 0
90 93 0
90 94 0
90 95 0
90 96 0
90 97 0
90 98 0
90 99 0
91 91 0
91 92 0
91 93 0
91 94 0
91 95 0
91 96 0
91 97 0
91 98 0
91 99 0
92 92 0
92 93 0
92 94 0
92 95 0
92 96 0
92 97 0
92 98 0
92 99 0
93 93 0
93 94 0
93 95 0
93 96 0
93 97 0
93 98 0
93 99 0
94 94 0
94 95 0
94 96 0
94 97 0
94 98 0
94 99 0
95 95 0
95 96 0
95 97 0
95 98 0
95 99 0
96 96 0
96 97 0
96 98 0
96 99 0
97 97 0
97 98 0
97 99 0
98 98 0
98 99 0
99 99 0
