20
5
5
6
8
4
9
7
4
6
5
3
4
4
5
7
5
5
9
7
7
0 0 0
0 1 0
0 2 0
0 3 0
0 4 0
0 5 7
0 6 15
0 7 2
0 8 11
0 9 7
0 10 11
0 11 -3
0 12 12
0 13 12
0 14 5
0 15 4
0 16 11
0 17 1
0 18 5
0 19 8
0 20 9
0 21 8
0 22 12
0 23 6
0 24 -1
0 25 6
0 26 9
0 27 11
0 28 16
0 29 14
0 30 11
0 31 7
0 32 15
0 33 14
0 34 14
0 35 12
0 36 27
0 37 10
0 38 8
0 39 0
0 40 13
0 41 9
0 42 8
0 43 4
0 44 6
0 45 7
0 46 9
0 47 11
0 48 12
0 49 13
0 50 10
0 51 15
0 52 9
0 53 5
0 54 6
0 55 16
0 56 4
0 57 15
0 58 17
0 59 20
0 60 12
0 61 17
0 62 20
0 63 10
0 64 12
0 65 4
0 66 13
0 67 13
0 68 9
0 69 10
0 70 5
0 71 8
0 72 9
0 73 7
0 74 7
0 75 10
0 76 20
0 77 14
0 78 5
0 79 13
0 80 15
0 81 16
0 82 6
0 83 10
0 84 6
0 85 9
0 86 12
0 87 14
0 88 15
0 89 3
0 90 13
0 91 10
0 92 14
0 93 9
0 94 12
0 95 4
0 96 11
0 97 2
0 98 6
0 99 13
0 100 14
0 101 6
0 102 14
0 103 7
0 104 16
0 105 13
0 106 -2
0 107 5
0 108 23
0 109 10
0 110 5
0 111 14
0 112 6
0 113 9
0 114 21
1 1 0
1 2 0
1 3 0
1 4 0
1 5 17
1 6 11
1 7 6
1 8 11
1 9 7
1 10 6
1 11 10
1 12 10
1 13 9
1 14 12
1 15 10
1 16 16
1 17 11
1 18 18
1 19 14
1 20 17
1 21 6
1 22 7
1 23 9
1 24 4
1 25 9
1 26 5
1 27 7
1 28 15
1 29 8
1 30 -4
1 31 20
1 32 6
1 33 12
1 34 16
1 35 3
1 36 7
1 37 13
1 38 10
1 39 8
1 40 8
1 41 3
1 42 11
1 43 7
1 44 16
1 45 4
1 46 12
1 47 10
1 48 0
1 49 15
1 50 19
1 51 22
1 52 6
1 53 8
1 54 11
1 55 7
1 56 10
1 57 21
1 58 10
1 59 8
1 60 7
1 61 9
1 62 -1
1 63 5
1 64 16
1 65 9
1 66 12
1 67 11
1 68 3
1 69 -2
1 70 13
1 71 9
1 72 2
1 73 12
1 74 14
1 75 12
1 76 12
1 77 11
1 78 7
1 79 13
1 80 11
1 81 7
1 82 9
1 83 9
1 84 12
1 85 6
1 86 7
1 87 16
1 88 4
1 89 7
1 90 3
1 91 19
1 92 3
1 93 4
1 94 11
1 95 6
1 96 14
1 97 9
1 98 1
1 99 15
1 100 13
1 101 6
1 102 12
1 103 8
1 104 15
1 105 6
1 106 14
1 107 11
1 108 8
1 109 9
1 110 8
1 111 5
1 112 19
1 113 7
1 114 12
2 2 0
2 3 0
2 4 0
2 5 9
2 6 0
2 7 7
2 8 5
2 9 2
2 10 21
2 11 6
2 12 19
2 13 8
2 14 13
2 15 8
2 16 10
2 17 15
2 18 19
2 19 12
2 20 5
2 21 15
2 22 4
2 23 18
2 24 11
2 25 6
2 26 11
2 27 0
2 28 6
2 29 2
2 30 6
2 31 6
2 32 17
2 33 14
2 34 22
2 35 6
2 36 16
2 37 3
2 38 13
2 39 6
2 40 22
2 41 8
2 42 1
2 43 8
2 44 17
2 45 12
2 46 6
2 47 9
2 48 2
2 49 9
2 50 15
2 51 20
2 52 14
2 53 19
2 54 7
2 55 4
2 56 5
2 57 9
2 58 16
2 59 7
2 60 9
2 61 11
2 62 9
2 63 8
2 64 19
2 65 10
2 66 12
2 67 7
2 68 7
2 69 8
2 70 14
2 71 17
2 72 7
2 73 1
2 74 24
2 75 14
2 76 10
2 77 9
2 78 3
2 79 -3
2 80 8
2 81 22
2 82 1
2 83 7
2 84 11
2 85 10
2 86 11
2 87 12
2 88 10
2 89 9
2 90 13
2 91 14
2 92 9
2 93 11
2 94 13
2 95 9
2 96 13
2 97 4
2 98 18
2 99 6
2 100 10
2 101 -3
2 102 17
2 103 8
2 104 1
2 105 8
2 106 19
2 107 8
2 108 8
2 109 6
2 110 15
2 111 6
2 112 7
2 113 12
2 114 2
3 3 0
3 4 0
3 5 8
3 6 -1
3 7 9
3 8 5
3 9 9
3 10 2
3 11 17
3 12 19
3 13 15
3 14 9
3 15 2
3 16 9
3 17 11
3 18 21
3 19 15
3 20 9
3 21 7
3 22 2
3 23 13
3 24 22
3 25 9
3 26 21
3 27 12
3 28 7
3 29 1
3 30 9
3 31 15
3 32 2
3 33 18
3 34 8
3 35 6
3 36 10
3 37 5
3 38 9
3 39 10
3 40 3
3 41 6
3 42 10
3 43 13
3 44 7
3 45 6
3 46 5
3 47 8
3 48 6
3 49 8
3 50 8
3 51 0
3 52 0
3 53 6
3 54 7
3 55 13
3 56 15
3 57 14
3 58 14
3 59 10
3 60 4
3 61 9
3 62 12
3 63 14
3 64 -2
3 65 13
3 66 12
3 67 4
3 68 3
3 69 10
3 70 3
3 71 12
3 72 10
3 73 4
3 74 14
3 75 1
3 76 7
3 77 12
3 78 1
3 79 6
3 80 13
3 81 17
3 82 19
3 83 -2
3 84 11
3 85 3
3 86 12
3 87 12
3 88 8
3 89 5
3 90 6
3 91 9
3 92 6
3 93 9
3 94 10
3 95 6
3 96 18
3 97 5
3 98 7
3 99 6
3 100 13
3 101 13
3 102 11
3 103 13
3 104 -4
3 105 13
3 106 22
3 107 15
3 108 7
3 109 15
3 110 15
3 111 4
3 112 6
3 113 10
3 114 4
4 4 0
4 5 11
4 6 12
4 7 8
4 8 11
4 9 16
4 10 12
4 11 13
4 12 9
4 13 12
4 14 12
4 15 7
4 16 18
4 17 11
4 18 12
4 19 7
4 20 12
4 21 7
4 22 6
4 23 16
4 24 3
4 25 -2
4 26 10
4 27 12
4 28 14
4 29 7
4 30 9
4 31 18
4 32 20
4 33 22
4 34 16
4 35 5
4 36 6
4 37 7
4 38 8
4 39 14
4 40 13
4 41 12
4 42 0
4 43 16
4 44 7
4 45 16
4 46 12
4 47 3
4 48 17
4 49 16
4 50 17
4 51 16
4 52 13
4 53 13
4 54 1
4 55 9
4 56 9
4 57 5
4 58 13
4 59 3
4 60 10
4 61 -2
4 62 11
4 63 14
4 64 9
4 65 7
4 66 7
4 67 14
4 68 11
4 69 14
4 70 7
4 71 6
4 72 18
4 73 13
4 74 6
4 75 6
4 76 13
4 77 3
4 78 11
4 79 9
4 80 8
4 81 10
4 82 7
4 83 5
4 84 11
4 85 7
4 86 18
4 87 12
4 88 9
4 89 17
4 90 14
4 91 17
4 92 13
4 93 13
4 94 13
4 95 9
4 96 17
4 97 7
4 98 10
4 99 10
4 100 3
4 101 12
4 102 12
4 103 15
4 104 12
4 105 7
4 106 13
4 107 7
4 108 11
4 109 14
4 110 13
4 111 15
4 112 15
4 113 6
4 114 12
5 5 0
5 6 0
5 7 0
5 8 0
5 9 0
5 10 -3
5 11 14
5 12 16
5 13 13
5 14 -1
5 15 8
5 16 14
5 17 16
5 18 10
5 19 8
5 20 16
5 21 7
5 22 14
5 23 12
5 24 18
5 25 14
5 26 15
5 27 14
5 28 15
5 29 11
5 30 13
5 31 4
5 32 12
5 33 11
5 34 7
5 35 10
5 36 8
5 37 8
5 38 14
5 39 10
5 40 2
5 41 9
5 42 11
5 43 19
5 44 16
5 45 8
5 46 8
5 47 4
5 48 6
5 49 9
5 50 2
5 51 11
5 52 11
5 53 11
5 54 6
5 55 16
5 56 9
5 57 15
5 58 7
5 59 5
5 60 5
5 61 7
5 62 7
5 63 8
5 64 15
5 65 9
5 66 0
5 67 12
5 68 1
5 69 16
5 70 8
5 71 10
5 72 14
5 73 11
5 74 9
5 75 6
5 76 10
5 77 8
5 78 12
5 79 17
5 80 1
5 81 6
5 82 13
5 83 10
5 84 3
5 85 14
5 86 7
5 87 6
5 88 16
5 89 3
5 90 14
5 91 20
5 92 20
5 93 8
5 94 10
5 95 11
5 96 4
5 97 14
5 98 19
5 99 6
5 100 11
5 101 13
5 102 2
5 103 7
5 104 6
5 105 10
5 106 8
5 107 7
5 108 10
5 109 13
5 110 15
5 111 6
5 112 11
5 113 8
5 114 9
6 6 0
6 7 0
6 8 0
6 9 0
6 10 9
6 11 19
6 12 8
6 13 7
6 14 6
6 15 16
6 16 12
6 17 9
6 18 1
6 19 11
6 20 6
6 21 9
6 22 12
6 23 12
6 24 11
6 25 15
6 26 14
6 27 -1
6 28 11
6 29 10
6 30 17
6 31 5
6 32 9
6 33 13
6 34 15
6 35 19
6 36 12
6 37 12
6 38 12
6 39 9
6 40 2
6 41 14
6 42 9
6 43 9
6 44 7
6 45 10
6 46 9
6 47 16
6 48 8
6 49 14
6 50 13
6 51 10
6 52 17
6 53 7
6 54 11
6 55 13
6 56 14
6 57 11
6 58 8
6 59 10
6 60 7
6 61 12
6 62 13
6 63 13
6 64 8
6 65 3
6 66 -1
6 67 11
6 68 2
6 69 6
6 70 16
6 71 1
6 72 17
6 73 9
6 74 6
6 75 5
6 76 7
6 77 17
6 78 13
6 79 5
6 80 8
6 81 8
6 82 14
6 83 1
6 84 10
6 85 4
6 86 9
6 87 11
6 88 5
6 89 13
6 90 4
6 91 4
6 92 13
6 93 8
6 94 9
6 95 5
6 96 16
6 97 8
6 98 3
6 99 13
6 100 13
6 101 16
6 102 14
6 103 6
6 104 11
6 105 6
6 106 12
6 107 11
6 108 15
6 109 11
6 110 9
6 111 10
6 112 8
6 113 2
6 114 13
7 7 0
7 8 0
7 9 0
7 10 14
7 11 6
7 12 5
7 13 9
7 14 15
7 15 11
7 16 5
7 17 8
7 18 12
7 19 13
7 20 7
7 21 9
7 22 15
7 23 10
7 24 8
7 25 1
7 26 15
7 27 12
7 28 3
7 29 3
7 30 6
7 31 9
7 32 13
7 33 9
7 34 14
7 35 3
7 36 4
7 37 7
7 38 5
7 39 4
7 40 10
7 41 5
7 42 10
7 43 13
7 44 15
7 45 8
7 46 20
7 47 10
7 48 11
7 49 17
7 50 9
7 51 11
7 52 6
7 53 18
7 54 7
7 55 5
7 56 5
7 57 14
7 58 6
7 59 4
7 60 12
7 61 10
7 62 12
7 63 6
7 64 15
7 65 9
7 66 9
7 67 4
7 68 14
7 69 13
7 70 8
7 71 14
7 72 16
7 73 14
7 74 8
7 75 15
7 76 16
7 77 16
7 78 8
7 79 10
7 80 14
7 81 13
7 82 16
7 83 5
7 84 15
7 85 13
7 86 22
7 87 1
7 88 9
7 89 12
7 90 12
7 91 6
7 92 2
7 93 5
7 94 12
7 95 3
7 96 11
7 97 5
7 98 16
7 99 9
7 100 13
7 101 7
7 102 13
7 103 14
7 104 5
7 105 12
7 106 17
7 107 9
7 108 9
7 109 16
7 110 5
7 111 5
7 112 10
7 113 9
7 114 6
8 8 0
8 9 0
8 10 7
8 11 12
8 12 16
8 13 13
8 14 5
8 15 21
8 16 6
8 17 20
8 18 3
8 19 4
8 20 10
8 21 13
8 22 10
8 23 12
8 24 15
8 25 9
8 26 10
8 27 11
8 28 5
8 29 10
8 30 23
8 31 12
8 32 13
8 33 14
8 34 3
8 35 7
8 36 12
8 37 8
8 38 20
8 39 8
8 40 19
8 41 6
8 42 10
8 43 5
8 44 11
8 45 9
8 46 9
8 47 11
8 48 10
8 49 10
8 50 16
8 51 12
8 52 7
8 53 4
8 54 14
8 55 14
8 56 4
8 57 6
8 58 9
8 59 7
8 60 13
8 61 13
8 62 15
8 63 4
8 64 18
8 65 9
8 66 7
8 67 7
8 68 10
8 69 5
8 70 6
8 71 12
8 72 11
8 73 11
8 74 7
8 75 10
8 76 7
8 77 7
8 78 11
8 79 6
8 80 17
8 81 15
8 82 14
8 83 5
8 84 8
8 85 10
8 86 5
8 87 17
8 88 11
8 89 7
8 90 7
8 91 14
8 92 9
8 93 11
8 94 13
8 95 9
8 96 13
8 97 7
8 98 20
8 99 8
8 100 11
8 101 17
8 102 12
8 103 15
8 104 7
8 105 4
8 106 13
8 107 7
8 108 16
8 109 19
8 110 10
8 111 7
8 112 7
8 113 7
8 114 0
9 9 0
9 10 8
9 11 11
9 12 12
9 13 6
9 14 16
9 15 21
9 16 14
9 17 4
9 18 5
9 19 12
9 20 15
9 21 7
9 22 8
9 23 13
9 24 16
9 25 9
9 26 6
9 27 15
9 28 6
9 29 17
9 30 9
9 31 15
9 32 12
9 33 11
9 34 13
9 35 11
9 36 6
9 37 8
9 38 17
9 39 17
9 40 10
9 41 3
9 42 16
9 43 6
9 44 8
9 45 13
9 46 15
9 47 9
9 48 11
9 49 17
9 50 16
9 51 13
9 52 15
9 53 11
9 54 13
9 55 10
9 56 16
9 57 17
9 58 15
9 59 11
9 60 4
9 61 12
9 62 9
9 63 11
9 64 8
9 65 10
9 66 15
9 67 1
9 68 5
9 69 16
9 70 3
9 71 7
9 72 21
9 73 11
9 74 11
9 75 12
9 76 9
9 77 8
9 78 6
9 79 17
9 80 5
9 81 11
9 82 11
9 83 3
9 84 9
9 85 3
9 86 4
9 87 11
9 88 7
9 89 2
9 90 8
9 91 16
9 92 8
9 93 9
9 94 8
9 95 18
9 96 9
9 97 11
9 98 1
9 99 15
9 100 4
9 101 13
9 102 16
9 103 10
9 104 9
9 105 13
9 106 18
9 107 1
9 108 18
9 109 23
9 110 13
9 111 11
9 112 13
9 113 11
9 114 12
10 10 0
10 11 0
10 12 0
10 13 0
10 14 0
10 15 0
10 16 8
10 17 14
10 18 11
10 19 11
10 20 9
10 21 14
10 22 13
10 23 2
10 24 6
10 25 8
10 26 11
10 27 9
10 28 10
10 29 9
10 30 8
10 31 5
10 32 11
10 33 7
10 34 6
10 35 18
10 36 7
10 37 14
10 38 4
10 39 16
10 40 19
10 41 9
10 42 13
10 43 12
10 44 11
10 45 12
10 46 17
10 47 16
10 48 9
10 49 15
10 50 6
10 51 13
10 52 6
10 53 15
10 54 5
10 55 5
10 56 8
10 57 14
10 58 -2
10 59 14
10 60 15
10 61 8
10 62 22
10 63 5
10 64 15
10 65 6
10 66 6
10 67 8
10 68 5
10 69 13
10 70 18
10 71 10
10 72 0
10 73 12
10 74 11
10 75 1
10 76 20
10 77 14
10 78 12
10 79 7
10 80 5
10 81 11
10 82 12
10 83 6
10 84 10
10 85 9
10 86 17
10 87 14
10 88 12
10 89 13
10 90 14
10 91 15
10 92 18
10 93 19
10 94 17
10 95 8
10 96 13
10 97 2
10 98 4
10 99 4
10 100 18
10 101 4
10 102 6
10 103 10
10 104 1
10 105 11
10 106 9
10 107 1
10 108 10
10 109 12
10 110 10
10 111 3
10 112 13
10 113 14
10 114 13
11 11 0
11 12 0
11 13 0
11 14 0
11 15 0
11 16 9
11 17 15
11 18 16
11 19 11
11 20 10
11 21 10
11 22 11
11 23 8
11 24 9
11 25 8
11 26 9
11 27 3
11 28 17
11 29 8
11 30 15
11 31 14
11 32 10
11 33 16
11 34 17
11 35 21
11 36 11
11 37 15
11 38 9
11 39 16
11 40 12
11 41 13
11 42 8
11 43 12
11 44 11
11 45 14
11 46 10
11 47 5
11 48 5
11 49 6
11 50 6
11 51 17
11 52 9
11 53 19
11 54 17
11 55 12
11 56 7
11 57 8
11 58 3
11 59 14
11 60 12
11 61 15
11 62 4
11 63 8
11 64 14
11 65 8
11 66 7
11 67 16
11 68 6
11 69 19
11 70 8
11 71 12
11 72 12
11 73 11
11 74 4
11 75 16
11 76 1
11 77 14
11 78 6
11 79 4
11 80 17
11 81 7
11 82 7
11 83 14
11 84 13
11 85 3
11 86 20
11 87 10
11 88 2
11 89 7
11 90 8
11 91 6
11 92 3
11 93 10
11 94 19
11 95 16
11 96 7
11 97 17
11 98 13
11 99 9
11 100 17
11 101 18
11 102 8
11 103 7
11 104 3
11 105 14
11 106 7
11 107 10
11 108 14
11 109 11
11 110 18
11 111 13
11 112 11
11 113 4
11 114 16
12 12 0
12 13 0
12 14 0
12 15 0
12 16 9
12 17 4
12 18 14
12 19 -5
12 20 8
12 21 7
12 22 10
12 23 12
12 24 7
12 25 -1
12 26 13
12 27 4
12 28 10
12 29 11
12 30 19
12 31 19
12 32 4
12 33 6
12 34 14
12 35 4
12 36 1
12 37 17
12 38 7
12 39 9
12 40 12
12 41 13
12 42 7
12 43 16
12 44 20
12 45 11
12 46 7
12 47 8
12 48 13
12 49 13
12 50 18
12 51 21
12 52 10
12 53 6
12 54 3
12 55 9
12 56 8
12 57 10
12 58 -4
12 59 17
12 60 2
12 61 3
12 62 19
12 63 7
12 64 20
12 65 8
12 66 18
12 67 12
12 68 4
12 69 13
12 70 13
12 71 11
12 72 13
12 73 8
12 74 16
12 75 8
12 76 10
12 77 17
12 78 11
12 79 7
12 80 13
12 81 14
12 82 9
12 83 13
12 84 16
12 85 7
12 86 10
12 87 10
12 88 17
12 89 4
12 90 23
12 91 13
12 92 0
12 93 12
12 94 8
12 95 12
12 96 -2
12 97 12
12 98 10
12 99 11
12 100 17
12 101 12
12 102 21
12 103 12
12 104 12
12 105 23
12 106 10
12 107 13
12 108 9
12 109 8
12 110 12
12 111 13
12 112 6
12 113 6
12 114 8
13 13 0
13 14 0
13 15 0
13 16 16
13 17 6
13 18 7
13 19 3
13 20 10
13 21 11
13 22 3
13 23 13
13 24 13
13 25 6
13 26 8
13 27 7
13 28 7
13 29 5
13 30 18
13 31 12
13 32 12
13 33 4
13 34 12
13 35 15
13 36 16
13 37 4
13 38 11
13 39 6
13 40 7
13 41 11
13 42 22
13 43 4
13 44 1
13 45 11
13 46 12
13 47 16
13 48 10
13 49 12
13 50 3
13 51 13
13 52 11
13 53 9
13 54 4
13 55 11
13 56 13
13 57 6
13 58 5
13 59 2
13 60 9
13 61 13
13 62 3
13 63 0
13 64 9
13 65 2
13 66 20
13 67 12
13 68 14
13 69 11
13 70 10
13 71 12
13 72 13
13 73 2
13 74 7
13 75 5
13 76 13
13 77 11
13 78 12
13 79 12
13 80 6
13 81 10
13 82 9
13 83 17
13 84 14
13 85 11
13 86 16
13 87 19
13 88 13
13 89 11
13 90 17
13 91 9
13 92 5
13 93 13
13 94 8
13 95 9
13 96 10
13 97 10
13 98 6
13 99 12
13 100 3
13 101 8
13 102 13
13 103 7
13 104 7
13 105 13
13 106 11
13 107 14
13 108 8
13 109 15
13 110 11
13 111 17
13 112 14
13 113 5
13 114 12
14 14 0
14 15 0
14 16 6
14 17 14
14 18 18
14 19 21
14 20 9
14 21 14
14 22 21
14 23 22
14 24 12
14 25 11
14 26 17
14 27 8
14 28 8
14 29 9
14 30 15
14 31 11
14 32 6
14 33 12
14 34 16
14 35 8
14 36 7
14 37 7
14 38 11
14 39 16
14 40 3
14 41 7
14 42 6
14 43 11
14 44 10
14 45 19
14 46 7
14 47 16
14 48 9
14 49 1
14 50 9
14 51 15
14 52 12
14 53 6
14 54 4
14 55 2
14 56 -6
14 57 0
14 58 3
14 59 4
14 60 7
14 61 11
14 62 11
14 63 7
14 64 -1
14 65 17
14 66 4
14 67 13
14 68 5
14 69 17
14 70 12
14 71 9
14 72 6
14 73 24
14 74 11
14 75 19
14 76 18
14 77 15
14 78 11
14 79 14
14 80 7
14 81 13
14 82 10
14 83 12
14 84 15
14 85 18
14 86 16
14 87 2
14 88 7
14 89 8
14 90 11
14 91 7
14 92 5
14 93 18
14 94 2
14 95 15
14 96 9
14 97 14
14 98 6
14 99 15
14 100 13
14 101 15
14 102 9
14 103 8
14 104 6
14 105 2
14 106 6
14 107 4
14 108 9
14 109 19
14 110 15
14 111 12
14 112 13
14 113 14
14 114 6
15 15 0
15 16 2
15 17 7
15 18 9
15 19 9
15 20 6
15 21 7
15 22 12
15 23 8
15 24 11
15 25 10
15 26 2
15 27 11
15 28 17
15 29 5
15 30 12
15 31 -1
15 32 19
15 33 11
15 34 4
15 35 15
15 36 18
15 37 5
15 38 16
15 39 9
15 40 7
15 41 14
15 42 7
15 43 17
15 44 7
15 45 7
15 46 14
15 47 4
15 48 7
15 49 3
15 50 14
15 51 11
15 52 17
15 53 18
15 54 9
15 55 10
15 56 1
15 57 5
15 58 12
15 59 12
15 60 9
15 61 17
15 62 14
15 63 6
15 64 16
15 65 8
15 66 13
15 67 14
15 68 8
15 69 6
15 70 12
15 71 6
15 72 12
15 73 15
15 74 8
15 75 4
15 76 8
15 77 15
15 78 13
15 79 19
15 80 11
15 81 12
15 82 13
15 83 9
15 84 8
15 85 1
15 86 9
15 87 8
15 88 7
15 89 14
15 90 -2
15 91 20
15 92 13
15 93 22
15 94 6
15 95 12
15 96 17
15 97 13
15 98 5
15 99 11
15 100 19
15 101 2
15 102 8
15 103 12
15 104 5
15 105 9
15 106 6
15 107 13
15 108 7
15 109 17
15 110 12
15 111 11
15 112 4
15 113 7
15 114 -3
16 16 0
16 17 0
16 18 0
16 19 0
16 20 0
16 21 0
16 22 0
16 23 0
16 24 7
16 25 19
16 26 13
16 27 10
16 28 17
16 29 19
16 30 7
16 31 18
16 32 23
16 33 9
16 34 14
16 35 22
16 36 14
16 37 2
16 38 6
16 39 12
16 40 10
16 41 0
16 42 9
16 43 7
16 44 6
16 45 12
16 46 16
16 47 6
16 48 5
16 49 11
16 50 5
16 51 1
16 52 13
16 53 20
16 54 11
16 55 10
16 56 18
16 57 -1
16 58 8
16 59 14
16 60 18
16 61 9
16 62 19
16 63 5
16 64 10
16 65 10
16 66 14
16 67 2
16 68 7
16 69 7
16 70 5
16 71 7
16 72 14
16 73 4
16 74 5
16 75 9
16 76 5
16 77 8
16 78 2
16 79 11
16 80 15
16 81 6
16 82 17
16 83 3
16 84 4
16 85 2
16 86 16
16 87 5
16 88 15
16 89 6
16 90 5
16 91 5
16 92 8
16 93 18
16 94 11
16 95 7
16 96 11
16 97 17
16 98 10
16 99 1
16 100 5
16 101 9
16 102 6
16 103 16
16 104 11
16 105 7
16 106 4
16 107 16
16 108 7
16 109 8
16 110 13
16 111 20
16 112 11
16 113 11
16 114 18
17 17 0
17 18 0
17 19 0
17 20 0
17 21 0
17 22 0
17 23 0
17 24 7
17 25 11
17 26 10
17 27 8
17 28 13
17 29 21
17 30 9
17 31 8
17 32 13
17 33 9
17 34 8
17 35 3
17 36 11
17 37 3
17 38 8
17 39 9
17 40 11
17 41 2
17 42 22
17 43 10
17 44 11
17 45 5
17 46 18
17 47 14
17 48 12
17 49 8
17 50 8
17 51 12
17 52 8
17 53 9
17 54 12
17 55 13
17 56 17
17 57 10
17 58 10
17 59 6
17 60 18
17 61 16
17 62 5
17 63 6
17 64 8
17 65 12
17 66 12
17 67 6
17 68 9
17 69 7
17 70 18
17 71 5
17 72 16
17 73 5
17 74 22
17 75 18
17 76 7
17 77 13
17 78 20
17 79 4
17 80 11
17 81 5
17 82 7
17 83 5
17 84 10
17 85 20
17 86 11
17 87 15
17 88 18
17 89 1
17 90 12
17 91 8
17 92 12
17 93 13
17 94 7
17 95 13
17 96 12
17 97 14
17 98 13
17 99 13
17 100 14
17 101 21
17 102 10
17 103 6
17 104 2
17 105 13
17 106 12
17 107 2
17 108 21
17 109 10
17 110 10
17 111 4
17 112 15
17 113 5
17 114 15
18 18 0
18 19 0
18 20 0
18 21 0
18 22 0
18 23 0
18 24 6
18 25 13
18 26 17
18 27 6
18 28 0
18 29 6
18 30 6
18 31 15
18 32 11
18 33 8
18 34 8
18 35 6
18 36 8
18 37 8
18 38 6
18 39 7
18 40 3
18 41 6
18 42 14
18 43 2
18 44 16
18 45 6
18 46 19
18 47 9
18 48 9
18 49 15
18 50 15
18 51 12
18 52 7
18 53 14
18 54 4
18 55 6
18 56 9
18 57 6
18 58 12
18 59 16
18 60 10
18 61 10
18 62 8
18 63 13
18 64 8
18 65 11
18 66 17
18 67 18
18 68 10
18 69 11
18 70 9
18 71 7
18 72 15
18 73 8
18 74 11
18 75 16
18 76 10
18 77 2
18 78 7
18 79 8
18 80 15
18 81 14
18 82 7
18 83 12
18 84 3
18 85 7
18 86 11
18 87 11
18 88 0
18 89 13
18 90 7
18 91 14
18 92 10
18 93 8
18 94 6
18 95 15
18 96 13
18 97 13
18 98 7
18 99 8
18 100 5
18 101 4
18 102 14
18 103 2
18 104 5
18 105 20
18 106 9
18 107 2
18 108 9
18 109 16
18 110 2
18 111 7
18 112 9
18 113 10
18 114 13
19 19 0
19 20 0
19 21 0
19 22 0
19 23 0
19 24 3
19 25 7
19 26 8
19 27 12
19 28 6
19 29 13
19 30 10
19 31 9
19 32 -1
19 33 8
19 34 5
19 35 22
19 36 11
19 37 9
19 38 10
19 39 15
19 40 10
19 41 5
19 42 13
19 43 8
19 44 6
19 45 10
19 46 3
19 47 6
19 48 22
19 49 9
19 50 12
19 51 13
19 52 17
19 53 17
19 54 22
19 55 5
19 56 12
19 57 2
19 58 7
19 59 15
19 60 15
19 61 6
19 62 18
19 63 12
19 64 2
19 65 11
19 66 11
19 67 3
19 68 11
19 69 9
19 70 2
19 71 10
19 72 23
19 73 1
19 74 15
19 75 7
19 76 13
19 77 10
19 78 12
19 79 17
19 80 6
19 81 3
19 82 23
19 83 17
19 84 13
19 85 4
19 86 11
19 87 9
19 88 10
19 89 12
19 90 7
19 91 1
19 92 8
19 93 11
19 94 9
19 95 11
19 96 10
19 97 10
19 98 8
19 99 18
19 100 10
19 101 4
19 102 6
19 103 16
19 104 7
19 105 9
19 106 6
19 107 5
19 108 24
19 109 8
19 110 16
19 111 -5
19 112 13
19 113 9
19 114 7
20 20 0
20 21 0
20 22 0
20 23 0
20 24 16
20 25 7
20 26 5
20 27 12
20 28 11
20 29 9
20 30 12
20 31 10
20 32 17
20 33 14
20 34 2
20 35 23
20 36 18
20 37 8
20 38 9
20 39 4
20 40 7
20 41 -1
20 42 19
20 43 18
20 44 12
20 45 10
20 46 12
20 47 8
20 48 1
20 49 14
20 50 5
20 51 24
20 52 6
20 53 5
20 54 13
20 55 10
20 56 11
20 57 9
20 58 16
20 59 9
20 60 9
20 61 6
20 62 11
20 63 9
20 64 18
20 65 11
20 66 15
20 67 15
20 68 11
20 69 4
20 70 10
20 71 10
20 72 6
20 73 19
20 74 15
20 75 12
20 76 12
20 77 12
20 78 13
20 79 18
20 80 17
20 81 8
20 82 18
20 83 0
20 84 14
20 85 4
20 86 18
20 87 10
20 88 9
20 89 9
20 90 19
20 91 5
20 92 20
20 93 10
20 94 12
20 95 5
20 96 6
20 97 11
20 98 5
20 99 14
20 100 7
20 101 -2
20 102 12
20 103 7
20 104 4
20 105 9
20 106 4
20 107 13
20 108 8
20 109 12
20 110 11
20 111 12
20 112 11
20 113 8
20 114 10
21 21 0
21 22 0
21 23 0
21 24 9
21 25 12
21 26 15
21 27 16
21 28 6
21 29 9
21 30 9
21 31 13
21 32 5
21 33 3
21 34 16
21 35 15
21 36 10
21 37 9
21 38 10
21 39 7
21 40 13
21 41 1
21 42 8
21 43 19
21 44 11
21 45 -1
21 46 4
21 47 11
21 48 14
21 49 11
21 50 14
21 51 20
21 52 13
21 53 16
21 54 12
21 55 17
21 56 4
21 57 17
21 58 2
21 59 9
21 60 7
21 61 12
21 62 11
21 63 17
21 64 8
21 65 0
21 66 4
21 67 6
21 68 10
21 69 7
21 70 6
21 71 5
21 72 15
21 73 1
21 74 15
21 75 16
21 76 20
21 77 10
21 78 12
21 79 11
21 80 9
21 81 11
21 82 7
21 83 7
21 84 18
21 85 9
21 86 19
21 87 11
21 88 6
21 89 14
21 90 12
21 91 7
21 92 14
21 93 3
21 94 15
21 95 6
21 96 16
21 97 10
21 98 15
21 99 17
21 100 11
21 101 19
21 102 9
21 103 12
21 104 13
21 105 10
21 106 6
21 107 17
21 108 12
21 109 16
21 110 8
21 111 12
21 112 7
21 113 11
21 114 4
22 22 0
22 23 0
22 24 17
22 25 14
22 26 15
22 27 17
22 28 10
22 29 6
22 30 6
22 31 4
22 32 12
22 33 12
22 34 10
22 35 7
22 36 10
22 37 10
22 38 16
22 39 5
22 40 13
22 41 4
22 42 13
22 43 0
22 44 8
22 45 11
22 46 16
22 47 12
22 48 6
22 49 5
22 50 9
22 51 3
22 52 26
22 53 12
22 54 7
22 55 10
22 56 6
22 57 11
22 58 -1
22 59 14
22 60 10
22 61 13
22 62 3
22 63 20
22 64 8
22 65 11
22 66 11
22 67 17
22 68 8
22 69 12
22 70 11
22 71 17
22 72 13
22 73 4
22 74 6
22 75 12
22 76 -2
22 77 10
22 78 16
22 79 16
22 80 6
22 81 6
22 82 11
22 83 17
22 84 17
22 85 6
22 86 10
22 87 9
22 88 4
22 89 10
22 90 2
22 91 11
22 92 9
22 93 7
22 94 14
22 95 6
22 96 3
22 97 14
22 98 18
22 99 5
22 100 13
22 101 14
22 102 12
22 103 6
22 104 11
22 105 5
22 106 6
22 107 9
22 108 6
22 109 14
22 110 9
22 111 15
22 112 12
22 113 8
22 114 7
23 23 0
23 24 8
23 25 13
23 26 10
23 27 3
23 28 3
23 29 10
23 30 7
23 31 15
23 32 14
23 33 6
23 34 8
23 35 3
23 36 12
23 37 17
23 38 12
23 39 14
23 40 6
23 41 11
23 42 13
23 43 4
23 44 9
23 45 17
23 46 -1
23 47 17
23 48 10
23 49 13
23 50 12
23 51 -6
23 52 9
23 53 10
23 54 18
23 55 16
23 56 11
23 57 15
23 58 10
23 59 21
23 60 13
23 61 10
23 62 10
23 63 12
23 64 13
23 65 1
23 66 6
23 67 0
23 68 6
23 69 0
23 70 13
23 71 7
23 72 10
23 73 14
23 74 6
23 75 6
23 76 15
23 77 11
23 78 11
23 79 14
23 80 15
23 81 9
23 82 12
23 83 6
23 84 4
23 85 6
23 86 2
23 87 11
23 88 10
23 89 6
23 90 10
23 91 14
23 92 13
23 93 7
23 94 17
23 95 0
23 96 6
23 97 17
23 98 13
23 99 11
23 100 10
23 101 17
23 102 8
23 103 16
23 104 0
23 105 4
23 106 4
23 107 8
23 108 3
23 109 9
23 110 10
23 111 6
23 112 10
23 113 4
23 114 6
24 24 0
24 25 0
24 26 0
24 27 0
24 28 9
24 29 17
24 30 13
24 31 10
24 32 7
24 33 8
24 34 3
24 35 8
24 36 14
24 37 4
24 38 7
24 39 6
24 40 16
24 41 11
24 42 3
24 43 5
24 44 7
24 45 7
24 46 14
24 47 14
24 48 11
24 49 10
24 50 5
24 51 10
24 52 9
24 53 15
24 54 -2
24 55 10
24 56 12
24 57 18
24 58 7
24 59 1
24 60 2
24 61 13
24 62 13
24 63 17
24 64 9
24 65 6
24 66 4
24 67 8
24 68 12
24 69 3
24 70 6
24 71 7
24 72 0
24 73 16
24 74 9
24 75 12
24 76 17
24 77 0
24 78 15
24 79 18
24 80 6
24 81 13
24 82 0
24 83 7
24 84 17
24 85 8
24 86 14
24 87 8
24 88 12
24 89 13
24 90 -1
24 91 5
24 92 16
24 93 16
24 94 8
24 95 11
24 96 18
24 97 9
24 98 6
24 99 10
24 100 15
24 101 6
24 102 9
24 103 8
24 104 8
24 105 1
24 106 15
24 107 17
24 108 12
24 109 1
24 110 14
24 111 12
24 112 7
24 113 12
24 114 5
25 25 0
25 26 0
25 27 0
25 28 9
25 29 4
25 30 13
25 31 5
25 32 11
25 33 4
25 34 8
25 35 10
25 36 12
25 37 8
25 38 14
25 39 9
25 40 12
25 41 14
25 42 5
25 43 10
25 44 9
25 45 12
25 46 3
25 47 14
25 48 20
25 49 4
25 50 13
25 51 6
25 52 11
25 53 10
25 54 0
25 55 13
25 56 0
25 57 17
25 58 19
25 59 10
25 60 12
25 61 8
25 62 10
25 63 7
25 64 1
25 65 9
25 66 0
25 67 7
25 68 4
25 69 11
25 70 17
25 71 -1
25 72 9
25 73 9
25 74 4
25 75 9
25 76 13
25 77 6
25 78 8
25 79 13
25 80 6
25 81 9
25 82 13
25 83 9
25 84 9
25 85 13
25 86 13
25 87 11
25 88 10
25 89 9
25 90 15
25 91 8
25 92 9
25 93 14
25 94 18
25 95 10
25 96 16
25 97 8
25 98 13
25 99 5
25 100 4
25 101 13
25 102 10
25 103 5
25 104 8
25 105 3
25 106 11
25 107 9
25 108 3
25 109 16
25 110 11
25 111 19
25 112 3
25 113 16
25 114 10
26 26 0
26 27 0
26 28 7
26 29 3
26 30 13
26 31 8
26 32 4
26 33 20
26 34 21
26 35 7
26 36 17
26 37 10
26 38 13
26 39 7
26 40 11
26 41 9
26 42 11
26 43 6
26 44 12
26 45 14
26 46 10
26 47 4
26 48 5
26 49 16
26 50 9
26 51 12
26 52 10
26 53 16
26 54 7
26 55 8
26 56 15
26 57 17
26 58 19
26 59 0
26 60 15
26 61 13
26 62 9
26 63 7
26 64 11
26 65 15
26 66 3
26 67 5
26 68 10
26 69 10
26 70 8
26 71 13
26 72 6
26 73 18
26 74 6
26 75 8
26 76 14
26 77 20
26 78 7
26 79 10
26 80 11
26 81 18
26 82 14
26 83 16
26 84 12
26 85 19
26 86 7
26 87 10
26 88 10
26 89 10
26 90 17
26 91 6
26 92 7
26 93 15
26 94 9
26 95 11
26 96 6
26 97 6
26 98 6
26 99 11
26 100 15
26 101 7
26 102 13
26 103 13
26 104 6
26 105 16
26 106 -7
26 107 13
26 108 14
26 109 6
26 110 10
26 111 7
26 112 14
26 113 8
26 114 8
27 27 0
27 28 11
27 29 16
27 30 17
27 31 5
27 32 8
27 33 9
27 34 12
27 35 7
27 36 18
27 37 12
27 38 13
27 39 13
27 40 26
27 41 10
27 42 -2
27 43 7
27 44 5
27 45 3
27 46 13
27 47 10
27 48 8
27 49 4
27 50 6
27 51 7
27 52 7
27 53 23
27 54 12
27 55 5
27 56 14
27 57 12
27 58 9
27 59 4
27 60 10
27 61 5
27 62 7
27 63 11
27 64 9
27 65 2
27 66 11
27 67 5
27 68 6
27 69 2
27 70 14
27 71 9
27 72 13
27 73 11
27 74 3
27 75 7
27 76 10
27 77 13
27 78 12
27 79 15
27 80 3
27 81 13
27 82 11
27 83 7
27 84 6
27 85 11
27 86 12
27 87 15
27 88 7
27 89 13
27 90 10
27 91 1
27 92 11
27 93 7
27 94 24
27 95 4
27 96 10
27 97 6
27 98 4
27 99 14
27 100 11
27 101 19
27 102 17
27 103 7
27 104 18
27 105 17
27 106 17
27 107 10
27 108 13
27 109 7
27 110 13
27 111 4
27 112 8
27 113 12
27 114 2
28 28 0
28 29 0
28 30 0
28 31 0
28 32 0
28 33 0
28 34 0
28 35 0
28 36 0
28 37 9
28 38 15
28 39 17
28 40 5
28 41 11
28 42 13
28 43 17
28 44 14
28 45 22
28 46 7
28 47 18
28 48 7
28 49 11
28 50 -1
28 51 12
28 52 14
28 53 7
28 54 18
28 55 10
28 56 16
28 57 17
28 58 9
28 59 5
28 60 13
28 61 8
28 62 -1
28 63 11
28 64 8
28 65 -2
28 66 15
28 67 17
28 68 15
28 69 19
28 70 16
28 71 13
28 72 3
28 73 4
28 74 14
28 75 5
28 76 11
28 77 11
28 78 9
28 79 9
28 80 10
28 81 7
28 82 8
28 83 8
28 84 11
28 85 4
28 86 13
28 87 14
28 88 -2
28 89 11
28 90 7
28 91 12
28 92 7
28 93 20
28 94 1
28 95 12
28 96 8
28 97 13
28 98 14
28 99 9
28 100 24
28 101 8
28 102 10
28 103 15
28 104 12
28 105 14
28 106 7
28 107 13
28 108 16
28 109 16
28 110 6
28 111 16
28 112 2
28 113 9
28 114 6
29 29 0
29 30 0
29 31 0
29 32 0
29 33 0
29 34 0
29 35 0
29 36 0
29 37 11
29 38 7
29 39 10
29 40 15
29 41 7
29 42 10
29 43 7
29 44 16
29 45 9
29 46 6
29 47 6
29 48 13
29 49 9
29 50 16
29 51 7
29 52 7
29 53 7
29 54 13
29 55 8
29 56 7
29 57 13
29 58 9
29 59 14
29 60 11
29 61 6
29 62 11
29 63 0
29 64 9
29 65 14
29 66 9
29 67 11
29 68 4
29 69 14
29 70 12
29 71 6
29 72 5
29 73 10
29 74 14
29 75 16
29 76 7
29 77 9
29 78 17
29 79 7
29 80 13
29 81 12
29 82 13
29 83 10
29 84 10
29 85 13
29 86 -2
29 87 19
29 88 16
29 89 1
29 90 15
29 91 9
29 92 5
29 93 10
29 94 2
29 95 12
29 96 10
29 97 13
29 98 4
29 99 15
29 100 23
29 101 1
29 102 8
29 103 7
29 104 14
29 105 9
29 106 7
29 107 12
29 108 16
29 109 11
29 110 14
29 111 11
29 112 12
29 113 7
29 114 15
30 30 0
30 31 0
30 32 0
30 33 0
30 34 0
30 35 0
30 36 0
30 37 14
30 38 20
30 39 15
30 40 8
30 41 8
30 42 8
30 43 3
30 44 22
30 45 18
30 46 8
30 47 9
30 48 11
30 49 7
30 50 5
30 51 9
30 52 10
30 53 11
30 54 13
30 55 14
30 56 9
30 57 -1
30 58 12
30 59 19
30 60 12
30 61 12
30 62 9
30 63 3
30 64 19
30 65 10
30 66 12
30 67 14
30 68 16
30 69 17
30 70 11
30 71 7
30 72 5
30 73 13
30 74 17
30 75 15
30 76 11
30 77 12
30 78 11
30 79 5
30 80 7
30 81 15
30 82 1
30 83 8
30 84 6
30 85 13
30 86 8
30 87 6
30 88 8
30 89 16
30 90 13
30 91 10
30 92 9
30 93 8
30 94 19
30 95 5
30 96 10
30 97 8
30 98 4
30 99 13
30 100 13
30 101 9
30 102 4
30 103 9
30 104 4
30 105 13
30 106 13
30 107 9
30 108 11
30 109 7
30 110 9
30 111 5
30 112 21
30 113 14
30 114 12
31 31 0
31 32 0
31 33 0
31 34 0
31 35 0
31 36 0
31 37 7
31 38 14
31 39 6
31 40 16
31 41 14
31 42 2
31 43 8
31 44 14
31 45 23
31 46 9
31 47 9
31 48 24
31 49 16
31 50 10
31 51 16
31 52 8
31 53 8
31 54 7
31 55 13
31 56 5
31 57 11
31 58 8
31 59 15
31 60 8
31 61 18
31 62 10
31 63 3
31 64 3
31 65 8
31 66 10
31 67 3
31 68 5
31 69 10
31 70 18
31 71 15
31 72 7
31 73 4
31 74 12
31 75 12
31 76 15
31 77 16
31 78 16
31 79 18
31 80 9
31 81 14
31 82 4
31 83 16
31 84 17
31 85 10
31 86 14
31 87 0
31 88 6
31 89 15
31 90 7
31 91 6
31 92 11
31 93 5
31 94 10
31 95 11
31 96 7
31 97 4
31 98 14
31 99 9
31 100 14
31 101 10
31 102 8
31 103 11
31 104 2
31 105 11
31 106 15
31 107 11
31 108 16
31 109 5
31 110 4
31 111 20
31 112 6
31 113 16
31 114 9
32 32 0
32 33 0
32 34 0
32 35 0
32 36 0
32 37 7
32 38 1
32 39 12
32 40 16
32 41 16
32 42 7
32 43 14
32 44 7
32 45 11
32 46 6
32 47 6
32 48 19
32 49 7
32 50 17
32 51 2
32 52 13
32 53 11
32 54 10
32 55 10
32 56 3
32 57 8
32 58 11
32 59 12
32 60 14
32 61 5
32 62 8
32 63 0
32 64 11
32 65 9
32 66 8
32 67 11
32 68 0
32 69 7
32 70 9
32 71 14
32 72 6
32 73 12
32 74 10
32 75 10
32 76 16
32 77 7
32 78 12
32 79 12
32 80 9
32 81 8
32 82 2
32 83 9
32 84 6
32 85 7
32 86 13
32 87 12
32 88 14
32 89 14
32 90 7
32 91 15
32 92 12
32 93 17
32 94 2
32 95 9
32 96 1
32 97 17
32 98 10
32 99 11
32 100 12
32 101 9
32 102 20
32 103 13
32 104 4
32 105 2
32 106 13
32 107 8
32 108 9
32 109 12
32 110 5
32 111 -1
32 112 7
32 113 -2
32 114 10
33 33 0
33 34 0
33 35 0
33 36 0
33 37 13
33 38 15
33 39 14
33 40 15
33 41 9
33 42 7
33 43 10
33 44 10
33 45 3
33 46 14
33 47 4
33 48 10
33 49 8
33 50 14
33 51 18
33 52 14
33 53 14
33 54 14
33 55 7
33 56 10
33 57 13
33 58 9
33 59 15
33 60 10
33 61 15
33 62 8
33 63 9
33 64 20
33 65 12
33 66 13
33 67 10
33 68 11
33 69 10
33 70 10
33 71 10
33 72 12
33 73 4
33 74 8
33 75 10
33 76 7
33 77 17
33 78 9
33 79 16
33 80 6
33 81 7
33 82 7
33 83 2
33 84 9
33 85 10
33 86 8
33 87 7
33 88 15
33 89 17
33 90 5
33 91 5
33 92 7
33 93 1
33 94 12
33 95 14
33 96 13
33 97 14
33 98 13
33 99 10
33 100 6
33 101 11
33 102 10
33 103 3
33 104 9
33 105 19
33 106 12
33 107 10
33 108 9
33 109 6
33 110 11
33 111 4
33 112 9
33 113 7
33 114 1
34 34 0
34 35 0
34 36 0
34 37 20
34 38 16
34 39 13
34 40 22
34 41 9
34 42 11
34 43 4
34 44 8
34 45 10
34 46 22
34 47 18
34 48 19
34 49 14
34 50 12
34 51 8
34 52 13
34 53 6
34 54 9
34 55 11
34 56 9
34 57 5
34 58 6
34 59 19
34 60 8
34 61 13
34 62 8
34 63 13
34 64 4
34 65 10
34 66 5
34 67 5
34 68 7
34 69 8
34 70 5
34 71 5
34 72 8
34 73 14
34 74 15
34 75 16
34 76 12
34 77 13
34 78 0
34 79 18
34 80 12
34 81 2
34 82 4
34 83 14
34 84 8
34 85 10
34 86 14
34 87 10
34 88 9
34 89 12
34 90 8
34 91 7
34 92 3
34 93 8
34 94 9
34 95 14
34 96 10
34 97 8
34 98 -1
34 99 3
34 100 -2
34 101 8
34 102 21
34 103 5
34 104 12
34 105 -2
34 106 7
34 107 6
34 108 11
34 109 10
34 110 7
34 111 13
34 112 5
34 113 3
34 114 7
35 35 0
35 36 0
35 37 3
35 38 14
35 39 14
35 40 14
35 41 18
35 42 10
35 43 18
35 44 10
35 45 8
35 46 13
35 47 6
35 48 13
35 49 10
35 50 10
35 51 4
35 52 1
35 53 7
35 54 17
35 55 9
35 56 10
35 57 12
35 58 11
35 59 13
35 60 4
35 61 12
35 62 10
35 63 16
35 64 12
35 65 12
35 66 4
35 67 9
35 68 9
35 69 7
35 70 23
35 71 13
35 72 11
35 73 6
35 74 17
35 75 5
35 76 10
35 77 9
35 78 10
35 79 7
35 80 12
35 81 5
35 82 11
35 83 12
35 84 -1
35 85 -4
35 86 7
35 87 17
35 88 9
35 89 23
35 90 15
35 91 7
35 92 13
35 93 19
35 94 8
35 95 19
35 96 17
35 97 4
35 98 6
35 99 6
35 100 20
35 101 14
35 102 14
35 103 11
35 104 13
35 105 8
35 106 17
35 107 12
35 108 12
35 109 7
35 110 9
35 111 3
35 112 6
35 113 4
35 114 8
36 36 0
36 37 9
36 38 12
36 39 12
36 40 18
36 41 9
36 42 1
36 43 14
36 44 2
36 45 3
36 46 13
36 47 12
36 48 5
36 49 7
36 50 15
36 51 20
36 52 11
36 53 12
36 54 10
36 55 13
36 56 11
36 57 5
36 58 11
36 59 0
36 60 12
36 61 5
36 62 0
36 63 8
36 64 8
36 65 9
36 66 7
36 67 16
36 68 11
36 69 8
36 70 15
36 71 4
36 72 17
36 73 13
36 74 4
36 75 9
36 76 12
36 77 13
36 78 10
36 79 6
36 80 7
36 81 14
36 82 11
36 83 8
36 84 9
36 85 16
36 86 13
36 87 10
36 88 8
36 89 7
36 90 13
36 91 8
36 92 6
36 93 8
36 94 15
36 95 10
36 96 1
36 97 14
36 98 15
36 99 15
36 100 12
36 101 7
36 102 -3
36 103 9
36 104 14
36 105 16
36 106 15
36 107 21
36 108 20
36 109 9
36 110 7
36 111 15
36 112 8
36 113 3
36 114 14
37 37 0
37 38 0
37 39 0
37 40 0
37 41 0
37 42 0
37 43 0
37 44 11
37 45 15
37 46 5
37 47 -2
37 48 10
37 49 10
37 50 9
37 51 16
37 52 17
37 53 10
37 54 5
37 55 22
37 56 6
37 57 17
37 58 14
37 59 18
37 60 11
37 61 10
37 62 0
37 63 10
37 64 17
37 65 8
37 66 16
37 67 -2
37 68 9
37 69 19
37 70 16
37 71 17
37 72 16
37 73 13
37 74 4
37 75 6
37 76 8
37 77 8
37 78 6
37 79 3
37 80 6
37 81 13
37 82 11
37 83 9
37 84 19
37 85 13
37 86 7
37 87 5
37 88 11
37 89 -1
37 90 5
37 91 14
37 92 5
37 93 5
37 94 9
37 95 11
37 96 8
37 97 14
37 98 7
37 99 6
37 100 25
37 101 9
37 102 11
37 103 14
37 104 10
37 105 18
37 106 14
37 107 6
37 108 13
37 109 0
37 110 9
37 111 11
37 112 16
37 113 10
37 114 2
38 38 0
38 39 0
38 40 0
38 41 0
38 42 0
38 43 0
38 44 11
38 45 14
38 46 13
38 47 10
38 48 7
38 49 14
38 50 13
38 51 12
38 52 7
38 53 7
38 54 14
38 55 11
38 56 17
38 57 13
38 58 9
38 59 11
38 60 12
38 61 21
38 62 3
38 63 17
38 64 8
38 65 12
38 66 19
38 67 9
38 68 11
38 69 1
38 70 4
38 71 3
38 72 6
38 73 12
38 74 12
38 75 0
38 76 14
38 77 6
38 78 6
38 79 8
38 80 9
38 81 6
38 82 13
38 83 12
38 84 7
38 85 8
38 86 3
38 87 15
38 88 13
38 89 12
38 90 -4
38 91 -1
38 92 13
38 93 9
38 94 9
38 95 23
38 96 16
38 97 16
38 98 7
38 99 16
38 100 4
38 101 0
38 102 6
38 103 7
38 104 11
38 105 9
38 106 9
38 107 17
38 108 10
38 109 14
38 110 10
38 111 11
38 112 5
38 113 8
38 114 14
39 39 0
39 40 0
39 41 0
39 42 0
39 43 0
39 44 7
39 45 6
39 46 11
39 47 3
39 48 7
39 49 2
39 50 13
39 51 10
39 52 9
39 53 12
39 54 17
39 55 16
39 56 11
39 57 6
39 58 14
39 59 11
39 60 6
39 61 4
39 62 4
39 63 16
39 64 11
39 65 5
39 66 13
39 67 4
39 68 10
39 69 6
39 70 10
39 71 17
39 72 14
39 73 4
39 74 10
39 75 6
39 76 13
39 77 15
39 78 14
39 79 20
39 80 10
39 81 4
39 82 9
39 83 14
39 84 14
39 85 0
39 86 11
39 87 11
39 88 9
39 89 18
39 90 11
39 91 10
39 92 18
39 93 18
39 94 10
39 95 4
39 96 20
39 97 14
39 98 6
39 99 19
39 100 13
39 101 6
39 102 15
39 103 8
39 104 9
39 105 4
39 106 15
39 107 11
39 108 7
39 109 8
39 110 12
39 111 12
39 112 11
39 113 6
39 114 20
40 40 0
40 41 0
40 42 0
40 43 0
40 44 25
40 45 8
40 46 2
40 47 6
40 48 14
40 49 18
40 50 21
40 51 7
40 52 5
40 53 10
40 54 13
40 55 3
40 56 6
40 57 13
40 58 10
40 59 14
40 60 9
40 61 9
40 62 8
40 63 11
40 64 15
40 65 12
40 66 11
40 67 15
40 68 9
40 69 7
40 70 13
40 71 12
40 72 21
40 73 7
40 74 13
40 75 14
40 76 9
40 77 3
40 78 10
40 79 3
40 80 21
40 81 8
40 82 4
40 83 11
40 84 7
40 85 23
40 86 14
40 87 12
40 88 13
40 89 7
40 90 16
40 91 10
40 92 10
40 93 -3
40 94 4
40 95 14
40 96 13
40 97 0
40 98 12
40 99 5
40 100 7
40 101 4
40 102 3
40 103 6
40 104 17
40 105 12
40 106 5
40 107 15
40 108 5
40 109 15
40 110 5
40 111 15
40 112 15
40 113 13
40 114 10
41 41 0
41 42 0
41 43 0
41 44 12
41 45 20
41 46 4
41 47 12
41 48 19
41 49 11
41 50 3
41 51 7
41 52 1
41 53 16
41 54 18
41 55 12
41 56 6
41 57 10
41 58 11
41 59 11
41 60 12
41 61 12
41 62 8
41 63 5
41 64 14
41 65 9
41 66 7
41 67 5
41 68 11
41 69 10
41 70 17
41 71 19
41 72 13
41 73 5
41 74 17
41 75 12
41 76 16
41 77 13
41 78 14
41 79 8
41 80 10
41 81 9
41 82 5
41 83 7
41 84 7
41 85 4
41 86 11
41 87 17
41 88 5
41 89 12
41 90 4
41 91 10
41 92 12
41 93 7
41 94 8
41 95 10
41 96 12
41 97 1
41 98 3
41 99 6
41 100 11
41 101 17
41 102 9
41 103 11
41 104 16
41 105 8
41 106 19
41 107 14
41 108 11
41 109 8
41 110 4
41 111 16
41 112 9
41 113 14
41 114 16
42 42 0
42 43 0
42 44 12
42 45 19
42 46 9
42 47 8
42 48 16
42 49 10
42 50 17
42 51 13
42 52 15
42 53 5
42 54 4
42 55 14
42 56 6
42 57 10
42 58 9
42 59 7
42 60 17
42 61 2
42 62 25
42 63 8
42 64 7
42 65 4
42 66 15
42 67 9
42 68 9
42 69 13
42 70 8
42 71 9
42 72 11
42 73 10
42 74 16
42 75 19
42 76 18
42 77 8
42 78 13
42 79 8
42 80 6
42 81 15
42 82 17
42 83 12
42 84 9
42 85 5
42 86 11
42 87 6
42 88 12
42 89 8
42 90 11
42 91 10
42 92 10
42 93 12
42 94 4
42 95 14
42 96 12
42 97 9
42 98 2
42 99 6
42 100 1
42 101 18
42 102 6
42 103 11
42 104 18
42 105 7
42 106 15
42 107 8
42 108 16
42 109 24
42 110 12
42 111 6
42 112 14
42 113 2
42 114 -1
43 43 0
43 44 10
43 45 17
43 46 1
43 47 12
43 48 15
43 49 11
43 50 11
43 51 16
43 52 4
43 53 2
43 54 12
43 55 11
43 56 14
43 57 14
43 58 11
43 59 7
43 60 11
43 61 9
43 62 7
43 63 10
43 64 10
43 65 4
43 66 7
43 67 15
43 68 5
43 69 15
43 70 15
43 71 3
43 72 9
43 73 13
43 74 -1
43 75 1
43 76 12
43 77 4
43 78 5
43 79 4
43 80 10
43 81 9
43 82 9
43 83 14
43 84 13
43 85 15
43 86 21
43 87 15
43 88 6
43 89 15
43 90 9
43 91 7
43 92 19
43 93 14
43 94 17
43 95 11
43 96 13
43 97 5
43 98 9
43 99 7
43 100 2
43 101 11
43 102 19
43 103 5
43 104 9
43 105 2
43 106 8
43 107 15
43 108 12
43 109 12
43 110 5
43 111 9
43 112 6
43 113 13
43 114 13
44 44 0
44 45 0
44 46 0
44 47 0
44 48 7
44 49 16
44 50 13
44 51 10
44 52 11
44 53 2
44 54 5
44 55 22
44 56 10
44 57 18
44 58 10
44 59 9
44 60 11
44 61 17
44 62 9
44 63 6
44 64 22
44 65 10
44 66 1
44 67 8
44 68 18
44 69 15
44 70 13
44 71 3
44 72 11
44 73 14
44 74 10
44 75 11
44 76 7
44 77 3
44 78 19
44 79 13
44 80 6
44 81 12
44 82 1
44 83 7
44 84 9
44 85 9
44 86 8
44 87 14
44 88 12
44 89 9
44 90 5
44 91 8
44 92 6
44 93 6
44 94 16
44 95 13
44 96 7
44 97 8
44 98 10
44 99 6
44 100 -1
44 101 19
44 102 11
44 103 15
44 104 15
44 105 10
44 106 6
44 107 9
44 108 15
44 109 11
44 110 13
44 111 16
44 112 8
44 113 10
44 114 7
45 45 0
45 46 0
45 47 0
45 48 7
45 49 13
45 50 8
45 51 7
45 52 13
45 53 15
45 54 19
45 55 10
45 56 14
45 57 5
45 58 9
45 59 13
45 60 14
45 61 11
45 62 12
45 63 7
45 64 8
45 65 13
45 66 12
45 67 4
45 68 5
45 69 5
45 70 4
45 71 10
45 72 6
45 73 13
45 74 8
45 75 16
45 76 6
45 77 21
45 78 6
45 79 10
45 80 8
45 81 10
45 82 10
45 83 6
45 84 7
45 85 3
45 86 10
45 87 12
45 88 11
45 89 9
45 90 16
45 91 14
45 92 5
45 93 6
45 94 11
45 95 8
45 96 14
45 97 10
45 98 9
45 99 3
45 100 17
45 101 15
45 102 6
45 103 3
45 104 9
45 105 14
45 106 15
45 107 3
45 108 6
45 109 16
45 110 3
45 111 14
45 112 11
45 113 15
45 114 5
46 46 0
46 47 0
46 48 11
46 49 12
46 50 0
46 51 10
46 52 15
46 53 9
46 54 5
46 55 8
46 56 3
46 57 19
46 58 11
46 59 10
46 60 10
46 61 6
46 62 8
46 63 2
46 64 12
46 65 19
46 66 8
46 67 4
46 68 6
46 69 10
46 70 13
46 71 16
46 72 18
46 73 11
46 74 14
46 75 8
46 76 10
46 77 14
46 78 4
46 79 8
46 80 -1
46 81 7
46 82 18
46 83 7
46 84 6
46 85 16
46 86 7
46 87 11
46 88 10
46 89 10
46 90 4
46 91 13
46 92 7
46 93 12
46 94 7
46 95 28
46 96 7
46 97 3
46 98 10
46 99 6
46 100 15
46 101 19
46 102 13
46 103 11
46 104 4
46 105 18
46 106 3
46 107 10
46 108 9
46 109 11
46 110 19
46 111 14
46 112 8
46 113 16
46 114 12
47 47 0
47 48 4
47 49 19
47 50 15
47 51 -1
47 52 6
47 53 18
47 54 18
47 55 12
47 56 10
47 57 9
47 58 11
47 59 10
47 60 2
47 61 19
47 62 2
47 63 7
47 64 17
47 65 1
47 66 16
47 67 11
47 68 12
47 69 7
47 70 9
47 71 13
47 72 9
47 73 7
47 74 2
47 75 11
47 76 8
47 77 5
47 78 5
47 79 13
47 80 16
47 81 15
47 82 -1
47 83 13
47 84 3
47 85 5
47 86 3
47 87 7
47 88 18
47 89 4
47 90 14
47 91 5
47 92 14
47 93 10
47 94 7
47 95 13
47 96 5
47 97 16
47 98 12
47 99 15
47 100 3
47 101 16
47 102 16
47 103 3
47 104 13
47 105 17
47 106 12
47 107 11
47 108 13
47 109 9
47 110 15
47 111 9
47 112 8
47 113 5
47 114 8
48 48 0
48 49 0
48 50 0
48 51 0
48 52 0
48 53 0
48 54 12
48 55 10
48 56 10
48 57 12
48 58 10
48 59 8
48 60 17
48 61 15
48 62 7
48 63 10
48 64 12
48 65 11
48 66 15
48 67 9
48 68 10
48 69 20
48 70 12
48 71 2
48 72 13
48 73 13
48 74 11
48 75 7
48 76 10
48 77 8
48 78 9
48 79 7
48 80 9
48 81 13
48 82 13
48 83 13
48 84 13
48 85 12
48 86 19
48 87 11
48 88 13
48 89 4
48 90 -1
48 91 8
48 92 12
48 93 14
48 94 13
48 95 3
48 96 14
48 97 9
48 98 10
48 99 11
48 100 13
48 101 18
48 102 6
48 103 8
48 104 10
48 105 16
48 106 4
48 107 12
48 108 8
48 109 11
48 110 7
48 111 6
48 112 12
48 113 15
48 114 5
49 49 0
49 50 0
49 51 0
49 52 0
49 53 0
49 54 9
49 55 12
49 56 17
49 57 2
49 58 13
49 59 7
49 60 8
49 61 13
49 62 18
49 63 6
49 64 5
49 65 8
49 66 15
49 67 8
49 68 12
49 69 7
49 70 5
49 71 11
49 72 11
49 73 6
49 74 3
49 75 9
49 76 7
49 77 13
49 78 14
49 79 3
49 80 6
49 81 12
49 82 11
49 83 11
49 84 20
49 85 12
49 86 8
49 87 9
49 88 7
49 89 7
49 90 10
49 91 3
49 92 13
49 93 9
49 94 9
49 95 8
49 96 13
49 97 4
49 98 12
49 99 4
49 100 13
49 101 6
49 102 7
49 103 13
49 104 8
49 105 2
49 106 8
49 107 5
49 108 11
49 109 10
49 110 19
49 111 2
49 112 11
49 113 10
49 114 6
50 50 0
50 51 0
50 52 0
50 53 0
50 54 11
50 55 11
50 56 4
50 57 5
50 58 5
50 59 8
50 60 5
50 61 9
50 62 8
50 63 9
50 64 11
50 65 1
50 66 11
50 67 11
50 68 19
50 69 9
50 70 12
50 71 17
50 72 13
50 73 9
50 74 12
50 75 3
50 76 2
50 77 14
50 78 6
50 79 11
50 80 2
50 81 14
50 82 8
50 83 3
50 84 12
50 85 7
50 86 9
50 87 13
50 88 4
50 89 5
50 90 11
50 91 12
50 92 15
50 93 7
50 94 13
50 95 15
50 96 8
50 97 3
50 98 13
50 99 13
50 100 11
50 101 10
50 102 16
50 103 3
50 104 15
50 105 12
50 106 14
50 107 12
50 108 12
50 109 15
50 110 13
50 111 7
50 112 11
50 113 16
50 114 16
51 51 0
51 52 0
51 53 0
51 54 13
51 55 4
51 56 14
51 57 10
51 58 10
51 59 10
51 60 11
51 61 8
51 62 16
51 63 8
51 64 7
51 65 17
51 66 15
51 67 15
51 68 10
51 69 20
51 70 15
51 71 6
51 72 18
51 73 16
51 74 11
51 75 10
51 76 12
51 77 2
51 78 3
51 79 12
51 80 20
51 81 17
51 82 8
51 83 5
51 84 7
51 85 2
51 86 20
51 87 6
51 88 5
51 89 18
51 90 6
51 91 11
51 92 11
51 93 12
51 94 9
51 95 5
51 96 10
51 97 16
51 98 14
51 99 5
51 100 16
51 101 5
51 102 6
51 103 7
51 104 10
51 105 2
51 106 6
51 107 11
51 108 4
51 109 14
51 110 8
51 111 17
51 112 11
51 113 11
51 114 14
52 52 0
52 53 0
52 54 11
52 55 8
52 56 7
52 57 8
52 58 7
52 59 8
52 60 11
52 61 12
52 62 7
52 63 18
52 64 15
52 65 8
52 66 10
52 67 11
52 68 11
52 69 0
52 70 20
52 71 -2
52 72 7
52 73 4
52 74 5
52 75 11
52 76 10
52 77 13
52 78 9
52 79 1
52 80 16
52 81 11
52 82 7
52 83 5
52 84 9
52 85 9
52 86 5
52 87 3
52 88 7
52 89 15
52 90 9
52 91 15
52 92 11
52 93 4
52 94 15
52 95 4
52 96 9
52 97 8
52 98 9
52 99 12
52 100 4
52 101 10
52 102 13
52 103 16
52 104 10
52 105 5
52 106 23
52 107 12
52 108 11
52 109 6
52 110 17
52 111 16
52 112 21
52 113 14
52 114 10
53 53 0
53 54 3
53 55 12
53 56 6
53 57 5
53 58 6
53 59 16
53 60 2
53 61 11
53 62 8
53 63 5
53 64 9
53 65 18
53 66 9
53 67 12
53 68 11
53 69 8
53 70 8
53 71 10
53 72 9
53 73 11
53 74 7
53 75 -1
53 76 15
53 77 10
53 78 3
53 79 13
53 80 2
53 81 8
53 82 5
53 83 14
53 84 1
53 85 5
53 86 10
53 87 7
53 88 13
53 89 7
53 90 21
53 91 13
53 92 11
53 93 12
53 94 9
53 95 8
53 96 7
53 97 11
53 98 13
53 99 12
53 100 7
53 101 7
53 102 2
53 103 8
53 104 10
53 105 14
53 106 15
53 107 8
53 108 10
53 109 18
53 110 9
53 111 8
53 112 23
53 113 10
53 114 13
54 54 0
54 55 0
54 56 0
54 57 0
54 58 0
54 59 10
54 60 12
54 61 6
54 62 11
54 63 0
54 64 3
54 65 7
54 66 9
54 67 13
54 68 8
54 69 10
54 70 6
54 71 6
54 72 9
54 73 4
54 74 14
54 75 3
54 76 10
54 77 7
54 78 19
54 79 11
54 80 7
54 81 11
54 82 8
54 83 8
54 84 10
54 85 12
54 86 11
54 87 18
54 88 6
54 89 6
54 90 22
54 91 7
54 92 10
54 93 9
54 94 13
54 95 13
54 96 6
54 97 18
54 98 11
54 99 8
54 100 7
54 101 8
54 102 11
54 103 4
54 104 6
54 105 6
54 106 13
54 107 4
54 108 16
54 109 5
54 110 11
54 111 13
54 112 22
54 113 0
54 114 11
55 55 0
55 56 0
55 57 0
55 58 0
55 59 9
55 60 6
55 61 3
55 62 8
55 63 16
55 64 8
55 65 9
55 66 14
55 67 6
55 68 7
55 69 17
55 70 10
55 71 5
55 72 5
55 73 8
55 74 10
55 75 7
55 76 14
55 77 9
55 78 8
55 79 17
55 80 7
55 81 -5
55 82 11
55 83 11
55 84 4
55 85 8
55 86 7
55 87 2
55 88 12
55 89 13
55 90 11
55 91 12
55 92 17
55 93 6
55 94 9
55 95 13
55 96 9
55 97 10
55 98 8
55 99 1
55 100 9
55 101 7
55 102 8
55 103 11
55 104 11
55 105 6
55 106 10
55 107 4
55 108 7
55 109 7
55 110 7
55 111 8
55 112 14
55 113 16
55 114 7
56 56 0
56 57 0
56 58 0
56 59 11
56 60 12
56 61 1
56 62 14
56 63 7
56 64 7
56 65 16
56 66 11
56 67 17
56 68 12
56 69 9
56 70 16
56 71 11
56 72 5
56 73 15
56 74 10
56 75 14
56 76 6
56 77 15
56 78 13
56 79 8
56 80 11
56 81 5
56 82 14
56 83 6
56 84 6
56 85 15
56 86 4
56 87 3
56 88 10
56 89 4
56 90 7
56 91 14
56 92 5
56 93 8
56 94 9
56 95 12
56 96 7
56 97 6
56 98 11
56 99 7
56 100 6
56 101 9
56 102 6
56 103 5
56 104 6
56 105 1
56 106 13
56 107 10
56 108 10
56 109 -1
56 110 5
56 111 11
56 112 12
56 113 3
56 114 10
57 57 0
57 58 0
57 59 9
57 60 13
57 61 8
57 62 7
57 63 9
57 64 11
57 65 17
57 66 11
57 67 7
57 68 8
57 69 4
57 70 8
57 71 5
57 72 10
57 73 15
57 74 -5
57 75 15
57 76 8
57 77 15
57 78 10
57 79 7
57 80 20
57 81 4
57 82 17
57 83 17
57 84 15
57 85 9
57 86 8
57 87 14
57 88 -1
57 89 3
57 90 10
57 91 11
57 92 8
57 93 2
57 94 7
57 95 6
57 96 1
57 97 20
57 98 2
57 99 12
57 100 13
57 101 1
57 102 17
57 103 8
57 104 14
57 105 7
57 106 10
57 107 7
57 108 20
57 109 3
57 110 11
57 111 9
57 112 10
57 113 1
57 114 13
58 58 0
58 59 8
58 60 15
58 61 11
58 62 20
58 63 16
58 64 8
58 65 20
58 66 1
58 67 7
58 68 5
58 69 12
58 70 18
58 71 14
58 72 19
58 73 7
58 74 16
58 75 13
58 76 6
58 77 16
58 78 15
58 79 7
58 80 10
58 81 14
58 82 6
58 83 6
58 84 17
58 85 1
58 86 13
58 87 9
58 88 2
58 89 12
58 90 6
58 91 6
58 92 20
58 93 3
58 94 9
58 95 7
58 96 15
58 97 4
58 98 13
58 99 7
58 100 21
58 101 11
58 102 8
58 103 22
58 104 12
58 105 21
58 106 10
58 107 13
58 108 10
58 109 4
58 110 7
58 111 7
58 112 9
58 113 7
58 114 4
59 59 0
59 60 0
59 61 0
59 62 7
59 63 13
59 64 7
59 65 9
59 66 7
59 67 10
59 68 14
59 69 10
59 70 18
59 71 9
59 72 13
59 73 1
59 74 1
59 75 0
59 76 7
59 77 16
59 78 5
59 79 14
59 80 12
59 81 12
59 82 12
59 83 22
59 84 18
59 85 10
59 86 10
59 87 13
59 88 12
59 89 16
59 90 3
59 91 -1
59 92 17
59 93 16
59 94 -1
59 95 14
59 96 8
59 97 4
59 98 16
59 99 13
59 100 14
59 101 9
59 102 9
59 103 8
59 104 17
59 105 3
59 106 11
59 107 5
59 108 -2
59 109 11
59 110 10
59 111 10
59 112 10
59 113 12
59 114 6
60 60 0
60 61 0
60 62 13
60 63 9
60 64 13
60 65 19
60 66 10
60 67 8
60 68 16
60 69 12
60 70 16
60 71 16
60 72 18
60 73 13
60 74 15
60 75 10
60 76 8
60 77 2
60 78 7
60 79 12
60 80 12
60 81 11
60 82 14
60 83 7
60 84 15
60 85 8
60 86 16
60 87 12
60 88 13
60 89 14
60 90 18
60 91 15
60 92 6
60 93 8
60 94 8
60 95 13
60 96 6
60 97 8
60 98 9
60 99 16
60 100 3
60 101 11
60 102 21
60 103 12
60 104 5
60 105 16
60 106 11
60 107 12
60 108 8
60 109 15
60 110 12
60 111 8
60 112 14
60 113 14
60 114 13
61 61 0
61 62 13
61 63 9
61 64 -6
61 65 17
61 66 16
61 67 19
61 68 5
61 69 8
61 70 20
61 71 12
61 72 2
61 73 13
61 74 20
61 75 10
61 76 16
61 77 10
61 78 6
61 79 9
61 80 11
61 81 17
61 82 13
61 83 6
61 84 13
61 85 6
61 86 18
61 87 16
61 88 19
61 89 11
61 90 5
61 91 9
61 92 14
61 93 12
61 94 8
61 95 7
61 96 6
61 97 6
61 98 0
61 99 15
61 100 13
61 101 7
61 102 13
61 103 0
61 104 7
61 105 8
61 106 2
61 107 13
61 108 14
61 109 10
61 110 5
61 111 7
61 112 8
61 113 5
61 114 9
62 62 0
62 63 0
62 64 0
62 65 0
62 66 10
62 67 4
62 68 7
62 69 11
62 70 7
62 71 6
62 72 15
62 73 10
62 74 13
62 75 5
62 76 18
62 77 12
62 78 5
62 79 10
62 80 9
62 81 20
62 82 15
62 83 12
62 84 13
62 85 8
62 86 4
62 87 3
62 88 15
62 89 9
62 90 16
62 91 4
62 92 6
62 93 13
62 94 10
62 95 -1
62 96 11
62 97 5
62 98 18
62 99 6
62 100 17
62 101 16
62 102 2
62 103 14
62 104 6
62 105 6
62 106 6
62 107 12
62 108 3
62 109 6
62 110 15
62 111 13
62 112 19
62 113 9
62 114 10
63 63 0
63 64 0
63 65 0
63 66 15
63 67 11
63 68 10
63 69 6
63 70 13
63 71 10
63 72 10
63 73 15
63 74 20
63 75 9
63 76 13
63 77 11
63 78 18
63 79 7
63 80 6
63 81 19
63 82 12
63 83 0
63 84 10
63 85 -1
63 86 4
63 87 11
63 88 20
63 89 7
63 90 9
63 91 10
63 92 11
63 93 9
63 94 9
63 95 5
63 96 12
63 97 9
63 98 14
63 99 3
63 100 5
63 101 15
63 102 7
63 103 10
63 104 5
63 105 12
63 106 10
63 107 14
63 108 12
63 109 6
63 110 13
63 111 13
63 112 13
63 113 17
63 114 9
64 64 0
64 65 0
64 66 14
64 67 16
64 68 10
64 69 6
64 70 7
64 71 16
64 72 15
64 73 19
64 74 17
64 75 12
64 76 8
64 77 5
64 78 3
64 79 17
64 80 5
64 81 2
64 82 5
64 83 13
64 84 13
64 85 6
64 86 12
64 87 7
64 88 8
64 89 11
64 90 14
64 91 4
64 92 12
64 93 5
64 94 10
64 95 18
64 96 12
64 97 5
64 98 1
64 99 14
64 100 11
64 101 10
64 102 6
64 103 5
64 104 8
64 105 16
64 106 10
64 107 6
64 108 5
64 109 9
64 110 5
64 111 4
64 112 10
64 113 10
64 114 8
65 65 0
65 66 12
65 67 6
65 68 10
65 69 8
65 70 8
65 71 3
65 72 7
65 73 11
65 74 10
65 75 16
65 76 14
65 77 9
65 78 8
65 79 4
65 80 16
65 81 19
65 82 21
65 83 9
65 84 11
65 85 9
65 86 13
65 87 11
65 88 24
65 89 9
65 90 12
65 91 15
65 92 10
65 93 10
65 94 12
65 95 15
65 96 15
65 97 8
65 98 3
65 99 7
65 100 9
65 101 5
65 102 9
65 103 12
65 104 11
65 105 16
65 106 13
65 107 15
65 108 14
65 109 13
65 110 7
65 111 13
65 112 7
65 113 13
65 114 16
66 66 0
66 67 0
66 68 0
66 69 0
66 70 13
66 71 15
66 72 16
66 73 12
66 74 0
66 75 7
66 76 8
66 77 9
66 78 18
66 79 15
66 80 11
66 81 16
66 82 5
66 83 16
66 84 8
66 85 11
66 86 7
66 87 5
66 88 19
66 89 17
66 90 11
66 91 14
66 92 9
66 93 5
66 94 16
66 95 2
66 96 7
66 97 6
66 98 10
66 99 -1
66 100 8
66 101 21
66 102 13
66 103 7
66 104 10
66 105 14
66 106 8
66 107 8
66 108 13
66 109 11
66 110 15
66 111 4
66 112 14
66 113 10
66 114 10
67 67 0
67 68 0
67 69 0
67 70 6
67 71 8
67 72 12
67 73 12
67 74 1
67 75 7
67 76 5
67 77 10
67 78 14
67 79 12
67 80 12
67 81 9
67 82 11
67 83 7
67 84 13
67 85 7
67 86 9
67 87 3
67 88 7
67 89 5
67 90 17
67 91 5
67 92 8
67 93 12
67 94 7
67 95 11
67 96 8
67 97 9
67 98 13
67 99 9
67 100 9
67 101 20
67 102 9
67 103 4
67 104 5
67 105 3
67 106 7
67 107 1
67 108 12
67 109 10
67 110 10
67 111 10
67 112 13
67 113 16
67 114 7
68 68 0
68 69 0
68 70 4
68 71 14
68 72 3
68 73 14
68 74 10
68 75 7
68 76 5
68 77 23
68 78 5
68 79 12
68 80 20
68 81 17
68 82 11
68 83 10
68 84 20
68 85 11
68 86 13
68 87 4
68 88 15
68 89 23
68 90 11
68 91 13
68 92 0
68 93 9
68 94 10
68 95 14
68 96 3
68 97 15
68 98 9
68 99 15
68 100 18
68 101 11
68 102 2
68 103 12
68 104 11
68 105 11
68 106 18
68 107 15
68 108 7
68 109 7
68 110 16
68 111 10
68 112 14
68 113 16
68 114 12
69 69 0
69 70 11
69 71 1
69 72 1
69 73 13
69 74 12
69 75 10
69 76 17
69 77 9
69 78 11
69 79 10
69 80 18
69 81 11
69 82 4
69 83 18
69 84 12
69 85 14
69 86 12
69 87 10
69 88 0
69 89 10
69 90 7
69 91 10
69 92 23
69 93 14
69 94 16
69 95 20
69 96 12
69 97 18
69 98 13
69 99 9
69 100 8
69 101 11
69 102 11
69 103 6
69 104 5
69 105 17
69 106 12
69 107 18
69 108 0
69 109 12
69 110 14
69 111 9
69 112 6
69 113 2
69 114 13
70 70 0
70 71 0
70 72 0
70 73 0
70 74 0
70 75 16
70 76 6
70 77 3
70 78 13
70 79 10
70 80 6
70 81 17
70 82 9
70 83 11
70 84 6
70 85 20
70 86 13
70 87 8
70 88 11
70 89 13
70 90 17
70 91 9
70 92 13
70 93 5
70 94 0
70 95 8
70 96 6
70 97 3
70 98 14
70 99 10
70 100 14
70 101 7
70 102 8
70 103 17
70 104 6
70 105 12
70 106 11
70 107 2
70 108 0
70 109 19
70 110 17
70 111 9
70 112 7
70 113 11
70 114 6
71 71 0
71 72 0
71 73 0
71 74 0
71 75 11
71 76 16
71 77 5
71 78 14
71 79 5
71 80 16
71 81 -1
71 82 10
71 83 7
71 84 8
71 85 5
71 86 4
71 87 10
71 88 12
71 89 11
71 90 12
71 91 9
71 92 6
71 93 9
71 94 4
71 95 1
71 96 9
71 97 22
71 98 8
71 99 11
71 100 17
71 101 14
71 102 -2
71 103 10
71 104 14
71 105 1
71 106 15
71 107 13
71 108 7
71 109 16
71 110 10
71 111 14
71 112 19
71 113 7
71 114 4
72 72 0
72 73 0
72 74 0
72 75 13
72 76 4
72 77 8
72 78 14
72 79 4
72 80 13
72 81 14
72 82 14
72 83 8
72 84 20
72 85 5
72 86 13
72 87 8
72 88 12
72 89 9
72 90 6
72 91 14
72 92 8
72 93 3
72 94 4
72 95 14
72 96 13
72 97 10
72 98 12
72 99 23
72 100 7
72 101 16
72 102 12
72 103 7
72 104 3
72 105 12
72 106 12
72 107 17
72 108 11
72 109 19
72 110 10
72 111 9
72 112 10
72 113 10
72 114 11
73 73 0
73 74 0
73 75 12
73 76 16
73 77 5
73 78 2
73 79 6
73 80 9
73 81 5
73 82 18
73 83 9
73 84 13
73 85 14
73 86 14
73 87 10
73 88 10
73 89 13
73 90 12
73 91 5
73 92 14
73 93 11
73 94 15
73 95 9
73 96 11
73 97 11
73 98 16
73 99 4
73 100 16
73 101 13
73 102 8
73 103 13
73 104 15
73 105 15
73 106 12
73 107 15
73 108 12
73 109 -1
73 110 12
73 111 11
73 112 8
73 113 8
73 114 9
74 74 0
74 75 3
74 76 18
74 77 10
74 78 14
74 79 7
74 80 2
74 81 17
74 82 16
74 83 13
74 84 14
74 85 19
74 86 10
74 87 12
74 88 6
74 89 1
74 90 14
74 91 15
74 92 6
74 93 13
74 94 9
74 95 14
74 96 19
74 97 5
74 98 18
74 99 7
74 100 9
74 101 5
74 102 7
74 103 11
74 104 -4
74 105 14
74 106 17
74 107 4
74 108 8
74 109 9
74 110 7
74 111 4
74 112 3
74 113 7
74 114 1
75 75 0
75 76 0
75 77 0
75 78 0
75 79 0
75 80 0
75 81 0
75 82 19
75 83 12
75 84 12
75 85 17
75 86 8
75 87 6
75 88 10
75 89 14
75 90 11
75 91 7
75 92 16
75 93 17
75 94 11
75 95 12
75 96 13
75 97 9
75 98 14
75 99 6
75 100 8
75 101 12
75 102 0
75 103 3
75 104 9
75 105 4
75 106 4
75 107 25
75 108 13
75 109 7
75 110 0
75 111 19
75 112 17
75 113 6
75 114 14
76 76 0
76 77 0
76 78 0
76 79 0
76 80 0
76 81 0
76 82 9
76 83 -1
76 84 10
76 85 19
76 86 15
76 87 7
76 88 10
76 89 10
76 90 13
76 91 11
76 92 5
76 93 8
76 94 11
76 95 8
76 96 18
76 97 3
76 98 5
76 99 7
76 100 15
76 101 11
76 102 11
76 103 16
76 104 14
76 105 0
76 106 7
76 107 9
76 108 6
76 109 12
76 110 8
76 111 11
76 112 19
76 113 5
76 114 14
77 77 0
77 78 0
77 79 0
77 80 0
77 81 0
77 82 12
77 83 12
77 84 9
77 85 10
77 86 10
77 87 21
77 88 8
77 89 12
77 90 18
77 91 17
77 92 -1
77 93 16
77 94 12
77 95 6
77 96 5
77 97 6
77 98 12
77 99 7
77 100 10
77 101 10
77 102 4
77 103 14
77 104 14
77 105 9
77 106 8
77 107 16
77 108 13
77 109 14
77 110 9
77 111 9
77 112 11
77 113 9
77 114 10
78 78 0
78 79 0
78 80 0
78 81 0
78 82 4
78 83 8
78 84 5
78 85 10
78 86 0
78 87 4
78 88 3
78 89 4
78 90 11
78 91 12
78 92 14
78 93 13
78 94 10
78 95 12
78 96 4
78 97 14
78 98 7
78 99 14
78 100 15
78 101 14
78 102 13
78 103 12
78 104 14
78 105 22
78 106 9
78 107 14
78 108 10
78 109 13
78 110 9
78 111 15
78 112 -1
78 113 13
78 114 16
79 79 0
79 80 0
79 81 0
79 82 16
79 83 11
79 84 19
79 85 11
79 86 9
79 87 8
79 88 11
79 89 13
79 90 8
79 91 8
79 92 17
79 93 7
79 94 11
79 95 3
79 96 11
79 97 7
79 98 11
79 99 11
79 100 10
79 101 -1
79 102 3
79 103 2
79 104 6
79 105 6
79 106 1
79 107 14
79 108 11
79 109 15
79 110 20
79 111 11
79 112 12
79 113 5
79 114 13
80 80 0
80 81 0
80 82 6
80 83 13
80 84 11
80 85 16
80 86 6
80 87 3
80 88 14
80 89 17
80 90 10
80 91 4
80 92 7
80 93 7
80 94 17
80 95 11
80 96 8
80 97 5
80 98 16
80 99 17
80 100 7
80 101 12
80 102 14
80 103 15
80 104 11
80 105 6
80 106 11
80 107 17
80 108 15
80 109 9
80 110 5
80 111 9
80 112 13
80 113 7
80 114 8
81 81 0
81 82 10
81 83 9
81 84 0
81 85 8
81 86 15
81 87 8
81 88 10
81 89 6
81 90 10
81 91 15
81 92 7
81 93 11
81 94 7
81 95 5
81 96 13
81 97 12
81 98 1
81 99 10
81 100 18
81 101 14
81 102 16
81 103 5
81 104 11
81 105 12
81 106 6
81 107 12
81 108 12
81 109 4
81 110 15
81 111 4
81 112 9
81 113 15
81 114 6
82 82 0
82 83 0
82 84 0
82 85 0
82 86 0
82 87 13
82 88 15
82 89 9
82 90 13
82 91 4
82 92 8
82 93 13
82 94 3
82 95 10
82 96 6
82 97 10
82 98 3
82 99 13
82 100 18
82 101 12
82 102 4
82 103 4
82 104 10
82 105 8
82 106 12
82 107 12
82 108 0
82 109 9
82 110 6
82 111 10
82 112 17
82 113 13
82 114 3
83 83 0
83 84 0
83 85 0
83 86 0
83 87 11
83 88 14
83 89 9
83 90 9
83 91 9
83 92 16
83 93 13
83 94 12
83 95 10
83 96 7
83 97 2
83 98 4
83 99 19
83 100 13
83 101 17
83 102 9
83 103 13
83 104 16
83 105 17
83 106 19
83 107 14
83 108 13
83 109 8
83 110 8
83 111 15
83 112 16
83 113 10
83 114 20
84 84 0
84 85 0
84 86 0
84 87 8
84 88 19
84 89 17
84 90 8
84 91 14
84 92 10
84 93 0
84 94 1
84 95 4
84 96 8
84 97 14
84 98 16
84 99 12
84 100 8
84 101 18
84 102 10
84 103 13
84 104 11
84 105 15
84 106 6
84 107 10
84 108 11
84 109 10
84 110 16
84 111 14
84 112 6
84 113 12
84 114 4
85 85 0
85 86 0
85 87 8
85 88 10
85 89 5
85 90 10
85 91 9
85 92 18
85 93 9
85 94 15
85 95 10
85 96 15
85 97 9
85 98 17
85 99 4
85 100 13
85 101 4
85 102 2
85 103 7
85 104 20
85 105 16
85 106 1
85 107 11
85 108 1
85 109 19
85 110 5
85 111 13
85 112 8
85 113 19
85 114 6
86 86 0
86 87 13
86 88 9
86 89 10
86 90 7
86 91 -1
86 92 6
86 93 12
86 94 5
86 95 24
86 96 11
86 97 14
86 98 10
86 99 17
86 100 6
86 101 9
86 102 5
86 103 15
86 104 7
86 105 17
86 106 14
86 107 13
86 108 -1
86 109 3
86 110 9
86 111 11
86 112 11
86 113 12
86 114 11
87 87 0
87 88 0
87 89 0
87 90 0
87 91 0
87 92 11
87 93 16
87 94 9
87 95 17
87 96 8
87 97 14
87 98 9
87 99 3
87 100 10
87 101 18
87 102 10
87 103 12
87 104 15
87 105 10
87 106 23
87 107 4
87 108 10
87 109 -2
87 110 13
87 111 7
87 112 17
87 113 5
87 114 -2
88 88 0
88 89 0
88 90 0
88 91 0
88 92 12
88 93 20
88 94 7
88 95 16
88 96 4
88 97 2
88 98 10
88 99 16
88 100 13
88 101 16
88 102 16
88 103 14
88 104 20
88 105 8
88 106 9
88 107 15
88 108 3
88 109 15
88 110 16
88 111 7
88 112 19
88 113 11
88 114 15
89 89 0
89 90 0
89 91 0
89 92 3
89 93 3
89 94 6
89 95 10
89 96 9
89 97 4
89 98 15
89 99 9
89 100 14
89 101 3
89 102 13
89 103 9
89 104 1
89 105 7
89 106 10
89 107 15
89 108 6
89 109 8
89 110 16
89 111 5
89 112 3
89 113 16
89 114 0
90 90 0
90 91 0
90 92 14
90 93 14
90 94 12
90 95 2
90 96 9
90 97 22
90 98 3
90 99 11
90 100 14
90 101 7
90 102 14
90 103 14
90 104 2
90 105 3
90 106 14
90 107 13
90 108 15
90 109 15
90 110 14
90 111 12
90 112 16
90 113 13
90 114 4
91 91 0
91 92 2
91 93 13
91 94 18
91 95 12
91 96 7
91 97 12
91 98 12
91 99 10
91 100 17
91 101 7
91 102 17
91 103 8
91 104 7
91 105 14
91 106 7
91 107 12
91 108 13
91 109 10
91 110 10
91 111 3
91 112 9
91 113 14
91 114 6
92 92 0
92 93 0
92 94 0
92 95 0
92 96 0
92 97 0
92 98 0
92 99 0
92 100 0
92 101 17
92 102 9
92 103 15
92 104 9
92 105 4
92 106 9
92 107 14
92 108 7
92 109 5
92 110 9
92 111 14
92 112 19
92 113 8
92 114 6
93 93 0
93 94 0
93 95 0
93 96 0
93 97 0
93 98 0
93 99 0
93 100 0
93 101 9
93 102 10
93 103 14
93 104 15
93 105 10
93 106 11
93 107 10
93 108 15
93 109 11
93 110 4
93 111 14
93 112 9
93 113 4
93 114 4
94 94 0
94 95 0
94 96 0
94 97 0
94 98 0
94 99 0
94 100 0
94 101 0
94 102 11
94 103 8
94 104 11
94 105 7
94 106 12
94 107 10
94 108 7
94 109 14
94 110 10
94 111 17
94 112 17
94 113 4
94 114 2
95 95 0
95 96 0
95 97 0
95 98 0
95 99 0
95 100 0
95 101 17
95 102 5
95 103 15
95 104 4
95 105 8
95 106 7
95 107 7
95 108 5
95 109 5
95 110 12
95 111 8
95 112 9
95 113 6
95 114 15
96 96 0
96 97 0
96 98 0
96 99 0
96 100 0
96 101 11
96 102 8
96 103 10
96 104 16
96 105 9
96 106 9
96 107 16
96 108 10
96 109 11
96 110 9
96 111 7
96 112 4
96 113 8
96 114 3
97 97 0
97 98 0
97 99 0
97 100 0
97 101 9
97 102 15
97 103 3
97 104 3
97 105 10
97 106 14
97 107 8
97 108 -2
97 109 10
97 110 13
97 111 8
97 112 12
97 113 17
97 114 11
98 98 0
98 99 0
98 100 0
98 101 8
98 102 9
98 103 13
98 104 16
98 105 13
98 106 14
98 107 22
98 108 5
98 109 9
98 110 8
98 111 10
98 112 15
98 113 3
98 114 10
99 99 0
99 100 0
99 101 9
99 102 7
99 103 11
99 104 12
99 105 7
99 106 3
99 107 11
99 108 5
99 109 11
99 110 10
99 111 8
99 112 15
99 113 14
99 114 15
100 100 0
100 101 14
100 102 18
100 103 6
100 104 7
100 105 11
100 106 11
100 107 13
100 108 13
100 109 10
100 110 4
100 111 17
100 112 17
100 113 10
100 114 14
101 101 0
101 102 0
101 103 0
101 104 0
101 105 0
101 106 0
101 107 0
101 108 16
101 109 11
101 110 13
101 111 14
101 112 6
101 113 13
101 114 15
102 102 0
102 103 0
102 104 0
102 105 0
102 106 0
102 107 0
102 108 18
102 109 11
102 110 4
102 111 16
102 112 3
102 113 11
102 114 4
103 103 0
103 104 0
103 105 0
103 106 0
103 107 0
103 108 8
103 109 15
103 110 17
103 111 7
103 112 9
103 113 8
103 114 20
104 104 0
104 105 0
104 106 0
104 107 0
104 108 15
104 109 16
104 110 7
104 111 17
104 112 13
104 113 11
104 114 10
105 105 0
105 106 0
105 107 0
105 108 13
105 109 12
105 110 16
105 111 22
105 112 7
105 113 9
105 114 16
106 106 0
106 107 0
106 108 8
106 109 10
106 110 6
106 111 14
106 112 7
106 113 8
106 114 18
107 107 0
107 108 18
107 109 4
107 110 8
107 111 18
107 112 5
107 113 6
107 114 16
108 108 0
108 109 0
108 110 0
108 111 0
108 112 0
108 113 0
108 114 0
109 109 0
109 110 0
109 111 0
109 112 0
109 113 0
109 114 0
110 110 0
110 111 0
110 112 0
110 113 0
110 114 0
111 111 0
111 112 0
111 113 0
111 114 0
112 112 0
112 113 0
112 114 0
113 113 0
113 114 0
114 114 0
