10
4
6
3
5
6
2
5
5
6
6
0 0 0
0 1 0
0 2 0
0 3 0
0 4 91
0 5 75
0 6 96
0 7 68
0 8 69
0 9 20
0 10 91
0 11 46
0 12 8
0 13 38
0 14 56
0 15 5
0 16 35
0 17 79
0 18 96
0 19 64
0 20 74
0 21 61
0 22 27
0 23 19
0 24 86
0 25 66
0 26 49
0 27 12
0 28 65
0 29 84
0 30 62
0 31 21
0 32 93
0 33 14
0 34 68
0 35 70
0 36 43
0 37 88
0 38 87
0 39 47
0 40 61
0 41 92
0 42 83
0 43 1
0 44 19
0 45 30
0 46 75
0 47 55
1 1 0
1 2 0
1 3 0
1 4 12
1 5 12
1 6 93
1 7 8
1 8 42
1 9 51
1 10 61
1 11 9
1 12 5
1 13 74
1 14 39
1 15 97
1 16 66
1 17 50
1 18 70
1 19 22
1 20 27
1 21 68
1 22 33
1 23 1
1 24 87
1 25 92
1 26 10
1 27 2
1 28 76
1 29 12
1 30 40
1 31 72
1 32 31
1 33 85
1 34 29
1 35 52
1 36 31
1 37 90
1 38 54
1 39 83
1 40 8
1 41 12
1 42 57
1 43 29
1 44 39
1 45 47
1 46 80
1 47 15
2 2 0
2 3 0
2 4 88
2 5 10
2 6 96
2 7 67
2 8 52
2 9 60
2 10 100
2 11 13
2 12 78
2 13 92
2 14 79
2 15 74
2 16 14
2 17 30
2 18 66
2 19 48
2 20 21
2 21 9
2 22 95
2 23 88
2 24 3
2 25 68
2 26 29
2 27 50
2 28 75
2 29 33
2 30 25
2 31 59
2 32 63
2 33 6
2 34 87
2 35 9
2 36 31
2 37 39
2 38 78
2 39 50
2 40 1
2 41 51
2 42 38
2 43 58
2 44 32
2 45 35
2 46 13
2 47 40
3 3 0
3 4 3
3 5 14
3 6 92
3 7 37
3 8 1
3 9 37
3 10 35
3 11 47
3 12 36
3 13 14
3 14 2
3 15 89
3 16 7
3 17 54
3 18 10
3 19 100
3 20 34
3 21 46
3 22 69
3 23 30
3 24 87
3 25 36
3 26 76
3 27 69
3 28 99
3 29 86
3 30 75
3 31 77
3 32 30
3 33 22
3 34 92
3 35 100
3 36 73
3 37 23
3 38 70
3 39 68
3 40 37
3 41 5
3 42 83
3 43 74
3 44 12
3 45 40
3 46 87
3 47 35
4 4 0
4 5 0
4 6 0
4 7 0
4 8 0
4 9 0
4 10 79
4 11 55
4 12 35
4 13 20
4 14 12
4 15 8
4 16 77
4 17 1
4 18 47
4 19 29
4 20 90
4 21 96
4 22 1
4 23 63
4 24 47
4 25 91
4 26 78
4 27 8
4 28 43
4 29 42
4 30 28
4 31 79
4 32 14
4 33 9
4 34 27
4 35 55
4 36 77
4 37 78
4 38 12
4 39 92
4 40 60
4 41 76
4 42 82
4 43 31
4 44 37
4 45 43
4 46 52
4 47 92
5 5 0
5 6 0
5 7 0
5 8 0
5 9 0
5 10 63
5 11 91
5 12 16
5 13 38
5 14 47
5 15 41
5 16 80
5 17 52
5 18 92
5 19 59
5 20 34
5 21 7
5 22 26
5 23 36
5 24 55
5 25 27
5 26 89
5 27 92
5 28 21
5 29 52
5 30 74
5 31 66
5 32 53
5 33 78
5 34 79
5 35 57
5 36 48
5 37 60
5 38 96
5 39 71
5 40 99
5 41 71
5 42 23
5 43 84
5 44 29
5 45 91
5 46 72
5 47 33
6 6 0
6 7 0
6 8 0
6 9 0
6 10 35
6 11 65
6 12 5
6 13 87
6 14 73
6 15 80
6 16 88
6 17 17
6 18 49
6 19 52
6 20 61
6 21 24
6 22 26
6 23 74
6 24 68
6 25 61
6 26 67
6 27 50
6 28 58
6 29 99
6 30 94
6 31 43
6 32 13
6 33 52
6 34 53
6 35 83
6 36 62
6 37 55
6 38 96
6 39 72
6 40 12
6 41 98
6 42 39
6 43 91
6 44 31
6 45 31
6 46 56
6 47 74
7 7 0
7 8 0
7 9 0
7 10 93
7 11 7
7 12 74
7 13 62
7 14 17
7 15 73
7 16 100
7 17 28
7 18 28
7 19 25
7 20 76
7 21 65
7 22 59
7 23 28
7 24 51
7 25 12
7 26 39
7 27 81
7 28 9
7 29 30
7 30 69
7 31 74
7 32 64
7 33 47
7 34 83
7 35 7
7 36 13
7 37 16
7 38 99
7 39 20
7 40 32
7 41 93
7 42 71
7 43 57
7 44 24
7 45 77
7 46 87
7 47 69
8 8 0
8 9 0
8 10 25
8 11 61
8 12 35
8 13 74
8 14 92
8 15 35
8 16 72
8 17 84
8 18 57
8 19 66
8 20 3
8 21 42
8 22 10
8 23 65
8 24 98
8 25 91
8 26 18
8 27 9
8 28 72
8 29 1
8 30 60
8 31 48
8 32 61
8 33 4
8 34 14
8 35 49
8 36 99
8 37 60
8 38 64
8 39 64
8 40 52
8 41 36
8 42 43
8 43 45
8 44 62
8 45 75
8 46 6
8 47 13
9 9 0
9 10 39
9 11 93
9 12 62
9 13 92
9 14 71
9 15 9
9 16 19
9 17 83
9 18 94
9 19 76
9 20 3
9 21 67
9 22 11
9 23 85
9 24 98
9 25 71
9 26 48
9 27 27
9 28 74
9 29 94
9 30 25
9 31 77
9 32 15
9 33 52
9 34 19
9 35 40
9 36 11
9 37 59
9 38 6
9 39 98
9 40 89
9 41 62
9 42 30
9 43 91
9 44 3
9 45 83
9 46 26
9 47 12
10 10 0
10 11 0
10 12 0
10 13 4
10 14 17
10 15 61
10 16 2
10 17 49
10 18 45
10 19 27
10 20 64
10 21 21
10 22 93
10 23 28
10 24 71
10 25 87
10 26 91
10 27 13
10 28 45
10 29 6
10 30 33
10 31 66
10 32 54
10 33 51
10 34 69
10 35 52
10 36 48
10 37 16
10 38 25
10 39 82
10 40 50
10 41 27
10 42 64
10 43 35
10 44 18
10 45 9
10 46 98
10 47 91
11 11 0
11 12 0
11 13 58
11 14 63
11 15 13
11 16 78
11 17 6
11 18 15
11 19 28
11 20 48
11 21 81
11 22 35
11 23 59
11 24 93
11 25 65
11 26 98
11 27 91
11 28 36
11 29 76
11 30 44
11 31 83
11 32 7
11 33 21
11 34 15
11 35 73
11 36 100
11 37 67
11 38 39
11 39 2
11 40 24
11 41 50
11 42 66
11 43 2
11 44 28
11 45 93
11 46 50
11 47 20
12 12 0
12 13 84
12 14 79
12 15 23
12 16 78
12 17 44
12 18 47
12 19 20
12 20 77
12 21 96
12 22 32
12 23 35
12 24 99
12 25 63
12 26 17
12 27 9
12 28 27
12 29 16
12 30 37
12 31 58
12 32 52
12 33 63
12 34 43
12 35 45
12 36 100
12 37 29
12 38 32
12 39 62
12 40 8
12 41 48
12 42 79
12 43 22
12 44 30
12 45 87
12 46 74
12 47 15
13 13 0
13 14 0
13 15 0
13 16 0
13 17 0
13 18 88
13 19 38
13 20 9
13 21 34
13 22 98
13 23 75
13 24 50
13 25 9
13 26 28
13 27 78
13 28 92
13 29 96
13 30 56
13 31 85
13 32 10
13 33 46
13 34 88
13 35 88
13 36 47
13 37 5
13 38 87
13 39 29
13 40 89
13 41 32
13 42 74
13 43 13
13 44 92
13 45 55
13 46 4
13 47 70
14 14 0
14 15 0
14 16 0
14 17 0
14 18 87
14 19 34
14 20 65
14 21 84
14 22 47
14 23 62
14 24 95
14 25 98
14 26 34
14 27 97
14 28 21
14 29 97
14 30 3
14 31 18
14 32 68
14 33 78
14 34 70
14 35 4
14 36 24
14 37 70
14 38 62
14 39 84
14 40 63
14 41 33
14 42 30
14 43 65
14 44 23
14 45 48
14 46 93
14 47 11
15 15 0
15 16 0
15 17 0
15 18 20
15 19 61
15 20 12
15 21 67
15 22 98
15 23 14
15 24 19
15 25 5
15 26 15
15 27 95
15 28 10
15 29 34
15 30 36
15 31 77
15 32 89
15 33 14
15 34 18
15 35 97
15 36 70
15 37 73
15 38 30
15 39 70
15 40 46
15 41 4
15 42 93
15 43 92
15 44 9
15 45 33
15 46 92
15 47 93
16 16 0
16 17 0
16 18 13
16 19 77
16 20 13
16 21 38
16 22 49
16 23 71
16 24 37
16 25 50
16 26 46
16 27 26
16 28 96
16 29 42
16 30 12
16 31 51
16 32 32
16 33 61
16 34 40
16 35 100
16 36 39
16 37 6
16 38 88
16 39 17
16 40 57
16 41 50
16 42 23
16 43 62
16 44 25
16 45 41
16 46 8
16 47 63
17 17 0
17 18 92
17 19 98
17 20 6
17 21 95
17 22 100
17 23 79
17 24 7
17 25 84
17 26 36
17 27 77
17 28 20
17 29 100
17 30 75
17 31 63
17 32 37
17 33 16
17 34 32
17 35 84
17 36 62
17 37 44
17 38 76
17 39 36
17 40 51
17 41 14
17 42 41
17 43 15
17 44 62
17 45 31
17 46 30
17 47 34
18 18 0
18 19 0
18 20 0
18 21 0
18 22 0
18 23 0
18 24 44
18 25 51
18 26 44
18 27 52
18 28 91
18 29 46
18 30 80
18 31 39
18 32 64
18 33 85
18 34 34
18 35 57
18 36 84
18 37 99
18 38 89
18 39 77
18 40 3
18 41 65
18 42 19
18 43 94
18 44 99
18 45 89
18 46 36
18 47 44
19 19 0
19 20 0
19 21 0
19 22 0
19 23 0
19 24 85
19 25 35
19 26 18
19 27 16
19 28 47
19 29 61
19 30 81
19 31 66
19 32 71
19 33 65
19 34 90
19 35 24
19 36 10
19 37 4
19 38 38
19 39 65
19 40 90
19 41 32
19 42 21
19 43 75
19 44 29
19 45 30
19 46 57
19 47 78
20 20 0
20 21 0
20 22 0
20 23 0
20 24 49
20 25 97
20 26 80
20 27 8
20 28 76
20 29 41
20 30 45
20 31 95
20 32 51
20 33 56
20 34 30
20 35 33
20 36 67
20 37 35
20 38 12
20 39 84
20 40 59
20 41 47
20 42 74
20 43 1
20 44 55
20 45 68
20 46 1
20 47 50
21 21 0
21 22 0
21 23 0
21 24 93
21 25 24
21 26 24
21 27 70
21 28 2
21 29 69
21 30 4
21 31 25
21 32 40
21 33 85
21 34 53
21 35 76
21 36 66
21 37 95
21 38 7
21 39 26
21 40 8
21 41 86
21 42 65
21 43 30
21 44 58
21 45 80
21 46 4
21 47 21
22 22 0
22 23 0
22 24 29
22 25 22
22 26 63
22 27 89
22 28 71
22 29 42
22 30 99
22 31 98
22 32 3
22 33 71
22 34 6
22 35 34
22 36 21
22 37 87
22 38 29
22 39 7
22 40 23
22 41 76
22 42 74
22 43 55
22 44 4
22 45 66
22 46 95
22 47 19
23 23 0
23 24 26
23 25 5
23 26 71
23 27 47
23 28 52
23 29 3
23 30 100
23 31 54
23 32 65
23 33 26
23 34 37
23 35 18
23 36 57
23 37 69
23 38 40
23 39 66
23 40 88
23 41 12
23 42 72
23 43 17
23 44 28
23 45 31
23 46 44
23 47 65
24 24 0
24 25 0
24 26 95
24 27 56
24 28 1
24 29 81
24 30 69
24 31 27
24 32 70
24 33 6
24 34 26
24 35 22
24 36 1
24 37 47
24 38 73
24 39 40
24 40 37
24 41 72
24 42 30
24 43 54
24 44 48
24 45 14
24 46 88
24 47 33
25 25 0
25 26 46
25 27 99
25 28 18
25 29 94
25 30 77
25 31 23
25 32 56
25 33 97
25 34 91
25 35 4
25 36 50
25 37 88
25 38 27
25 39 59
25 40 8
25 41 63
25 42 65
25 43 35
25 44 18
25 45 52
25 46 67
25 47 39
26 26 0
26 27 0
26 28 0
26 29 0
26 30 0
26 31 35
26 32 93
26 33 42
26 34 96
26 35 88
26 36 43
26 37 24
26 38 43
26 39 52
26 40 82
26 41 65
26 42 37
26 43 26
26 44 30
26 45 32
26 46 66
26 47 43
27 27 0
27 28 0
27 29 0
27 30 0
27 31 53
27 32 95
27 33 28
27 34 45
27 35 18
27 36 92
27 37 3
27 38 88
27 39 7
27 40 77
27 41 74
27 42 87
27 43 67
27 44 34
27 45 99
27 46 38
27 47 18
28 28 0
28 29 0
28 30 0
28 31 37
28 32 100
28 33 5
28 34 2
28 35 72
28 36 97
28 37 54
28 38 5
28 39 97
28 40 38
28 41 48
28 42 27
28 43 14
28 44 61
28 45 10
28 46 27
28 47 74
29 29 0
29 30 0
29 31 5
29 32 71
29 33 35
29 34 56
29 35 72
29 36 45
29 37 73
29 38 61
29 39 64
29 40 35
29 41 96
29 42 39
29 43 5
29 44 16
29 45 19
29 46 80
29 47 69
30 30 0
30 31 16
30 32 42
30 33 61
30 34 2
30 35 42
30 36 13
30 37 83
30 38 59
30 39 35
30 40 95
30 41 96
30 42 97
30 43 95
30 44 71
30 45 82
30 46 9
30 47 81
31 31 0
31 32 0
31 33 0
31 34 0
31 35 0
31 36 11
31 37 86
31 38 35
31 39 12
31 40 24
31 41 84
31 42 33
31 43 55
31 44 28
31 45 13
31 46 93
31 47 92
32 32 0
32 33 0
32 34 0
32 35 0
32 36 2
32 37 94
32 38 78
32 39 64
32 40 20
32 41 38
32 42 68
32 43 21
32 44 28
32 45 14
32 46 52
32 47 84
33 33 0
33 34 0
33 35 0
33 36 11
33 37 43
33 38 62
33 39 3
33 40 33
33 41 30
33 42 25
33 43 52
33 44 95
33 45 61
33 46 33
33 47 83
34 34 0
34 35 0
34 36 58
34 37 59
34 38 71
34 39 57
34 40 64
34 41 85
34 42 72
34 43 82
34 44 43
34 45 68
34 46 40
34 47 20
35 35 0
35 36 25
35 37 11
35 38 40
35 39 91
35 40 44
35 41 45
35 42 30
35 43 69
35 44 74
35 45 70
35 46 37
35 47 72
36 36 0
36 37 0
36 38 0
36 39 0
36 40 0
36 41 0
36 42 85
36 43 28
36 44 4
36 45 65
36 46 75
36 47 79
37 37 0
37 38 0
37 39 0
37 40 0
37 41 0
37 42 81
37 43 80
37 44 63
37 45 58
37 46 78
37 47 36
38 38 0
38 39 0
38 40 0
38 41 0
38 42 21
38 43 3
38 44 47
38 45 82
38 46 3
38 47 85
39 39 0
39 40 0
39 41 0
39 42 76
39 43 65
39 44 64
39 45 38
39 46 12
39 47 46
40 40 0
40 41 0
40 42 41
40 43 30
40 44 89
40 45 68
40 46 71
40 47 31
41 41 0
41 42 40
41 43 31
41 44 44
41 45 66
41 46 90
41 47 99
42 42 0
42 43 0
42 44 0
42 45 0
42 46 0
42 47 0
43 43 0
43 44 0
43 45 0
43 46 0
43 47 0
44 44 0
44 45 0
44 46 0
44 47 0
45 45 0
45 46 0
45 47 0
46 46 0
46 47 0
47 47 0
