10
20
3
3
19
6
11
8
19
20
19
0 0 0
0 1 0
0 2 0
0 3 0
0 4 0
0 5 0
0 6 0
0 7 0
0 8 0
0 9 0
0 10 0
0 11 0
0 12 0
0 13 0
0 14 0
0 15 0
0 16 0
0 17 0
0 18 0
0 19 0
0 20 8
0 21 3
0 22 3
0 23 2
0 24 7
0 25 4
0 26 4
0 27 4
0 28 1
0 29 7
0 30 2
0 31 7
0 32 3
0 33 5
0 34 2
0 35 2
0 36 8
0 37 5
0 38 2
0 39 6
0 40 5
0 41 3
0 42 2
0 43 2
0 44 6
0 45 7
0 46 7
0 47 5
0 48 2
0 49 5
0 50 7
0 51 8
0 52 2
0 53 1
0 54 7
0 55 5
0 56 8
0 57 1
0 58 5
0 59 6
0 60 4
0 61 4
0 62 7
0 63 6
0 64 1
0 65 1
0 66 5
0 67 3
0 68 4
0 69 7
0 70 3
0 71 4
0 72 8
0 73 4
0 74 1
0 75 5
0 76 3
0 77 1
0 78 2
0 79 7
0 80 3
0 81 5
0 82 1
0 83 7
0 84 8
0 85 5
0 86 6
0 87 8
0 88 4
0 89 4
0 90 8
0 91 1
0 92 7
0 93 5
0 94 6
0 95 7
0 96 1
0 97 3
0 98 8
0 99 2
0 100 6
0 101 3
0 102 3
0 103 2
0 104 3
0 105 8
0 106 6
0 107 4
0 108 3
0 109 6
0 110 7
0 111 5
0 112 5
0 113 4
0 114 3
0 115 7
0 116 2
0 117 2
0 118 5
0 119 1
0 120 5
0 121 8
0 122 4
0 123 4
0 124 1
0 125 8
0 126 4
0 127 4
1 1 0
1 2 0
1 3 0
1 4 0
1 5 0
1 6 0
1 7 0
1 8 0
1 9 0
1 10 0
1 11 0
1 12 0
1 13 0
1 14 0
1 15 0
1 16 0
1 17 0
1 18 0
1 19 0
1 20 2
1 21 3
1 22 1
1 23 6
1 24 8
1 25 4
1 26 4
1 27 3
1 28 6
1 29 7
1 30 1
1 31 1
1 32 8
1 33 4
1 34 3
1 35 3
1 36 6
1 37 8
1 38 5
1 39 2
1 40 4
1 41 6
1 42 8
1 43 5
1 44 4
1 45 5
1 46 5
1 47 1
1 48 4
1 49 7
1 50 3
1 51 8
1 52 4
1 53 5
1 54 7
1 55 3
1 56 7
1 57 1
1 58 3
1 59 4
1 60 2
1 61 5
1 62 5
1 63 4
1 64 3
1 65 2
1 66 3
1 67 6
1 68 6
1 69 3
1 70 4
1 71 2
1 72 8
1 73 3
1 74 8
1 75 7
1 76 4
1 77 2
1 78 8
1 79 7
1 80 5
1 81 6
1 82 2
1 83 7
1 84 3
1 85 4
1 86 1
1 87 7
1 88 4
1 89 5
1 90 7
1 91 4
1 92 5
1 93 5
1 94 5
1 95 5
1 96 2
1 97 5
1 98 4
1 99 8
1 100 4
1 101 5
1 102 5
1 103 2
1 104 3
1 105 2
1 106 6
1 107 2
1 108 6
1 109 4
1 110 5
1 111 7
1 112 1
1 113 6
1 114 3
1 115 4
1 116 2
1 117 6
1 118 6
1 119 3
1 120 4
1 121 7
1 122 3
1 123 3
1 124 1
1 125 8
1 126 7
1 127 6
2 2 0
2 3 0
2 4 0
2 5 0
2 6 0
2 7 0
2 8 0
2 9 0
2 10 0
2 11 0
2 12 0
2 13 0
2 14 0
2 15 0
2 16 0
2 17 0
2 18 0
2 19 0
2 20 6
2 21 3
2 22 6
2 23 7
2 24 7
2 25 2
2 26 7
2 27 3
2 28 5
2 29 1
2 30 3
2 31 8
2 32 1
2 33 6
2 34 3
2 35 8
2 36 6
2 37 4
2 38 7
2 39 5
2 40 5
2 41 7
2 42 8
2 43 7
2 44 8
2 45 7
2 46 3
2 47 8
2 48 1
2 49 8
2 50 8
2 51 2
2 52 8
2 53 1
2 54 4
2 55 6
2 56 1
2 57 6
2 58 6
2 59 6
2 60 4
2 61 2
2 62 8
2 63 2
2 64 7
2 65 4
2 66 4
2 67 4
2 68 3
2 69 6
2 70 4
2 71 1
2 72 6
2 73 2
2 74 6
2 75 3
2 76 6
2 77 2
2 78 2
2 79 6
2 80 8
2 81 4
2 82 7
2 83 7
2 84 2
2 85 3
2 86 4
2 87 7
2 88 2
2 89 5
2 90 3
2 91 7
2 92 3
2 93 7
2 94 2
2 95 2
2 96 6
2 97 5
2 98 6
2 99 1
2 100 4
2 101 5
2 102 4
2 103 7
2 104 6
2 105 5
2 106 8
2 107 5
2 108 7
2 109 8
2 110 1
2 111 8
2 112 5
2 113 4
2 114 1
2 115 5
2 116 8
2 117 4
2 118 1
2 119 4
2 120 4
2 121 5
2 122 7
2 123 5
2 124 8
2 125 3
2 126 1
2 127 2
3 3 0
3 4 0
3 5 0
3 6 0
3 7 0
3 8 0
3 9 0
3 10 0
3 11 0
3 12 0
3 13 0
3 14 0
3 15 0
3 16 0
3 17 0
3 18 0
3 19 0
3 20 6
3 21 3
3 22 4
3 23 5
3 24 6
3 25 4
3 26 2
3 27 8
3 28 8
3 29 2
3 30 7
3 31 7
3 32 6
3 33 3
3 34 2
3 35 4
3 36 7
3 37 7
3 38 1
3 39 6
3 40 2
3 41 1
3 42 3
3 43 1
3 44 1
3 45 1
3 46 5
3 47 8
3 48 5
3 49 2
3 50 6
3 51 5
3 52 7
3 53 8
3 54 6
3 55 3
3 56 2
3 57 8
3 58 5
3 59 4
3 60 1
3 61 8
3 62 2
3 63 2
3 64 5
3 65 3
3 66 3
3 67 2
3 68 8
3 69 3
3 70 4
3 71 1
3 72 5
3 73 8
3 74 3
3 75 7
3 76 8
3 77 2
3 78 4
3 79 4
3 80 8
3 81 1
3 82 8
3 83 6
3 84 5
3 85 3
3 86 3
3 87 4
3 88 5
3 89 6
3 90 5
3 91 1
3 92 7
3 93 3
3 94 1
3 95 7
3 96 5
3 97 2
3 98 4
3 99 4
3 100 4
3 101 5
3 102 6
3 103 7
3 104 6
3 105 5
3 106 6
3 107 7
3 108 5
3 109 1
3 110 8
3 111 7
3 112 1
3 113 8
3 114 1
3 115 7
3 116 8
3 117 3
3 118 4
3 119 4
3 120 1
3 121 5
3 122 7
3 123 7
3 124 4
3 125 6
3 126 8
3 127 3
4 4 0
4 5 0
4 6 0
4 7 0
4 8 0
4 9 0
4 10 0
4 11 0
4 12 0
4 13 0
4 14 0
4 15 0
4 16 0
4 17 0
4 18 0
4 19 0
4 20 6
4 21 8
4 22 4
4 23 5
4 24 3
4 25 4
4 26 1
4 27 3
4 28 8
4 29 7
4 30 2
4 31 4
4 32 5
4 33 5
4 34 6
4 35 5
4 36 4
4 37 5
4 38 8
4 39 4
4 40 6
4 41 4
4 42 2
4 43 4
4 44 1
4 45 6
4 46 3
4 47 1
4 48 4
4 49 4
4 50 5
4 51 5
4 52 2
4 53 1
4 54 6
4 55 3
4 56 5
4 57 3
4 58 7
4 59 8
4 60 4
4 61 3
4 62 1
4 63 1
4 64 8
4 65 1
4 66 3
4 67 1
4 68 4
4 69 7
4 70 5
4 71 4
4 72 8
4 73 5
4 74 1
4 75 6
4 76 2
4 77 4
4 78 8
4 79 7
4 80 2
4 81 5
4 82 1
4 83 8
4 84 6
4 85 8
4 86 7
4 87 5
4 88 4
4 89 4
4 90 8
4 91 1
4 92 6
4 93 4
4 94 2
4 95 7
4 96 5
4 97 6
4 98 8
4 99 1
4 100 7
4 101 1
4 102 5
4 103 3
4 104 7
4 105 5
4 106 1
4 107 3
4 108 5
4 109 8
4 110 4
4 111 4
4 112 6
4 113 7
4 114 7
4 115 8
4 116 6
4 117 6
4 118 8
4 119 6
4 120 6
4 121 4
4 122 3
4 123 5
4 124 8
4 125 7
4 126 7
4 127 4
5 5 0
5 6 0
5 7 0
5 8 0
5 9 0
5 10 0
5 11 0
5 12 0
5 13 0
5 14 0
5 15 0
5 16 0
5 17 0
5 18 0
5 19 0
5 20 3
5 21 7
5 22 2
5 23 7
5 24 4
5 25 8
5 26 7
5 27 2
5 28 5
5 29 6
5 30 1
5 31 5
5 32 6
5 33 3
5 34 2
5 35 3
5 36 1
5 37 7
5 38 2
5 39 1
5 40 4
5 41 6
5 42 7
5 43 8
5 44 8
5 45 7
5 46 8
5 47 5
5 48 6
5 49 1
5 50 8
5 51 8
5 52 4
5 53 4
5 54 6
5 55 4
5 56 8
5 57 7
5 58 6
5 59 2
5 60 8
5 61 6
5 62 2
5 63 3
5 64 2
5 65 4
5 66 4
5 67 1
5 68 8
5 69 2
5 70 2
5 71 6
5 72 3
5 73 2
5 74 5
5 75 5
5 76 3
5 77 8
5 78 7
5 79 2
5 80 3
5 81 3
5 82 5
5 83 6
5 84 2
5 85 3
5 86 3
5 87 5
5 88 4
5 89 7
5 90 1
5 91 8
5 92 1
5 93 6
5 94 7
5 95 5
5 96 8
5 97 2
5 98 1
5 99 7
5 100 7
5 101 4
5 102 5
5 103 5
5 104 1
5 105 5
5 106 2
5 107 1
5 108 1
5 109 7
5 110 4
5 111 2
5 112 5
5 113 3
5 114 2
5 115 1
5 116 6
5 117 4
5 118 1
5 119 1
5 120 3
5 121 7
5 122 4
5 123 2
5 124 6
5 125 4
5 126 3
5 127 1
6 6 0
6 7 0
6 8 0
6 9 0
6 10 0
6 11 0
6 12 0
6 13 0
6 14 0
6 15 0
6 16 0
6 17 0
6 18 0
6 19 0
6 20 1
6 21 3
6 22 3
6 23 4
6 24 1
6 25 2
6 26 4
6 27 7
6 28 1
6 29 1
6 30 8
6 31 6
6 32 8
6 33 8
6 34 7
6 35 4
6 36 8
6 37 4
6 38 2
6 39 6
6 40 3
6 41 7
6 42 3
6 43 1
6 44 5
6 45 8
6 46 7
6 47 2
6 48 1
6 49 5
6 50 4
6 51 1
6 52 7
6 53 7
6 54 4
6 55 5
6 56 7
6 57 3
6 58 3
6 59 3
6 60 1
6 61 2
6 62 1
6 63 6
6 64 6
6 65 5
6 66 5
6 67 1
6 68 6
6 69 6
6 70 5
6 71 5
6 72 5
6 73 1
6 74 6
6 75 5
6 76 5
6 77 1
6 78 7
6 79 4
6 80 6
6 81 5
6 82 7
6 83 5
6 84 5
6 85 8
6 86 8
6 87 1
6 88 7
6 89 6
6 90 8
6 91 7
6 92 5
6 93 5
6 94 5
6 95 8
6 96 8
6 97 7
6 98 7
6 99 2
6 100 2
6 101 7
6 102 5
6 103 1
6 104 6
6 105 8
6 106 5
6 107 8
6 108 6
6 109 7
6 110 5
6 111 3
6 112 7
6 113 7
6 114 1
6 115 3
6 116 5
6 117 4
6 118 4
6 119 2
6 120 2
6 121 4
6 122 5
6 123 3
6 124 8
6 125 5
6 126 1
6 127 8
7 7 0
7 8 0
7 9 0
7 10 0
7 11 0
7 12 0
7 13 0
7 14 0
7 15 0
7 16 0
7 17 0
7 18 0
7 19 0
7 20 2
7 21 3
7 22 7
7 23 6
7 24 8
7 25 5
7 26 5
7 27 8
7 28 8
7 29 5
7 30 4
7 31 4
7 32 1
7 33 1
7 34 5
7 35 4
7 36 8
7 37 8
7 38 5
7 39 6
7 40 4
7 41 3
7 42 7
7 43 6
7 44 5
7 45 2
7 46 6
7 47 6
7 48 5
7 49 8
7 50 2
7 51 2
7 52 2
7 53 8
7 54 8
7 55 3
7 56 3
7 57 3
7 58 4
7 59 4
7 60 4
7 61 1
7 62 4
7 63 4
7 64 1
7 65 8
7 66 7
7 67 8
7 68 2
7 69 6
7 70 6
7 71 8
7 72 5
7 73 5
7 74 3
7 75 8
7 76 4
7 77 5
7 78 4
7 79 3
7 80 6
7 81 7
7 82 1
7 83 5
7 84 3
7 85 4
7 86 4
7 87 1
7 88 8
7 89 1
7 90 2
7 91 2
7 92 8
7 93 8
7 94 4
7 95 1
7 96 3
7 97 6
7 98 5
7 99 8
7 100 8
7 101 3
7 102 4
7 103 8
7 104 1
7 105 1
7 106 3
7 107 7
7 108 3
7 109 7
7 110 2
7 111 5
7 112 7
7 113 2
7 114 7
7 115 7
7 116 6
7 117 7
7 118 8
7 119 7
7 120 5
7 121 7
7 122 5
7 123 7
7 124 5
7 125 4
7 126 8
7 127 4
8 8 0
8 9 0
8 10 0
8 11 0
8 12 0
8 13 0
8 14 0
8 15 0
8 16 0
8 17 0
8 18 0
8 19 0
8 20 5
8 21 8
8 22 8
8 23 6
8 24 4
8 25 1
8 26 5
8 27 5
8 28 5
8 29 7
8 30 2
8 31 4
8 32 5
8 33 8
8 34 1
8 35 8
8 36 7
8 37 3
8 38 6
8 39 8
8 40 2
8 41 7
8 42 6
8 43 4
8 44 8
8 45 6
8 46 1
8 47 3
8 48 4
8 49 8
8 50 7
8 51 7
8 52 7
8 53 5
8 54 5
8 55 4
8 56 1
8 57 3
8 58 3
8 59 2
8 60 6
8 61 6
8 62 2
8 63 5
8 64 3
8 65 2
8 66 2
8 67 5
8 68 3
8 69 8
8 70 3
8 71 1
8 72 7
8 73 1
8 74 8
8 75 1
8 76 1
8 77 8
8 78 5
8 79 5
8 80 4
8 81 3
8 82 1
8 83 8
8 84 7
8 85 2
8 86 5
8 87 8
8 88 1
8 89 3
8 90 2
8 91 5
8 92 5
8 93 6
8 94 4
8 95 1
8 96 3
8 97 3
8 98 3
8 99 5
8 100 5
8 101 3
8 102 4
8 103 8
8 104 8
8 105 6
8 106 4
8 107 1
8 108 7
8 109 3
8 110 4
8 111 1
8 112 7
8 113 8
8 114 4
8 115 4
8 116 3
8 117 6
8 118 4
8 119 8
8 120 4
8 121 4
8 122 7
8 123 5
8 124 2
8 125 2
8 126 7
8 127 6
9 9 0
9 10 0
9 11 0
9 12 0
9 13 0
9 14 0
9 15 0
9 16 0
9 17 0
9 18 0
9 19 0
9 20 4
9 21 2
9 22 4
9 23 4
9 24 8
9 25 8
9 26 4
9 27 3
9 28 7
9 29 7
9 30 6
9 31 4
9 32 5
9 33 5
9 34 1
9 35 6
9 36 6
9 37 2
9 38 2
9 39 3
9 40 4
9 41 2
9 42 8
9 43 2
9 44 4
9 45 3
9 46 5
9 47 1
9 48 2
9 49 1
9 50 5
9 51 3
9 52 8
9 53 1
9 54 3
9 55 7
9 56 6
9 57 7
9 58 5
9 59 7
9 60 3
9 61 2
9 62 2
9 63 7
9 64 8
9 65 6
9 66 3
9 67 1
9 68 7
9 69 6
9 70 6
9 71 3
9 72 1
9 73 2
9 74 1
9 75 6
9 76 4
9 77 7
9 78 8
9 79 4
9 80 8
9 81 5
9 82 8
9 83 6
9 84 8
9 85 6
9 86 3
9 87 5
9 88 1
9 89 3
9 90 2
9 91 2
9 92 3
9 93 6
9 94 5
9 95 1
9 96 4
9 97 2
9 98 6
9 99 8
9 100 7
9 101 5
9 102 4
9 103 4
9 104 5
9 105 5
9 106 3
9 107 7
9 108 8
9 109 2
9 110 8
9 111 5
9 112 3
9 113 5
9 114 4
9 115 8
9 116 1
9 117 3
9 118 8
9 119 4
9 120 4
9 121 1
9 122 1
9 123 1
9 124 3
9 125 7
9 126 5
9 127 8
10 10 0
10 11 0
10 12 0
10 13 0
10 14 0
10 15 0
10 16 0
10 17 0
10 18 0
10 19 0
10 20 4
10 21 1
10 22 6
10 23 1
10 24 3
10 25 3
10 26 5
10 27 4
10 28 8
10 29 8
10 30 5
10 31 2
10 32 7
10 33 6
10 34 6
10 35 8
10 36 1
10 37 6
10 38 6
10 39 4
10 40 3
10 41 7
10 42 3
10 43 5
10 44 4
10 45 4
10 46 7
10 47 5
10 48 1
10 49 4
10 50 7
10 51 7
10 52 4
10 53 4
10 54 8
10 55 2
10 56 2
10 57 2
10 58 4
10 59 5
10 60 6
10 61 4
10 62 3
10 63 4
10 64 3
10 65 2
10 66 1
10 67 2
10 68 8
10 69 3
10 70 1
10 71 2
10 72 4
10 73 6
10 74 4
10 75 3
10 76 1
10 77 1
10 78 7
10 79 7
10 80 1
10 81 5
10 82 1
10 83 3
10 84 8
10 85 7
10 86 5
10 87 6
10 88 5
10 89 7
10 90 4
10 91 5
10 92 5
10 93 8
10 94 5
10 95 3
10 96 2
10 97 2
10 98 8
10 99 8
10 100 8
10 101 3
10 102 6
10 103 2
10 104 6
10 105 1
10 106 1
10 107 6
10 108 4
10 109 1
10 110 8
10 111 7
10 112 1
10 113 1
10 114 8
10 115 6
10 116 7
10 117 5
10 118 8
10 119 2
10 120 7
10 121 2
10 122 7
10 123 8
10 124 5
10 125 2
10 126 6
10 127 3
11 11 0
11 12 0
11 13 0
11 14 0
11 15 0
11 16 0
11 17 0
11 18 0
11 19 0
11 20 8
11 21 2
11 22 6
11 23 1
11 24 4
11 25 2
11 26 3
11 27 6
11 28 4
11 29 6
11 30 5
11 31 4
11 32 8
11 33 3
11 34 8
11 35 2
11 36 3
11 37 7
11 38 2
11 39 8
11 40 6
11 41 6
11 42 8
11 43 1
11 44 2
11 45 8
11 46 4
11 47 8
11 48 1
11 49 3
11 50 7
11 51 2
11 52 5
11 53 2
11 54 2
11 55 7
11 56 7
11 57 2
11 58 5
11 59 4
11 60 1
11 61 4
11 62 2
11 63 5
11 64 6
11 65 5
11 66 1
11 67 1
11 68 6
11 69 7
11 70 8
11 71 2
11 72 4
11 73 6
11 74 5
11 75 4
11 76 4
11 77 3
11 78 7
11 79 6
11 80 4
11 81 1
11 82 1
11 83 8
11 84 1
11 85 7
11 86 1
11 87 6
11 88 3
11 89 6
11 90 6
11 91 8
11 92 3
11 93 4
11 94 7
11 95 3
11 96 5
11 97 7
11 98 1
11 99 4
11 100 5
11 101 3
11 102 4
11 103 6
11 104 3
11 105 1
11 106 5
11 107 6
11 108 7
11 109 1
11 110 8
11 111 4
11 112 3
11 113 2
11 114 1
11 115 5
11 116 7
11 117 1
11 118 1
11 119 2
11 120 2
11 121 1
11 122 4
11 123 6
11 124 1
11 125 8
11 126 2
11 127 5
12 12 0
12 13 0
12 14 0
12 15 0
12 16 0
12 17 0
12 18 0
12 19 0
12 20 2
12 21 6
12 22 8
12 23 8
12 24 7
12 25 3
12 26 6
12 27 4
12 28 3
12 29 3
12 30 6
12 31 4
12 32 7
12 33 7
12 34 1
12 35 6
12 36 2
12 37 2
12 38 8
12 39 4
12 40 8
12 41 4
12 42 5
12 43 2
12 44 4
12 45 1
12 46 1
12 47 5
12 48 4
12 49 7
12 50 8
12 51 5
12 52 3
12 53 5
12 54 4
12 55 2
12 56 1
12 57 7
12 58 2
12 59 7
12 60 4
12 61 4
12 62 7
12 63 1
12 64 2
12 65 3
12 66 6
12 67 3
12 68 3
12 69 5
12 70 5
12 71 8
12 72 8
12 73 7
12 74 6
12 75 8
12 76 3
12 77 3
12 78 8
12 79 3
12 80 3
12 81 8
12 82 3
12 83 1
12 84 3
12 85 8
12 86 3
12 87 6
12 88 8
12 89 5
12 90 8
12 91 6
12 92 7
12 93 4
12 94 8
12 95 2
12 96 5
12 97 2
12 98 5
12 99 6
12 100 7
12 101 4
12 102 5
12 103 7
12 104 3
12 105 4
12 106 2
12 107 8
12 108 8
12 109 2
12 110 1
12 111 6
12 112 2
12 113 6
12 114 5
12 115 8
12 116 3
12 117 7
12 118 7
12 119 2
12 120 1
12 121 7
12 122 7
12 123 3
12 124 5
12 125 5
12 126 4
12 127 4
13 13 0
13 14 0
13 15 0
13 16 0
13 17 0
13 18 0
13 19 0
13 20 8
13 21 7
13 22 7
13 23 5
13 24 5
13 25 2
13 26 2
13 27 7
13 28 8
13 29 8
13 30 2
13 31 2
13 32 2
13 33 3
13 34 7
13 35 8
13 36 2
13 37 5
13 38 5
13 39 7
13 40 8
13 41 8
13 42 1
13 43 6
13 44 2
13 45 3
13 46 1
13 47 2
13 48 5
13 49 4
13 50 8
13 51 3
13 52 6
13 53 2
13 54 8
13 55 2
13 56 7
13 57 8
13 58 3
13 59 2
13 60 4
13 61 4
13 62 6
13 63 3
13 64 3
13 65 5
13 66 6
13 67 1
13 68 2
13 69 3
13 70 5
13 71 2
13 72 6
13 73 2
13 74 5
13 75 5
13 76 5
13 77 6
13 78 6
13 79 8
13 80 5
13 81 2
13 82 8
13 83 7
13 84 8
13 85 2
13 86 6
13 87 8
13 88 6
13 89 4
13 90 7
13 91 2
13 92 8
13 93 4
13 94 1
13 95 7
13 96 3
13 97 1
13 98 4
13 99 1
13 100 1
13 101 3
13 102 5
13 103 2
13 104 6
13 105 3
13 106 3
13 107 5
13 108 7
13 109 5
13 110 2
13 111 2
13 112 6
13 113 5
13 114 4
13 115 1
13 116 7
13 117 3
13 118 4
13 119 5
13 120 4
13 121 8
13 122 5
13 123 6
13 124 8
13 125 5
13 126 1
13 127 1
14 14 0
14 15 0
14 16 0
14 17 0
14 18 0
14 19 0
14 20 1
14 21 7
14 22 8
14 23 7
14 24 2
14 25 5
14 26 8
14 27 2
14 28 1
14 29 5
14 30 6
14 31 4
14 32 7
14 33 2
14 34 2
14 35 5
14 36 7
14 37 5
14 38 5
14 39 8
14 40 1
14 41 6
14 42 1
14 43 3
14 44 3
14 45 8
14 46 1
14 47 4
14 48 7
14 49 6
14 50 3
14 51 6
14 52 3
14 53 7
14 54 6
14 55 7
14 56 6
14 57 8
14 58 2
14 59 7
14 60 8
14 61 6
14 62 5
14 63 3
14 64 6
14 65 2
14 66 2
14 67 3
14 68 5
14 69 3
14 70 6
14 71 4
14 72 1
14 73 6
14 74 4
14 75 5
14 76 1
14 77 6
14 78 5
14 79 2
14 80 5
14 81 8
14 82 7
14 83 2
14 84 5
14 85 4
14 86 3
14 87 5
14 88 8
14 89 4
14 90 3
14 91 8
14 92 7
14 93 3
14 94 5
14 95 6
14 96 5
14 97 2
14 98 4
14 99 5
14 100 4
14 101 8
14 102 4
14 103 6
14 104 6
14 105 3
14 106 5
14 107 1
14 108 5
14 109 7
14 110 1
14 111 2
14 112 6
14 113 6
14 114 5
14 115 5
14 116 1
14 117 7
14 118 6
14 119 5
14 120 8
14 121 5
14 122 6
14 123 1
14 124 4
14 125 8
14 126 5
14 127 5
15 15 0
15 16 0
15 17 0
15 18 0
15 19 0
15 20 2
15 21 3
15 22 2
15 23 1
15 24 2
15 25 1
15 26 3
15 27 1
15 28 5
15 29 6
15 30 6
15 31 5
15 32 2
15 33 6
15 34 6
15 35 2
15 36 1
15 37 1
15 38 5
15 39 3
15 40 7
15 41 8
15 42 8
15 43 1
15 44 3
15 45 4
15 46 2
15 47 1
15 48 5
15 49 7
15 50 2
15 51 8
15 52 7
15 53 3
15 54 8
15 55 6
15 56 5
15 57 4
15 58 7
15 59 6
15 60 1
15 61 5
15 62 2
15 63 6
15 64 3
15 65 3
15 66 1
15 67 4
15 68 2
15 69 4
15 70 3
15 71 8
15 72 2
15 73 1
15 74 7
15 75 8
15 76 6
15 77 3
15 78 5
15 79 2
15 80 3
15 81 4
15 82 3
15 83 5
15 84 3
15 85 5
15 86 4
15 87 4
15 88 6
15 89 2
15 90 4
15 91 2
15 92 4
15 93 7
15 94 6
15 95 5
15 96 1
15 97 1
15 98 3
15 99 7
15 100 3
15 101 1
15 102 7
15 103 3
15 104 8
15 105 2
15 106 4
15 107 3
15 108 4
15 109 4
15 110 5
15 111 6
15 112 8
15 113 5
15 114 5
15 115 1
15 116 4
15 117 3
15 118 7
15 119 5
15 120 5
15 121 1
15 122 6
15 123 2
15 124 5
15 125 6
15 126 7
15 127 6
16 16 0
16 17 0
16 18 0
16 19 0
16 20 7
16 21 3
16 22 1
16 23 4
16 24 4
16 25 7
16 26 4
16 27 5
16 28 2
16 29 1
16 30 7
16 31 8
16 32 4
16 33 6
16 34 5
16 35 2
16 36 2
16 37 3
16 38 2
16 39 5
16 40 4
16 41 6
16 42 1
16 43 2
16 44 1
16 45 8
16 46 6
16 47 7
16 48 2
16 49 8
16 50 2
16 51 2
16 52 3
16 53 7
16 54 8
16 55 7
16 56 4
16 57 4
16 58 3
16 59 2
16 60 3
16 61 4
16 62 5
16 63 5
16 64 3
16 65 1
16 66 1
16 67 3
16 68 1
16 69 8
16 70 7
16 71 3
16 72 8
16 73 4
16 74 5
16 75 5
16 76 4
16 77 3
16 78 8
16 79 4
16 80 1
16 81 2
16 82 7
16 83 1
16 84 3
16 85 4
16 86 8
16 87 1
16 88 5
16 89 2
16 90 8
16 91 8
16 92 6
16 93 2
16 94 5
16 95 5
16 96 5
16 97 8
16 98 1
16 99 6
16 100 4
16 101 1
16 102 6
16 103 4
16 104 7
16 105 5
16 106 6
16 107 2
16 108 8
16 109 2
16 110 5
16 111 6
16 112 3
16 113 7
16 114 4
16 115 3
16 116 4
16 117 5
16 118 3
16 119 5
16 120 6
16 121 1
16 122 1
16 123 4
16 124 3
16 125 1
16 126 7
16 127 6
17 17 0
17 18 0
17 19 0
17 20 1
17 21 1
17 22 8
17 23 5
17 24 3
17 25 5
17 26 3
17 27 3
17 28 1
17 29 7
17 30 7
17 31 2
17 32 4
17 33 3
17 34 8
17 35 2
17 36 8
17 37 2
17 38 8
17 39 2
17 40 1
17 41 1
17 42 7
17 43 2
17 44 6
17 45 2
17 46 8
17 47 1
17 48 1
17 49 5
17 50 7
17 51 3
17 52 2
17 53 3
17 54 8
17 55 7
17 56 5
17 57 8
17 58 7
17 59 5
17 60 1
17 61 1
17 62 6
17 63 6
17 64 5
17 65 2
17 66 7
17 67 4
17 68 7
17 69 6
17 70 6
17 71 8
17 72 3
17 73 1
17 74 2
17 75 7
17 76 3
17 77 1
17 78 2
17 79 2
17 80 5
17 81 7
17 82 8
17 83 1
17 84 5
17 85 4
17 86 3
17 87 7
17 88 4
17 89 7
17 90 1
17 91 8
17 92 3
17 93 6
17 94 5
17 95 6
17 96 4
17 97 1
17 98 6
17 99 1
17 100 1
17 101 5
17 102 1
17 103 4
17 104 6
17 105 1
17 106 7
17 107 2
17 108 4
17 109 4
17 110 6
17 111 6
17 112 3
17 113 5
17 114 7
17 115 1
17 116 3
17 117 5
17 118 8
17 119 3
17 120 1
17 121 4
17 122 6
17 123 3
17 124 1
17 125 1
17 126 1
17 127 1
18 18 0
18 19 0
18 20 3
18 21 1
18 22 7
18 23 7
18 24 5
18 25 6
18 26 3
18 27 7
18 28 4
18 29 5
18 30 3
18 31 1
18 32 3
18 33 8
18 34 6
18 35 2
18 36 2
18 37 7
18 38 5
18 39 2
18 40 7
18 41 6
18 42 4
18 43 6
18 44 7
18 45 6
18 46 2
18 47 1
18 48 2
18 49 4
18 50 3
18 51 4
18 52 8
18 53 1
18 54 6
18 55 1
18 56 2
18 57 4
18 58 2
18 59 1
18 60 2
18 61 8
18 62 4
18 63 8
18 64 6
18 65 1
18 66 5
18 67 5
18 68 8
18 69 6
18 70 3
18 71 6
18 72 2
18 73 7
18 74 4
18 75 6
18 76 1
18 77 8
18 78 2
18 79 1
18 80 3
18 81 3
18 82 1
18 83 3
18 84 5
18 85 6
18 86 7
18 87 4
18 88 2
18 89 4
18 90 4
18 91 1
18 92 3
18 93 7
18 94 8
18 95 7
18 96 8
18 97 2
18 98 5
18 99 5
18 100 8
18 101 6
18 102 5
18 103 1
18 104 1
18 105 4
18 106 2
18 107 7
18 108 2
18 109 7
18 110 2
18 111 4
18 112 5
18 113 8
18 114 8
18 115 5
18 116 2
18 117 3
18 118 2
18 119 6
18 120 4
18 121 2
18 122 8
18 123 2
18 124 5
18 125 3
18 126 6
18 127 5
19 19 0
19 20 3
19 21 1
19 22 7
19 23 5
19 24 1
19 25 7
19 26 4
19 27 3
19 28 4
19 29 7
19 30 3
19 31 6
19 32 8
19 33 3
19 34 4
19 35 7
19 36 5
19 37 8
19 38 1
19 39 8
19 40 6
19 41 5
19 42 2
19 43 2
19 44 8
19 45 7
19 46 8
19 47 5
19 48 4
19 49 8
19 50 5
19 51 7
19 52 5
19 53 8
19 54 1
19 55 2
19 56 4
19 57 2
19 58 3
19 59 3
19 60 5
19 61 1
19 62 1
19 63 3
19 64 6
19 65 7
19 66 3
19 67 6
19 68 2
19 69 3
19 70 7
19 71 5
19 72 8
19 73 7
19 74 2
19 75 5
19 76 1
19 77 5
19 78 7
19 79 8
19 80 4
19 81 1
19 82 1
19 83 2
19 84 1
19 85 4
19 86 2
19 87 2
19 88 7
19 89 8
19 90 5
19 91 4
19 92 6
19 93 7
19 94 3
19 95 1
19 96 6
19 97 8
19 98 6
19 99 5
19 100 8
19 101 1
19 102 1
19 103 5
19 104 5
19 105 6
19 106 2
19 107 4
19 108 3
19 109 7
19 110 6
19 111 4
19 112 7
19 113 8
19 114 7
19 115 1
19 116 2
19 117 2
19 118 6
19 119 6
19 120 1
19 121 6
19 122 7
19 123 6
19 124 8
19 125 7
19 126 3
19 127 4
20 20 0
20 21 0
20 22 0
20 23 8
20 24 7
20 25 6
20 26 7
20 27 3
20 28 7
20 29 2
20 30 8
20 31 2
20 32 8
20 33 8
20 34 6
20 35 8
20 36 2
20 37 5
20 38 1
20 39 7
20 40 3
20 41 6
20 42 3
20 43 2
20 44 5
20 45 1
20 46 2
20 47 1
20 48 4
20 49 4
20 50 7
20 51 5
20 52 6
20 53 5
20 54 8
20 55 8
20 56 6
20 57 5
20 58 6
20 59 6
20 60 3
20 61 2
20 62 8
20 63 1
20 64 7
20 65 4
20 66 7
20 67 1
20 68 3
20 69 2
20 70 2
20 71 4
20 72 3
20 73 5
20 74 1
20 75 7
20 76 7
20 77 5
20 78 7
20 79 7
20 80 5
20 81 2
20 82 4
20 83 5
20 84 4
20 85 8
20 86 8
20 87 8
20 88 2
20 89 1
20 90 5
20 91 6
20 92 3
20 93 8
20 94 3
20 95 4
20 96 7
20 97 5
20 98 1
20 99 1
20 100 5
20 101 4
20 102 8
20 103 6
20 104 7
20 105 1
20 106 4
20 107 5
20 108 6
20 109 1
20 110 1
20 111 2
20 112 4
20 113 8
20 114 3
20 115 6
20 116 5
20 117 5
20 118 2
20 119 3
20 120 6
20 121 5
20 122 2
20 123 5
20 124 3
20 125 5
20 126 6
20 127 3
21 21 0
21 22 0
21 23 3
21 24 3
21 25 1
21 26 5
21 27 2
21 28 4
21 29 3
21 30 6
21 31 4
21 32 1
21 33 5
21 34 4
21 35 2
21 36 5
21 37 6
21 38 4
21 39 4
21 40 1
21 41 1
21 42 6
21 43 4
21 44 7
21 45 7
21 46 3
21 47 5
21 48 6
21 49 8
21 50 4
21 51 2
21 52 5
21 53 2
21 54 5
21 55 1
21 56 5
21 57 3
21 58 8
21 59 6
21 60 7
21 61 2
21 62 6
21 63 2
21 64 6
21 65 6
21 66 8
21 67 5
21 68 7
21 69 4
21 70 8
21 71 2
21 72 3
21 73 8
21 74 1
21 75 5
21 76 8
21 77 4
21 78 2
21 79 2
21 80 5
21 81 7
21 82 7
21 83 3
21 84 8
21 85 7
21 86 8
21 87 5
21 88 3
21 89 3
21 90 2
21 91 2
21 92 6
21 93 2
21 94 1
21 95 3
21 96 1
21 97 5
21 98 8
21 99 8
21 100 2
21 101 4
21 102 7
21 103 3
21 104 6
21 105 7
21 106 7
21 107 3
21 108 2
21 109 5
21 110 6
21 111 4
21 112 4
21 113 8
21 114 5
21 115 6
21 116 1
21 117 7
21 118 6
21 119 5
21 120 5
21 121 7
21 122 8
21 123 3
21 124 7
21 125 3
21 126 2
21 127 5
22 22 0
22 23 3
22 24 5
22 25 6
22 26 7
22 27 5
22 28 2
22 29 5
22 30 6
22 31 4
22 32 8
22 33 8
22 34 2
22 35 7
22 36 6
22 37 2
22 38 1
22 39 6
22 40 1
22 41 8
22 42 7
22 43 7
22 44 8
22 45 4
22 46 8
22 47 3
22 48 4
22 49 4
22 50 3
22 51 8
22 52 8
22 53 5
22 54 5
22 55 3
22 56 1
22 57 8
22 58 6
22 59 5
22 60 3
22 61 8
22 62 6
22 63 4
22 64 5
22 65 4
22 66 3
22 67 4
22 68 3
22 69 7
22 70 3
22 71 6
22 72 7
22 73 8
22 74 8
22 75 7
22 76 4
22 77 5
22 78 4
22 79 1
22 80 3
22 81 6
22 82 3
22 83 7
22 84 8
22 85 1
22 86 1
22 87 5
22 88 2
22 89 4
22 90 8
22 91 4
22 92 8
22 93 8
22 94 3
22 95 7
22 96 3
22 97 5
22 98 8
22 99 8
22 100 1
22 101 1
22 102 8
22 103 2
22 104 2
22 105 1
22 106 3
22 107 8
22 108 5
22 109 8
22 110 6
22 111 5
22 112 8
22 113 1
22 114 7
22 115 3
22 116 8
22 117 8
22 118 4
22 119 4
22 120 7
22 121 6
22 122 8
22 123 6
22 124 1
22 125 2
22 126 5
22 127 6
23 23 0
23 24 0
23 25 0
23 26 6
23 27 6
23 28 3
23 29 5
23 30 4
23 31 8
23 32 6
23 33 4
23 34 8
23 35 7
23 36 6
23 37 6
23 38 6
23 39 2
23 40 3
23 41 5
23 42 6
23 43 7
23 44 3
23 45 8
23 46 7
23 47 4
23 48 2
23 49 7
23 50 3
23 51 1
23 52 8
23 53 2
23 54 1
23 55 1
23 56 6
23 57 1
23 58 3
23 59 8
23 60 4
23 61 2
23 62 5
23 63 4
23 64 4
23 65 3
23 66 2
23 67 6
23 68 2
23 69 2
23 70 6
23 71 1
23 72 1
23 73 8
23 74 3
23 75 8
23 76 5
23 77 2
23 78 5
23 79 1
23 80 6
23 81 8
23 82 1
23 83 5
23 84 6
23 85 3
23 86 5
23 87 4
23 88 4
23 89 8
23 90 3
23 91 3
23 92 4
23 93 6
23 94 5
23 95 8
23 96 8
23 97 2
23 98 5
23 99 3
23 100 4
23 101 3
23 102 1
23 103 6
23 104 5
23 105 2
23 106 8
23 107 2
23 108 1
23 109 7
23 110 6
23 111 6
23 112 7
23 113 7
23 114 1
23 115 2
23 116 1
23 117 1
23 118 8
23 119 1
23 120 1
23 121 8
23 122 1
23 123 8
23 124 6
23 125 3
23 126 8
23 127 4
24 24 0
24 25 0
24 26 5
24 27 8
24 28 5
24 29 2
24 30 7
24 31 5
24 32 3
24 33 6
24 34 6
24 35 3
24 36 2
24 37 7
24 38 4
24 39 6
24 40 3
24 41 4
24 42 8
24 43 5
24 44 8
24 45 6
24 46 2
24 47 6
24 48 3
24 49 5
24 50 2
24 51 8
24 52 7
24 53 6
24 54 2
24 55 8
24 56 8
24 57 7
24 58 3
24 59 4
24 60 7
24 61 2
24 62 7
24 63 4
24 64 1
24 65 1
24 66 7
24 67 6
24 68 6
24 69 3
24 70 2
24 71 2
24 72 1
24 73 6
24 74 6
24 75 6
24 76 1
24 77 6
24 78 3
24 79 5
24 80 3
24 81 3
24 82 7
24 83 3
24 84 4
24 85 2
24 86 2
24 87 7
24 88 4
24 89 6
24 90 5
24 91 2
24 92 2
24 93 8
24 94 2
24 95 2
24 96 1
24 97 5
24 98 4
24 99 3
24 100 5
24 101 2
24 102 1
24 103 5
24 104 8
24 105 4
24 106 2
24 107 6
24 108 5
24 109 6
24 110 8
24 111 4
24 112 4
24 113 7
24 114 5
24 115 6
24 116 1
24 117 2
24 118 6
24 119 3
24 120 6
24 121 2
24 122 2
24 123 1
24 124 2
24 125 6
24 126 6
24 127 7
25 25 0
25 26 5
25 27 8
25 28 7
25 29 2
25 30 5
25 31 6
25 32 1
25 33 2
25 34 5
25 35 4
25 36 7
25 37 6
25 38 1
25 39 3
25 40 8
25 41 6
25 42 2
25 43 3
25 44 8
25 45 5
25 46 2
25 47 5
25 48 2
25 49 1
25 50 3
25 51 2
25 52 3
25 53 5
25 54 4
25 55 7
25 56 5
25 57 7
25 58 5
25 59 2
25 60 4
25 61 4
25 62 7
25 63 2
25 64 6
25 65 1
25 66 5
25 67 3
25 68 1
25 69 6
25 70 4
25 71 7
25 72 5
25 73 1
25 74 8
25 75 2
25 76 3
25 77 5
25 78 8
25 79 2
25 80 4
25 81 5
25 82 6
25 83 1
25 84 2
25 85 1
25 86 4
25 87 1
25 88 6
25 89 3
25 90 4
25 91 8
25 92 4
25 93 3
25 94 8
25 95 5
25 96 8
25 97 4
25 98 2
25 99 2
25 100 3
25 101 5
25 102 4
25 103 8
25 104 4
25 105 7
25 106 7
25 107 7
25 108 2
25 109 2
25 110 3
25 111 8
25 112 7
25 113 4
25 114 3
25 115 2
25 116 3
25 117 3
25 118 4
25 119 3
25 120 1
25 121 2
25 122 1
25 123 1
25 124 1
25 125 2
25 126 3
25 127 6
26 26 0
26 27 0
26 28 0
26 29 0
26 30 0
26 31 0
26 32 0
26 33 0
26 34 0
26 35 0
26 36 0
26 37 0
26 38 0
26 39 0
26 40 0
26 41 0
26 42 0
26 43 0
26 44 0
26 45 4
26 46 3
26 47 5
26 48 3
26 49 5
26 50 3
26 51 5
26 52 4
26 53 4
26 54 8
26 55 2
26 56 2
26 57 3
26 58 1
26 59 7
26 60 7
26 61 5
26 62 5
26 63 3
26 64 1
26 65 3
26 66 8
26 67 3
26 68 6
26 69 7
26 70 3
26 71 3
26 72 4
26 73 4
26 74 5
26 75 4
26 76 4
26 77 8
26 78 7
26 79 3
26 80 1
26 81 7
26 82 8
26 83 2
26 84 2
26 85 4
26 86 6
26 87 5
26 88 7
26 89 6
26 90 8
26 91 5
26 92 5
26 93 1
26 94 8
26 95 8
26 96 7
26 97 8
26 98 3
26 99 2
26 100 6
26 101 3
26 102 3
26 103 1
26 104 5
26 105 3
26 106 6
26 107 5
26 108 4
26 109 8
26 110 3
26 111 1
26 112 4
26 113 7
26 114 3
26 115 4
26 116 3
26 117 7
26 118 5
26 119 7
26 120 6
26 121 4
26 122 5
26 123 4
26 124 7
26 125 3
26 126 4
26 127 2
27 27 0
27 28 0
27 29 0
27 30 0
27 31 0
27 32 0
27 33 0
27 34 0
27 35 0
27 36 0
27 37 0
27 38 0
27 39 0
27 40 0
27 41 0
27 42 0
27 43 0
27 44 0
27 45 5
27 46 8
27 47 5
27 48 4
27 49 3
27 50 4
27 51 8
27 52 4
27 53 5
27 54 2
27 55 1
27 56 6
27 57 7
27 58 2
27 59 8
27 60 2
27 61 1
27 62 6
27 63 5
27 64 1
27 65 8
27 66 5
27 67 3
27 68 1
27 69 7
27 70 4
27 71 2
27 72 7
27 73 8
27 74 8
27 75 8
27 76 2
27 77 6
27 78 2
27 79 8
27 80 1
27 81 7
27 82 8
27 83 3
27 84 6
27 85 4
27 86 2
27 87 4
27 88 2
27 89 1
27 90 8
27 91 5
27 92 1
27 93 8
27 94 6
27 95 3
27 96 1
27 97 8
27 98 3
27 99 7
27 100 3
27 101 8
27 102 1
27 103 2
27 104 7
27 105 5
27 106 3
27 107 8
27 108 7
27 109 6
27 110 5
27 111 8
27 112 1
27 113 4
27 114 8
27 115 1
27 116 6
27 117 3
27 118 4
27 119 3
27 120 8
27 121 3
27 122 1
27 123 7
27 124 7
27 125 7
27 126 3
27 127 6
28 28 0
28 29 0
28 30 0
28 31 0
28 32 0
28 33 0
28 34 0
28 35 0
28 36 0
28 37 0
28 38 0
28 39 0
28 40 0
28 41 0
28 42 0
28 43 0
28 44 0
28 45 8
28 46 3
28 47 5
28 48 3
28 49 2
28 50 7
28 51 7
28 52 8
28 53 8
28 54 6
28 55 4
28 56 5
28 57 4
28 58 6
28 59 2
28 60 1
28 61 7
28 62 6
28 63 6
28 64 7
28 65 4
28 66 2
28 67 4
28 68 7
28 69 7
28 70 5
28 71 1
28 72 2
28 73 8
28 74 3
28 75 3
28 76 1
28 77 6
28 78 8
28 79 1
28 80 6
28 81 5
28 82 4
28 83 7
28 84 6
28 85 2
28 86 3
28 87 7
28 88 8
28 89 3
28 90 3
28 91 4
28 92 3
28 93 4
28 94 3
28 95 3
28 96 2
28 97 3
28 98 5
28 99 6
28 100 2
28 101 3
28 102 7
28 103 7
28 104 6
28 105 3
28 106 3
28 107 6
28 108 8
28 109 5
28 110 3
28 111 4
28 112 8
28 113 5
28 114 7
28 115 6
28 116 3
28 117 7
28 118 1
28 119 1
28 120 3
28 121 8
28 122 8
28 123 7
28 124 5
28 125 5
28 126 4
28 127 6
29 29 0
29 30 0
29 31 0
29 32 0
29 33 0
29 34 0
29 35 0
29 36 0
29 37 0
29 38 0
29 39 0
29 40 0
29 41 0
29 42 0
29 43 0
29 44 0
29 45 6
29 46 3
29 47 3
29 48 2
29 49 2
29 50 5
29 51 5
29 52 5
29 53 1
29 54 1
29 55 2
29 56 6
29 57 7
29 58 7
29 59 1
29 60 1
29 61 5
29 62 8
29 63 1
29 64 4
29 65 2
29 66 2
29 67 1
29 68 5
29 69 1
29 70 2
29 71 3
29 72 8
29 73 4
29 74 5
29 75 4
29 76 8
29 77 5
29 78 2
29 79 3
29 80 1
29 81 4
29 82 5
29 83 4
29 84 5
29 85 6
29 86 1
29 87 2
29 88 5
29 89 4
29 90 5
29 91 5
29 92 5
29 93 6
29 94 5
29 95 8
29 96 7
29 97 3
29 98 7
29 99 4
29 100 7
29 101 4
29 102 5
29 103 6
29 104 2
29 105 4
29 106 8
29 107 1
29 108 7
29 109 6
29 110 3
29 111 2
29 112 2
29 113 7
29 114 2
29 115 5
29 116 2
29 117 5
29 118 2
29 119 8
29 120 8
29 121 7
29 122 5
29 123 6
29 124 2
29 125 8
29 126 3
29 127 4
30 30 0
30 31 0
30 32 0
30 33 0
30 34 0
30 35 0
30 36 0
30 37 0
30 38 0
30 39 0
30 40 0
30 41 0
30 42 0
30 43 0
30 44 0
30 45 8
30 46 5
30 47 7
30 48 2
30 49 3
30 50 7
30 51 6
30 52 7
30 53 3
30 54 6
30 55 4
30 56 3
30 57 6
30 58 6
30 59 2
30 60 5
30 61 3
30 62 5
30 63 2
30 64 8
30 65 1
30 66 1
30 67 3
30 68 5
30 69 7
30 70 6
30 71 3
30 72 6
30 73 7
30 74 3
30 75 7
30 76 4
30 77 8
30 78 5
30 79 2
30 80 1
30 81 6
30 82 2
30 83 2
30 84 4
30 85 5
30 86 5
30 87 1
30 88 2
30 89 1
30 90 8
30 91 3
30 92 5
30 93 2
30 94 7
30 95 3
30 96 8
30 97 1
30 98 4
30 99 8
30 100 2
30 101 6
30 102 4
30 103 8
30 104 3
30 105 7
30 106 8
30 107 5
30 108 7
30 109 3
30 110 5
30 111 8
30 112 3
30 113 2
30 114 7
30 115 4
30 116 3
30 117 1
30 118 2
30 119 1
30 120 7
30 121 5
30 122 8
30 123 7
30 124 5
30 125 3
30 126 1
30 127 4
31 31 0
31 32 0
31 33 0
31 34 0
31 35 0
31 36 0
31 37 0
31 38 0
31 39 0
31 40 0
31 41 0
31 42 0
31 43 0
31 44 0
31 45 8
31 46 6
31 47 5
31 48 1
31 49 7
31 50 2
31 51 7
31 52 6
31 53 1
31 54 7
31 55 7
31 56 1
31 57 5
31 58 6
31 59 5
31 60 5
31 61 8
31 62 4
31 63 8
31 64 2
31 65 7
31 66 8
31 67 4
31 68 8
31 69 5
31 70 8
31 71 3
31 72 7
31 73 6
31 74 6
31 75 6
31 76 8
31 77 4
31 78 3
31 79 8
31 80 1
31 81 3
31 82 5
31 83 2
31 84 6
31 85 7
31 86 6
31 87 3
31 88 6
31 89 8
31 90 8
31 91 6
31 92 4
31 93 2
31 94 2
31 95 3
31 96 8
31 97 5
31 98 7
31 99 3
31 100 3
31 101 7
31 102 5
31 103 6
31 104 3
31 105 5
31 106 3
31 107 4
31 108 5
31 109 4
31 110 1
31 111 4
31 112 5
31 113 7
31 114 7
31 115 6
31 116 6
31 117 8
31 118 7
31 119 3
31 120 8
31 121 6
31 122 5
31 123 4
31 124 2
31 125 6
31 126 8
31 127 6
32 32 0
32 33 0
32 34 0
32 35 0
32 36 0
32 37 0
32 38 0
32 39 0
32 40 0
32 41 0
32 42 0
32 43 0
32 44 0
32 45 7
32 46 2
32 47 3
32 48 4
32 49 4
32 50 7
32 51 5
32 52 4
32 53 7
32 54 2
32 55 2
32 56 6
32 57 2
32 58 1
32 59 1
32 60 6
32 61 7
32 62 1
32 63 6
32 64 2
32 65 2
32 66 1
32 67 6
32 68 4
32 69 5
32 70 8
32 71 2
32 72 1
32 73 4
32 74 2
32 75 2
32 76 7
32 77 5
32 78 4
32 79 8
32 80 7
32 81 5
32 82 8
32 83 4
32 84 6
32 85 5
32 86 5
32 87 2
32 88 6
32 89 4
32 90 6
32 91 7
32 92 3
32 93 5
32 94 3
32 95 6
32 96 1
32 97 2
32 98 8
32 99 8
32 100 4
32 101 2
32 102 7
32 103 6
32 104 1
32 105 8
32 106 1
32 107 5
32 108 5
32 109 3
32 110 5
32 111 1
32 112 6
32 113 5
32 114 5
32 115 8
32 116 1
32 117 4
32 118 8
32 119 5
32 120 6
32 121 2
32 122 2
32 123 1
32 124 7
32 125 1
32 126 8
32 127 5
33 33 0
33 34 0
33 35 0
33 36 0
33 37 0
33 38 0
33 39 0
33 40 0
33 41 0
33 42 0
33 43 0
33 44 0
33 45 7
33 46 4
33 47 2
33 48 2
33 49 4
33 50 5
33 51 1
33 52 5
33 53 8
33 54 4
33 55 3
33 56 6
33 57 5
33 58 6
33 59 4
33 60 6
33 61 8
33 62 3
33 63 6
33 64 3
33 65 1
33 66 5
33 67 3
33 68 2
33 69 2
33 70 5
33 71 2
33 72 1
33 73 8
33 74 5
33 75 5
33 76 7
33 77 2
33 78 7
33 79 8
33 80 7
33 81 6
33 82 5
33 83 4
33 84 8
33 85 2
33 86 3
33 87 2
33 88 6
33 89 2
33 90 2
33 91 1
33 92 2
33 93 4
33 94 5
33 95 5
33 96 6
33 97 7
33 98 2
33 99 4
33 100 1
33 101 7
33 102 8
33 103 4
33 104 5
33 105 3
33 106 1
33 107 1
33 108 2
33 109 5
33 110 1
33 111 5
33 112 4
33 113 3
33 114 1
33 115 4
33 116 2
33 117 4
33 118 3
33 119 4
33 120 2
33 121 1
33 122 5
33 123 8
33 124 7
33 125 4
33 126 7
33 127 7
34 34 0
34 35 0
34 36 0
34 37 0
34 38 0
34 39 0
34 40 0
34 41 0
34 42 0
34 43 0
34 44 0
34 45 2
34 46 7
34 47 3
34 48 8
34 49 5
34 50 1
34 51 6
34 52 4
34 53 3
34 54 2
34 55 3
34 56 1
34 57 2
34 58 1
34 59 3
34 60 7
34 61 1
34 62 8
34 63 6
34 64 3
34 65 1
34 66 1
34 67 6
34 68 3
34 69 6
34 70 7
34 71 5
34 72 8
34 73 8
34 74 1
34 75 7
34 76 4
34 77 7
34 78 7
34 79 7
34 80 8
34 81 4
34 82 6
34 83 8
34 84 7
34 85 2
34 86 2
34 87 8
34 88 8
34 89 1
34 90 1
34 91 3
34 92 8
34 93 5
34 94 5
34 95 3
34 96 4
34 97 8
34 98 8
34 99 7
34 100 2
34 101 6
34 102 3
34 103 3
34 104 4
34 105 3
34 106 5
34 107 4
34 108 7
34 109 5
34 110 3
34 111 3
34 112 6
34 113 8
34 114 7
34 115 4
34 116 4
34 117 3
34 118 4
34 119 4
34 120 1
34 121 6
34 122 2
34 123 5
34 124 8
34 125 2
34 126 1
34 127 4
35 35 0
35 36 0
35 37 0
35 38 0
35 39 0
35 40 0
35 41 0
35 42 0
35 43 0
35 44 0
35 45 5
35 46 8
35 47 4
35 48 6
35 49 4
35 50 2
35 51 2
35 52 4
35 53 8
35 54 8
35 55 6
35 56 8
35 57 8
35 58 6
35 59 2
35 60 3
35 61 5
35 62 5
35 63 7
35 64 4
35 65 8
35 66 1
35 67 5
35 68 3
35 69 1
35 70 7
35 71 1
35 72 8
35 73 5
35 74 4
35 75 7
35 76 7
35 77 7
35 78 5
35 79 2
35 80 3
35 81 8
35 82 6
35 83 7
35 84 6
35 85 4
35 86 4
35 87 1
35 88 5
35 89 7
35 90 7
35 91 4
35 92 3
35 93 1
35 94 8
35 95 4
35 96 7
35 97 3
35 98 5
35 99 2
35 100 8
35 101 6
35 102 5
35 103 6
35 104 2
35 105 4
35 106 3
35 107 3
35 108 2
35 109 1
35 110 8
35 111 8
35 112 2
35 113 6
35 114 3
35 115 2
35 116 4
35 117 1
35 118 1
35 119 3
35 120 1
35 121 3
35 122 4
35 123 8
35 124 5
35 125 6
35 126 2
35 127 5
36 36 0
36 37 0
36 38 0
36 39 0
36 40 0
36 41 0
36 42 0
36 43 0
36 44 0
36 45 5
36 46 3
36 47 1
36 48 7
36 49 8
36 50 2
36 51 7
36 52 2
36 53 4
36 54 3
36 55 8
36 56 8
36 57 7
36 58 1
36 59 2
36 60 3
36 61 2
36 62 5
36 63 8
36 64 5
36 65 8
36 66 7
36 67 8
36 68 6
36 69 7
36 70 4
36 71 4
36 72 5
36 73 1
36 74 8
36 75 7
36 76 1
36 77 7
36 78 6
36 79 1
36 80 6
36 81 5
36 82 4
36 83 5
36 84 7
36 85 3
36 86 8
36 87 8
36 88 6
36 89 5
36 90 5
36 91 3
36 92 1
36 93 4
36 94 7
36 95 4
36 96 5
36 97 4
36 98 7
36 99 2
36 100 6
36 101 4
36 102 2
36 103 1
36 104 2
36 105 2
36 106 7
36 107 4
36 108 2
36 109 3
36 110 5
36 111 2
36 112 3
36 113 1
36 114 3
36 115 2
36 116 6
36 117 2
36 118 6
36 119 2
36 120 4
36 121 8
36 122 7
36 123 4
36 124 2
36 125 1
36 126 3
36 127 8
37 37 0
37 38 0
37 39 0
37 40 0
37 41 0
37 42 0
37 43 0
37 44 0
37 45 4
37 46 8
37 47 5
37 48 1
37 49 3
37 50 7
37 51 6
37 52 2
37 53 8
37 54 4
37 55 5
37 56 2
37 57 4
37 58 7
37 59 4
37 60 1
37 61 4
37 62 5
37 63 7
37 64 5
37 65 1
37 66 2
37 67 5
37 68 3
37 69 7
37 70 1
37 71 1
37 72 4
37 73 2
37 74 7
37 75 8
37 76 8
37 77 1
37 78 7
37 79 7
37 80 4
37 81 6
37 82 1
37 83 4
37 84 5
37 85 5
37 86 8
37 87 3
37 88 7
37 89 5
37 90 3
37 91 2
37 92 1
37 93 7
37 94 2
37 95 4
37 96 2
37 97 8
37 98 6
37 99 8
37 100 8
37 101 6
37 102 5
37 103 4
37 104 7
37 105 4
37 106 8
37 107 5
37 108 1
37 109 1
37 110 3
37 111 1
37 112 5
37 113 2
37 114 4
37 115 7
37 116 4
37 117 6
37 118 4
37 119 5
37 120 2
37 121 4
37 122 5
37 123 5
37 124 7
37 125 7
37 126 3
37 127 3
38 38 0
38 39 0
38 40 0
38 41 0
38 42 0
38 43 0
38 44 0
38 45 2
38 46 8
38 47 6
38 48 3
38 49 3
38 50 6
38 51 6
38 52 4
38 53 6
38 54 6
38 55 3
38 56 2
38 57 7
38 58 6
38 59 7
38 60 7
38 61 6
38 62 7
38 63 2
38 64 2
38 65 8
38 66 3
38 67 4
38 68 8
38 69 4
38 70 6
38 71 2
38 72 6
38 73 1
38 74 3
38 75 4
38 76 1
38 77 5
38 78 3
38 79 2
38 80 5
38 81 8
38 82 2
38 83 7
38 84 5
38 85 6
38 86 4
38 87 6
38 88 1
38 89 2
38 90 5
38 91 8
38 92 7
38 93 3
38 94 8
38 95 4
38 96 5
38 97 2
38 98 4
38 99 7
38 100 3
38 101 7
38 102 4
38 103 8
38 104 7
38 105 4
38 106 5
38 107 2
38 108 7
38 109 5
38 110 5
38 111 6
38 112 3
38 113 8
38 114 3
38 115 8
38 116 8
38 117 8
38 118 3
38 119 2
38 120 5
38 121 3
38 122 3
38 123 6
38 124 1
38 125 2
38 126 3
38 127 2
39 39 0
39 40 0
39 41 0
39 42 0
39 43 0
39 44 0
39 45 5
39 46 8
39 47 1
39 48 7
39 49 6
39 50 6
39 51 1
39 52 1
39 53 4
39 54 1
39 55 6
39 56 7
39 57 4
39 58 2
39 59 4
39 60 8
39 61 2
39 62 4
39 63 6
39 64 1
39 65 8
39 66 2
39 67 6
39 68 1
39 69 5
39 70 7
39 71 7
39 72 4
39 73 6
39 74 6
39 75 2
39 76 3
39 77 4
39 78 7
39 79 6
39 80 8
39 81 6
39 82 2
39 83 2
39 84 7
39 85 5
39 86 3
39 87 6
39 88 3
39 89 6
39 90 1
39 91 3
39 92 2
39 93 5
39 94 1
39 95 5
39 96 3
39 97 6
39 98 2
39 99 5
39 100 7
39 101 7
39 102 5
39 103 5
39 104 3
39 105 5
39 106 3
39 107 7
39 108 2
39 109 4
39 110 6
39 111 3
39 112 6
39 113 2
39 114 3
39 115 3
39 116 4
39 117 5
39 118 3
39 119 8
39 120 3
39 121 1
39 122 3
39 123 6
39 124 6
39 125 6
39 126 6
39 127 7
40 40 0
40 41 0
40 42 0
40 43 0
40 44 0
40 45 5
40 46 6
40 47 4
40 48 3
40 49 8
40 50 6
40 51 6
40 52 7
40 53 6
40 54 8
40 55 6
40 56 2
40 57 1
40 58 3
40 59 4
40 60 6
40 61 3
40 62 3
40 63 2
40 64 1
40 65 6
40 66 7
40 67 6
40 68 3
40 69 5
40 70 2
40 71 8
40 72 7
40 73 1
40 74 1
40 75 5
40 76 5
40 77 8
40 78 4
40 79 5
40 80 3
40 81 6
40 82 3
40 83 4
40 84 6
40 85 1
40 86 1
40 87 1
40 88 3
40 89 4
40 90 6
40 91 2
40 92 1
40 93 2
40 94 3
40 95 3
40 96 4
40 97 8
40 98 7
40 99 6
40 100 5
40 101 4
40 102 3
40 103 5
40 104 4
40 105 5
40 106 8
40 107 7
40 108 3
40 109 3
40 110 7
40 111 2
40 112 6
40 113 6
40 114 6
40 115 4
40 116 6
40 117 3
40 118 6
40 119 7
40 120 1
40 121 7
40 122 7
40 123 2
40 124 8
40 125 5
40 126 3
40 127 2
41 41 0
41 42 0
41 43 0
41 44 0
41 45 8
41 46 4
41 47 6
41 48 3
41 49 3
41 50 5
41 51 8
41 52 7
41 53 1
41 54 1
41 55 1
41 56 1
41 57 3
41 58 7
41 59 7
41 60 3
41 61 5
41 62 2
41 63 8
41 64 5
41 65 5
41 66 1
41 67 4
41 68 2
41 69 8
41 70 4
41 71 7
41 72 5
41 73 1
41 74 5
41 75 3
41 76 8
41 77 8
41 78 1
41 79 7
41 80 6
41 81 8
41 82 6
41 83 4
41 84 6
41 85 5
41 86 4
41 87 3
41 88 5
41 89 2
41 90 1
41 91 7
41 92 4
41 93 8
41 94 5
41 95 7
41 96 5
41 97 8
41 98 6
41 99 6
41 100 5
41 101 2
41 102 6
41 103 6
41 104 3
41 105 4
41 106 5
41 107 5
41 108 8
41 109 8
41 110 8
41 111 6
41 112 8
41 113 6
41 114 6
41 115 6
41 116 1
41 117 5
41 118 3
41 119 1
41 120 8
41 121 1
41 122 7
41 123 3
41 124 1
41 125 1
41 126 5
41 127 8
42 42 0
42 43 0
42 44 0
42 45 3
42 46 3
42 47 6
42 48 4
42 49 1
42 50 5
42 51 8
42 52 5
42 53 6
42 54 6
42 55 4
42 56 3
42 57 6
42 58 8
42 59 8
42 60 8
42 61 5
42 62 3
42 63 3
42 64 5
42 65 7
42 66 8
42 67 2
42 68 2
42 69 6
42 70 4
42 71 5
42 72 3
42 73 6
42 74 1
42 75 3
42 76 6
42 77 5
42 78 3
42 79 5
42 80 6
42 81 2
42 82 8
42 83 7
42 84 8
42 85 6
42 86 3
42 87 6
42 88 3
42 89 8
42 90 5
42 91 2
42 92 7
42 93 8
42 94 3
42 95 7
42 96 1
42 97 4
42 98 3
42 99 3
42 100 4
42 101 8
42 102 4
42 103 3
42 104 1
42 105 7
42 106 3
42 107 3
42 108 8
42 109 4
42 110 7
42 111 8
42 112 3
42 113 4
42 114 5
42 115 3
42 116 1
42 117 2
42 118 3
42 119 2
42 120 2
42 121 1
42 122 1
42 123 1
42 124 4
42 125 8
42 126 5
42 127 4
43 43 0
43 44 0
43 45 4
43 46 2
43 47 4
43 48 1
43 49 7
43 50 5
43 51 3
43 52 6
43 53 1
43 54 7
43 55 1
43 56 3
43 57 4
43 58 5
43 59 8
43 60 7
43 61 2
43 62 6
43 63 2
43 64 6
43 65 2
43 66 4
43 67 8
43 68 8
43 69 4
43 70 8
43 71 6
43 72 4
43 73 5
43 74 2
43 75 4
43 76 5
43 77 3
43 78 6
43 79 4
43 80 1
43 81 1
43 82 4
43 83 7
43 84 6
43 85 6
43 86 6
43 87 4
43 88 2
43 89 5
43 90 3
43 91 6
43 92 8
43 93 4
43 94 8
43 95 8
43 96 4
43 97 4
43 98 7
43 99 7
43 100 3
43 101 2
43 102 7
43 103 8
43 104 2
43 105 1
43 106 8
43 107 2
43 108 4
43 109 7
43 110 4
43 111 2
43 112 8
43 113 6
43 114 4
43 115 3
43 116 5
43 117 2
43 118 1
43 119 3
43 120 8
43 121 2
43 122 6
43 123 8
43 124 7
43 125 1
43 126 8
43 127 3
44 44 0
44 45 1
44 46 4
44 47 2
44 48 5
44 49 1
44 50 5
44 51 6
44 52 4
44 53 2
44 54 1
44 55 2
44 56 3
44 57 7
44 58 4
44 59 7
44 60 1
44 61 2
44 62 3
44 63 5
44 64 5
44 65 5
44 66 2
44 67 1
44 68 3
44 69 3
44 70 7
44 71 6
44 72 2
44 73 4
44 74 8
44 75 7
44 76 3
44 77 3
44 78 6
44 79 7
44 80 4
44 81 5
44 82 3
44 83 8
44 84 4
44 85 6
44 86 1
44 87 6
44 88 3
44 89 5
44 90 5
44 91 1
44 92 6
44 93 3
44 94 3
44 95 4
44 96 3
44 97 1
44 98 8
44 99 4
44 100 5
44 101 7
44 102 6
44 103 3
44 104 4
44 105 3
44 106 6
44 107 6
44 108 2
44 109 2
44 110 5
44 111 1
44 112 5
44 113 6
44 114 5
44 115 5
44 116 2
44 117 1
44 118 7
44 119 3
44 120 4
44 121 4
44 122 5
44 123 2
44 124 3
44 125 7
44 126 7
44 127 5
45 45 0
45 46 0
45 47 0
45 48 0
45 49 0
45 50 0
45 51 2
45 52 7
45 53 2
45 54 6
45 55 3
45 56 2
45 57 7
45 58 2
45 59 8
45 60 4
45 61 2
45 62 5
45 63 5
45 64 5
45 65 7
45 66 1
45 67 6
45 68 4
45 69 2
45 70 6
45 71 8
45 72 3
45 73 1
45 74 8
45 75 6
45 76 5
45 77 1
45 78 4
45 79 5
45 80 5
45 81 4
45 82 6
45 83 7
45 84 3
45 85 1
45 86 8
45 87 7
45 88 5
45 89 6
45 90 1
45 91 7
45 92 7
45 93 1
45 94 1
45 95 3
45 96 6
45 97 5
45 98 1
45 99 4
45 100 1
45 101 2
45 102 4
45 103 2
45 104 6
45 105 4
45 106 1
45 107 1
45 108 7
45 109 7
45 110 1
45 111 3
45 112 1
45 113 3
45 114 4
45 115 5
45 116 2
45 117 7
45 118 6
45 119 2
45 120 2
45 121 7
45 122 3
45 123 3
45 124 5
45 125 5
45 126 7
45 127 8
46 46 0
46 47 0
46 48 0
46 49 0
46 50 0
46 51 4
46 52 1
46 53 2
46 54 7
46 55 4
46 56 6
46 57 4
46 58 3
46 59 2
46 60 7
46 61 7
46 62 1
46 63 6
46 64 8
46 65 1
46 66 7
46 67 7
46 68 5
46 69 4
46 70 6
46 71 8
46 72 8
46 73 5
46 74 6
46 75 1
46 76 7
46 77 4
46 78 8
46 79 4
46 80 2
46 81 5
46 82 5
46 83 4
46 84 8
46 85 3
46 86 8
46 87 6
46 88 2
46 89 6
46 90 6
46 91 2
46 92 7
46 93 8
46 94 3
46 95 7
46 96 8
46 97 3
46 98 3
46 99 5
46 100 8
46 101 5
46 102 1
46 103 8
46 104 2
46 105 6
46 106 2
46 107 2
46 108 2
46 109 7
46 110 3
46 111 7
46 112 2
46 113 5
46 114 3
46 115 6
46 116 1
46 117 4
46 118 2
46 119 7
46 120 8
46 121 2
46 122 7
46 123 1
46 124 6
46 125 7
46 126 6
46 127 4
47 47 0
47 48 0
47 49 0
47 50 0
47 51 4
47 52 7
47 53 5
47 54 5
47 55 8
47 56 7
47 57 7
47 58 2
47 59 5
47 60 3
47 61 8
47 62 3
47 63 3
47 64 5
47 65 2
47 66 6
47 67 8
47 68 5
47 69 8
47 70 8
47 71 3
47 72 4
47 73 2
47 74 8
47 75 5
47 76 3
47 77 4
47 78 1
47 79 4
47 80 2
47 81 5
47 82 4
47 83 3
47 84 8
47 85 7
47 86 3
47 87 2
47 88 5
47 89 4
47 90 1
47 91 4
47 92 1
47 93 8
47 94 3
47 95 3
47 96 4
47 97 7
47 98 6
47 99 1
47 100 7
47 101 2
47 102 4
47 103 8
47 104 1
47 105 3
47 106 2
47 107 2
47 108 1
47 109 3
47 110 2
47 111 8
47 112 8
47 113 6
47 114 6
47 115 3
47 116 5
47 117 3
47 118 8
47 119 2
47 120 4
47 121 4
47 122 6
47 123 3
47 124 3
47 125 2
47 126 4
47 127 4
48 48 0
48 49 0
48 50 0
48 51 6
48 52 1
48 53 2
48 54 6
48 55 4
48 56 4
48 57 8
48 58 6
48 59 7
48 60 4
48 61 3
48 62 1
48 63 5
48 64 2
48 65 5
48 66 6
48 67 4
48 68 6
48 69 1
48 70 2
48 71 3
48 72 8
48 73 6
48 74 4
48 75 3
48 76 5
48 77 1
48 78 4
48 79 2
48 80 3
48 81 7
48 82 5
48 83 5
48 84 2
48 85 8
48 86 6
48 87 3
48 88 6
48 89 2
48 90 7
48 91 5
48 92 4
48 93 7
48 94 6
48 95 7
48 96 5
48 97 8
48 98 4
48 99 5
48 100 3
48 101 7
48 102 5
48 103 4
48 104 4
48 105 2
48 106 8
48 107 3
48 108 4
48 109 4
48 110 7
48 111 4
48 112 5
48 113 6
48 114 1
48 115 5
48 116 1
48 117 1
48 118 3
48 119 2
48 120 7
48 121 1
48 122 7
48 123 8
48 124 2
48 125 4
48 126 6
48 127 4
49 49 0
49 50 0
49 51 1
49 52 5
49 53 8
49 54 1
49 55 4
49 56 1
49 57 1
49 58 6
49 59 7
49 60 8
49 61 6
49 62 5
49 63 8
49 64 7
49 65 7
49 66 6
49 67 3
49 68 2
49 69 2
49 70 6
49 71 2
49 72 1
49 73 1
49 74 8
49 75 6
49 76 5
49 77 2
49 78 6
49 79 4
49 80 3
49 81 4
49 82 2
49 83 7
49 84 7
49 85 4
49 86 3
49 87 3
49 88 5
49 89 1
49 90 4
49 91 8
49 92 1
49 93 2
49 94 6
49 95 7
49 96 6
49 97 3
49 98 1
49 99 4
49 100 3
49 101 4
49 102 7
49 103 3
49 104 4
49 105 2
49 106 4
49 107 7
49 108 7
49 109 1
49 110 8
49 111 4
49 112 6
49 113 1
49 114 7
49 115 1
49 116 2
49 117 7
49 118 3
49 119 3
49 120 4
49 121 6
49 122 8
49 123 6
49 124 5
49 125 6
49 126 2
49 127 3
50 50 0
50 51 2
50 52 1
50 53 5
50 54 6
50 55 8
50 56 1
50 57 8
50 58 7
50 59 8
50 60 3
50 61 4
50 62 4
50 63 4
50 64 8
50 65 6
50 66 7
50 67 3
50 68 3
50 69 3
50 70 6
50 71 2
50 72 2
50 73 8
50 74 3
50 75 6
50 76 8
50 77 1
50 78 5
50 79 6
50 80 1
50 81 8
50 82 6
50 83 2
50 84 7
50 85 2
50 86 7
50 87 1
50 88 7
50 89 1
50 90 8
50 91 1
50 92 6
50 93 6
50 94 3
50 95 1
50 96 4
50 97 3
50 98 8
50 99 6
50 100 4
50 101 1
50 102 4
50 103 7
50 104 7
50 105 1
50 106 4
50 107 5
50 108 4
50 109 6
50 110 4
50 111 3
50 112 6
50 113 5
50 114 3
50 115 6
50 116 6
50 117 8
50 118 8
50 119 1
50 120 6
50 121 1
50 122 7
50 123 6
50 124 5
50 125 1
50 126 2
50 127 5
51 51 0
51 52 0
51 53 0
51 54 0
51 55 0
51 56 0
51 57 0
51 58 0
51 59 0
51 60 0
51 61 0
51 62 1
51 63 8
51 64 1
51 65 6
51 66 4
51 67 6
51 68 6
51 69 5
51 70 8
51 71 7
51 72 6
51 73 6
51 74 2
51 75 4
51 76 5
51 77 2
51 78 5
51 79 1
51 80 3
51 81 2
51 82 3
51 83 4
51 84 4
51 85 2
51 86 3
51 87 7
51 88 3
51 89 8
51 90 5
51 91 2
51 92 1
51 93 3
51 94 5
51 95 7
51 96 3
51 97 2
51 98 8
51 99 8
51 100 4
51 101 1
51 102 5
51 103 4
51 104 8
51 105 6
51 106 3
51 107 5
51 108 3
51 109 4
51 110 4
51 111 2
51 112 4
51 113 4
51 114 1
51 115 8
51 116 4
51 117 7
51 118 7
51 119 1
51 120 1
51 121 5
51 122 8
51 123 2
51 124 4
51 125 7
51 126 2
51 127 1
52 52 0
52 53 0
52 54 0
52 55 0
52 56 0
52 57 0
52 58 0
52 59 0
52 60 0
52 61 0
52 62 8
52 63 4
52 64 7
52 65 4
52 66 8
52 67 3
52 68 8
52 69 1
52 70 3
52 71 8
52 72 6
52 73 3
52 74 8
52 75 4
52 76 5
52 77 4
52 78 6
52 79 8
52 80 5
52 81 6
52 82 7
52 83 6
52 84 7
52 85 8
52 86 1
52 87 5
52 88 7
52 89 2
52 90 3
52 91 4
52 92 7
52 93 4
52 94 7
52 95 6
52 96 1
52 97 6
52 98 2
52 99 1
52 100 2
52 101 4
52 102 1
52 103 1
52 104 3
52 105 1
52 106 8
52 107 3
52 108 7
52 109 4
52 110 7
52 111 1
52 112 5
52 113 6
52 114 5
52 115 2
52 116 2
52 117 8
52 118 5
52 119 4
52 120 3
52 121 3
52 122 6
52 123 5
52 124 7
52 125 6
52 126 5
52 127 7
53 53 0
53 54 0
53 55 0
53 56 0
53 57 0
53 58 0
53 59 0
53 60 0
53 61 0
53 62 1
53 63 4
53 64 8
53 65 5
53 66 8
53 67 6
53 68 5
53 69 5
53 70 8
53 71 8
53 72 5
53 73 7
53 74 6
53 75 2
53 76 7
53 77 1
53 78 1
53 79 1
53 80 4
53 81 8
53 82 3
53 83 1
53 84 3
53 85 2
53 86 6
53 87 4
53 88 8
53 89 3
53 90 1
53 91 3
53 92 6
53 93 6
53 94 6
53 95 7
53 96 8
53 97 6
53 98 8
53 99 3
53 100 5
53 101 8
53 102 8
53 103 1
53 104 3
53 105 2
53 106 3
53 107 7
53 108 5
53 109 3
53 110 7
53 111 2
53 112 4
53 113 6
53 114 5
53 115 4
53 116 8
53 117 6
53 118 2
53 119 7
53 120 8
53 121 4
53 122 5
53 123 5
53 124 3
53 125 5
53 126 1
53 127 1
54 54 0
54 55 0
54 56 0
54 57 0
54 58 0
54 59 0
54 60 0
54 61 0
54 62 7
54 63 3
54 64 1
54 65 8
54 66 8
54 67 5
54 68 8
54 69 2
54 70 1
54 71 6
54 72 7
54 73 6
54 74 4
54 75 5
54 76 4
54 77 6
54 78 7
54 79 4
54 80 3
54 81 2
54 82 1
54 83 2
54 84 4
54 85 2
54 86 7
54 87 2
54 88 8
54 89 6
54 90 4
54 91 4
54 92 3
54 93 7
54 94 5
54 95 3
54 96 6
54 97 3
54 98 2
54 99 3
54 100 2
54 101 5
54 102 4
54 103 6
54 104 1
54 105 4
54 106 2
54 107 6
54 108 2
54 109 3
54 110 2
54 111 1
54 112 1
54 113 1
54 114 8
54 115 2
54 116 8
54 117 3
54 118 1
54 119 6
54 120 8
54 121 3
54 122 3
54 123 1
54 124 2
54 125 8
54 126 7
54 127 7
55 55 0
55 56 0
55 57 0
55 58 0
55 59 0
55 60 0
55 61 0
55 62 7
55 63 3
55 64 6
55 65 7
55 66 5
55 67 1
55 68 1
55 69 6
55 70 4
55 71 5
55 72 8
55 73 8
55 74 7
55 75 1
55 76 2
55 77 2
55 78 5
55 79 5
55 80 2
55 81 8
55 82 2
55 83 3
55 84 8
55 85 7
55 86 2
55 87 1
55 88 2
55 89 7
55 90 4
55 91 7
55 92 3
55 93 6
55 94 2
55 95 6
55 96 7
55 97 3
55 98 3
55 99 8
55 100 1
55 101 1
55 102 6
55 103 5
55 104 2
55 105 8
55 106 7
55 107 2
55 108 6
55 109 2
55 110 7
55 111 8
55 112 5
55 113 5
55 114 7
55 115 1
55 116 2
55 117 4
55 118 4
55 119 7
55 120 5
55 121 3
55 122 4
55 123 6
55 124 4
55 125 6
55 126 5
55 127 3
56 56 0
56 57 0
56 58 0
56 59 0
56 60 0
56 61 0
56 62 1
56 63 3
56 64 8
56 65 8
56 66 5
56 67 4
56 68 2
56 69 7
56 70 7
56 71 2
56 72 5
56 73 3
56 74 4
56 75 1
56 76 3
56 77 3
56 78 1
56 79 4
56 80 5
56 81 1
56 82 3
56 83 1
56 84 4
56 85 6
56 86 7
56 87 3
56 88 5
56 89 2
56 90 4
56 91 1
56 92 5
56 93 2
56 94 5
56 95 2
56 96 5
56 97 2
56 98 1
56 99 8
56 100 8
56 101 1
56 102 2
56 103 1
56 104 3
56 105 1
56 106 4
56 107 6
56 108 7
56 109 8
56 110 1
56 111 4
56 112 7
56 113 8
56 114 8
56 115 6
56 116 3
56 117 3
56 118 3
56 119 2
56 120 6
56 121 7
56 122 6
56 123 3
56 124 2
56 125 5
56 126 1
56 127 7
57 57 0
57 58 0
57 59 0
57 60 0
57 61 0
57 62 3
57 63 6
57 64 6
57 65 5
57 66 5
57 67 7
57 68 5
57 69 1
57 70 4
57 71 6
57 72 6
57 73 4
57 74 3
57 75 2
57 76 4
57 77 4
57 78 1
57 79 3
57 80 3
57 81 1
57 82 2
57 83 6
57 84 8
57 85 3
57 86 2
57 87 2
57 88 7
57 89 3
57 90 6
57 91 8
57 92 1
57 93 7
57 94 2
57 95 5
57 96 7
57 97 7
57 98 6
57 99 3
57 100 3
57 101 7
57 102 5
57 103 6
57 104 6
57 105 7
57 106 4
57 107 1
57 108 8
57 109 6
57 110 1
57 111 2
57 112 5
57 113 3
57 114 6
57 115 4
57 116 3
57 117 5
57 118 3
57 119 4
57 120 4
57 121 3
57 122 4
57 123 5
57 124 1
57 125 8
57 126 3
57 127 6
58 58 0
58 59 0
58 60 0
58 61 0
58 62 7
58 63 7
58 64 4
58 65 2
58 66 8
58 67 4
58 68 2
58 69 4
58 70 3
58 71 1
58 72 4
58 73 6
58 74 3
58 75 8
58 76 8
58 77 6
58 78 6
58 79 1
58 80 1
58 81 2
58 82 2
58 83 6
58 84 2
58 85 1
58 86 2
58 87 1
58 88 7
58 89 1
58 90 2
58 91 6
58 92 5
58 93 5
58 94 2
58 95 3
58 96 5
58 97 8
58 98 5
58 99 5
58 100 5
58 101 4
58 102 8
58 103 8
58 104 1
58 105 1
58 106 3
58 107 8
58 108 7
58 109 8
58 110 1
58 111 8
58 112 6
58 113 7
58 114 8
58 115 2
58 116 4
58 117 1
58 118 1
58 119 6
58 120 8
58 121 2
58 122 5
58 123 6
58 124 5
58 125 6
58 126 7
58 127 7
59 59 0
59 60 0
59 61 0
59 62 6
59 63 8
59 64 4
59 65 4
59 66 7
59 67 3
59 68 8
59 69 4
59 70 1
59 71 4
59 72 2
59 73 7
59 74 4
59 75 2
59 76 1
59 77 5
59 78 2
59 79 4
59 80 4
59 81 7
59 82 8
59 83 6
59 84 8
59 85 4
59 86 1
59 87 8
59 88 3
59 89 1
59 90 7
59 91 5
59 92 3
59 93 8
59 94 7
59 95 7
59 96 2
59 97 8
59 98 7
59 99 3
59 100 6
59 101 3
59 102 4
59 103 6
59 104 3
59 105 4
59 106 5
59 107 5
59 108 2
59 109 7
59 110 5
59 111 6
59 112 4
59 113 1
59 114 2
59 115 2
59 116 1
59 117 8
59 118 7
59 119 7
59 120 4
59 121 1
59 122 7
59 123 1
59 124 3
59 125 4
59 126 6
59 127 3
60 60 0
60 61 0
60 62 8
60 63 8
60 64 7
60 65 2
60 66 4
60 67 4
60 68 8
60 69 4
60 70 5
60 71 6
60 72 7
60 73 2
60 74 7
60 75 5
60 76 2
60 77 7
60 78 7
60 79 4
60 80 3
60 81 3
60 82 8
60 83 6
60 84 4
60 85 2
60 86 6
60 87 5
60 88 6
60 89 3
60 90 2
60 91 4
60 92 4
60 93 6
60 94 1
60 95 7
60 96 3
60 97 1
60 98 3
60 99 5
60 100 6
60 101 2
60 102 4
60 103 8
60 104 8
60 105 1
60 106 5
60 107 4
60 108 1
60 109 8
60 110 4
60 111 1
60 112 1
60 113 1
60 114 4
60 115 7
60 116 5
60 117 4
60 118 4
60 119 7
60 120 6
60 121 3
60 122 4
60 123 7
60 124 2
60 125 1
60 126 6
60 127 2
61 61 0
61 62 4
61 63 2
61 64 2
61 65 5
61 66 4
61 67 7
61 68 7
61 69 7
61 70 1
61 71 1
61 72 5
61 73 1
61 74 2
61 75 5
61 76 3
61 77 2
61 78 1
61 79 5
61 80 1
61 81 3
61 82 5
61 83 1
61 84 5
61 85 4
61 86 4
61 87 7
61 88 8
61 89 6
61 90 8
61 91 6
61 92 2
61 93 4
61 94 6
61 95 6
61 96 2
61 97 1
61 98 8
61 99 3
61 100 6
61 101 6
61 102 6
61 103 1
61 104 1
61 105 1
61 106 7
61 107 8
61 108 2
61 109 2
61 110 6
61 111 3
61 112 7
61 113 2
61 114 8
61 115 2
61 116 2
61 117 7
61 118 2
61 119 8
61 120 2
61 121 6
61 122 4
61 123 1
61 124 3
61 125 5
61 126 7
61 127 5
62 62 0
62 63 0
62 64 0
62 65 0
62 66 0
62 67 0
62 68 0
62 69 0
62 70 7
62 71 8
62 72 8
62 73 5
62 74 3
62 75 2
62 76 1
62 77 8
62 78 4
62 79 5
62 80 4
62 81 8
62 82 1
62 83 7
62 84 1
62 85 7
62 86 7
62 87 5
62 88 3
62 89 7
62 90 6
62 91 2
62 92 4
62 93 1
62 94 7
62 95 1
62 96 2
62 97 8
62 98 3
62 99 8
62 100 4
62 101 1
62 102 3
62 103 7
62 104 2
62 105 7
62 106 5
62 107 5
62 108 4
62 109 2
62 110 1
62 111 7
62 112 7
62 113 6
62 114 2
62 115 4
62 116 3
62 117 6
62 118 8
62 119 1
62 120 1
62 121 8
62 122 3
62 123 5
62 124 6
62 125 1
62 126 5
62 127 7
63 63 0
63 64 0
63 65 0
63 66 0
63 67 0
63 68 0
63 69 0
63 70 6
63 71 6
63 72 6
63 73 5
63 74 1
63 75 2
63 76 4
63 77 7
63 78 7
63 79 6
63 80 2
63 81 1
63 82 2
63 83 7
63 84 8
63 85 7
63 86 7
63 87 4
63 88 7
63 89 4
63 90 6
63 91 3
63 92 3
63 93 5
63 94 1
63 95 2
63 96 6
63 97 2
63 98 5
63 99 5
63 100 6
63 101 8
63 102 3
63 103 2
63 104 4
63 105 2
63 106 6
63 107 5
63 108 5
63 109 7
63 110 2
63 111 1
63 112 4
63 113 1
63 114 2
63 115 5
63 116 8
63 117 7
63 118 3
63 119 5
63 120 1
63 121 5
63 122 5
63 123 1
63 124 7
63 125 6
63 126 3
63 127 4
64 64 0
64 65 0
64 66 0
64 67 0
64 68 0
64 69 0
64 70 7
64 71 4
64 72 6
64 73 2
64 74 3
64 75 7
64 76 4
64 77 6
64 78 8
64 79 5
64 80 5
64 81 8
64 82 1
64 83 6
64 84 1
64 85 5
64 86 4
64 87 1
64 88 7
64 89 5
64 90 5
64 91 2
64 92 6
64 93 8
64 94 5
64 95 6
64 96 3
64 97 3
64 98 4
64 99 4
64 100 8
64 101 5
64 102 2
64 103 3
64 104 7
64 105 6
64 106 4
64 107 7
64 108 5
64 109 7
64 110 5
64 111 7
64 112 2
64 113 4
64 114 4
64 115 7
64 116 3
64 117 7
64 118 4
64 119 4
64 120 5
64 121 2
64 122 3
64 123 2
64 124 8
64 125 8
64 126 7
64 127 7
65 65 0
65 66 0
65 67 0
65 68 0
65 69 0
65 70 2
65 71 2
65 72 5
65 73 6
65 74 1
65 75 5
65 76 3
65 77 6
65 78 3
65 79 3
65 80 6
65 81 5
65 82 4
65 83 7
65 84 1
65 85 7
65 86 7
65 87 3
65 88 7
65 89 5
65 90 1
65 91 7
65 92 2
65 93 3
65 94 1
65 95 2
65 96 5
65 97 8
65 98 2
65 99 8
65 100 1
65 101 3
65 102 8
65 103 7
65 104 6
65 105 4
65 106 3
65 107 1
65 108 5
65 109 6
65 110 6
65 111 7
65 112 7
65 113 7
65 114 6
65 115 5
65 116 7
65 117 1
65 118 2
65 119 4
65 120 2
65 121 7
65 122 6
65 123 6
65 124 2
65 125 4
65 126 5
65 127 6
66 66 0
66 67 0
66 68 0
66 69 0
66 70 1
66 71 1
66 72 8
66 73 5
66 74 8
66 75 3
66 76 6
66 77 1
66 78 7
66 79 5
66 80 4
66 81 4
66 82 5
66 83 3
66 84 5
66 85 4
66 86 3
66 87 3
66 88 7
66 89 5
66 90 7
66 91 8
66 92 5
66 93 7
66 94 8
66 95 2
66 96 6
66 97 5
66 98 3
66 99 2
66 100 2
66 101 7
66 102 7
66 103 5
66 104 1
66 105 3
66 106 1
66 107 5
66 108 8
66 109 1
66 110 5
66 111 7
66 112 7
66 113 7
66 114 3
66 115 7
66 116 5
66 117 6
66 118 2
66 119 1
66 120 4
66 121 4
66 122 7
66 123 5
66 124 8
66 125 8
66 126 2
66 127 2
67 67 0
67 68 0
67 69 0
67 70 2
67 71 1
67 72 5
67 73 3
67 74 2
67 75 1
67 76 7
67 77 7
67 78 1
67 79 7
67 80 4
67 81 8
67 82 7
67 83 4
67 84 2
67 85 5
67 86 5
67 87 5
67 88 2
67 89 2
67 90 5
67 91 2
67 92 2
67 93 4
67 94 6
67 95 4
67 96 1
67 97 5
67 98 2
67 99 5
67 100 8
67 101 4
67 102 2
67 103 3
67 104 8
67 105 4
67 106 4
67 107 2
67 108 2
67 109 8
67 110 1
67 111 3
67 112 4
67 113 6
67 114 4
67 115 5
67 116 7
67 117 1
67 118 1
67 119 7
67 120 7
67 121 1
67 122 7
67 123 5
67 124 8
67 125 7
67 126 6
67 127 6
68 68 0
68 69 0
68 70 8
68 71 8
68 72 4
68 73 1
68 74 1
68 75 2
68 76 2
68 77 5
68 78 7
68 79 3
68 80 4
68 81 8
68 82 4
68 83 2
68 84 8
68 85 2
68 86 4
68 87 5
68 88 8
68 89 1
68 90 3
68 91 1
68 92 7
68 93 6
68 94 8
68 95 7
68 96 1
68 97 5
68 98 1
68 99 5
68 100 2
68 101 6
68 102 6
68 103 8
68 104 3
68 105 6
68 106 7
68 107 8
68 108 1
68 109 5
68 110 6
68 111 8
68 112 4
68 113 6
68 114 6
68 115 6
68 116 4
68 117 3
68 118 7
68 119 1
68 120 5
68 121 5
68 122 1
68 123 8
68 124 3
68 125 2
68 126 1
68 127 3
69 69 0
69 70 7
69 71 8
69 72 4
69 73 6
69 74 7
69 75 6
69 76 6
69 77 3
69 78 3
69 79 1
69 80 6
69 81 2
69 82 3
69 83 5
69 84 5
69 85 6
69 86 1
69 87 1
69 88 4
69 89 7
69 90 8
69 91 2
69 92 8
69 93 4
69 94 8
69 95 6
69 96 6
69 97 5
69 98 2
69 99 6
69 100 6
69 101 7
69 102 7
69 103 7
69 104 5
69 105 7
69 106 6
69 107 2
69 108 4
69 109 2
69 110 3
69 111 4
69 112 3
69 113 5
69 114 6
69 115 2
69 116 6
69 117 2
69 118 6
69 119 5
69 120 5
69 121 4
69 122 7
69 123 6
69 124 1
69 125 2
69 126 8
69 127 5
70 70 0
70 71 0
70 72 0
70 73 0
70 74 0
70 75 0
70 76 0
70 77 0
70 78 0
70 79 0
70 80 0
70 81 0
70 82 0
70 83 0
70 84 0
70 85 0
70 86 0
70 87 0
70 88 0
70 89 6
70 90 1
70 91 8
70 92 4
70 93 6
70 94 2
70 95 5
70 96 7
70 97 6
70 98 8
70 99 7
70 100 6
70 101 3
70 102 4
70 103 5
70 104 4
70 105 6
70 106 3
70 107 7
70 108 6
70 109 2
70 110 3
70 111 5
70 112 7
70 113 3
70 114 1
70 115 7
70 116 5
70 117 2
70 118 6
70 119 4
70 120 3
70 121 3
70 122 6
70 123 1
70 124 6
70 125 6
70 126 7
70 127 6
71 71 0
71 72 0
71 73 0
71 74 0
71 75 0
71 76 0
71 77 0
71 78 0
71 79 0
71 80 0
71 81 0
71 82 0
71 83 0
71 84 0
71 85 0
71 86 0
71 87 0
71 88 0
71 89 5
71 90 1
71 91 3
71 92 8
71 93 2
71 94 6
71 95 6
71 96 1
71 97 4
71 98 5
71 99 2
71 100 4
71 101 5
71 102 4
71 103 4
71 104 5
71 105 5
71 106 2
71 107 8
71 108 4
71 109 3
71 110 3
71 111 2
71 112 4
71 113 2
71 114 7
71 115 2
71 116 2
71 117 6
71 118 3
71 119 4
71 120 1
71 121 4
71 122 6
71 123 2
71 124 4
71 125 5
71 126 1
71 127 2
72 72 0
72 73 0
72 74 0
72 75 0
72 76 0
72 77 0
72 78 0
72 79 0
72 80 0
72 81 0
72 82 0
72 83 0
72 84 0
72 85 0
72 86 0
72 87 0
72 88 0
72 89 3
72 90 4
72 91 5
72 92 2
72 93 8
72 94 6
72 95 5
72 96 6
72 97 8
72 98 3
72 99 7
72 100 4
72 101 8
72 102 1
72 103 5
72 104 3
72 105 1
72 106 6
72 107 2
72 108 3
72 109 2
72 110 1
72 111 5
72 112 5
72 113 2
72 114 4
72 115 7
72 116 3
72 117 3
72 118 1
72 119 1
72 120 7
72 121 6
72 122 8
72 123 1
72 124 2
72 125 6
72 126 2
72 127 3
73 73 0
73 74 0
73 75 0
73 76 0
73 77 0
73 78 0
73 79 0
73 80 0
73 81 0
73 82 0
73 83 0
73 84 0
73 85 0
73 86 0
73 87 0
73 88 0
73 89 3
73 90 8
73 91 2
73 92 8
73 93 8
73 94 4
73 95 3
73 96 1
73 97 5
73 98 8
73 99 6
73 100 1
73 101 4
73 102 2
73 103 4
73 104 2
73 105 1
73 106 2
73 107 7
73 108 8
73 109 3
73 110 6
73 111 3
73 112 1
73 113 7
73 114 7
73 115 3
73 116 4
73 117 4
73 118 7
73 119 6
73 120 6
73 121 8
73 122 4
73 123 5
73 124 2
73 125 4
73 126 8
73 127 1
74 74 0
74 75 0
74 76 0
74 77 0
74 78 0
74 79 0
74 80 0
74 81 0
74 82 0
74 83 0
74 84 0
74 85 0
74 86 0
74 87 0
74 88 0
74 89 2
74 90 4
74 91 2
74 92 2
74 93 3
74 94 2
74 95 4
74 96 1
74 97 8
74 98 6
74 99 1
74 100 8
74 101 2
74 102 7
74 103 3
74 104 8
74 105 6
74 106 3
74 107 4
74 108 3
74 109 7
74 110 6
74 111 5
74 112 6
74 113 5
74 114 7
74 115 6
74 116 2
74 117 2
74 118 3
74 119 5
74 120 1
74 121 8
74 122 5
74 123 8
74 124 8
74 125 5
74 126 4
74 127 5
75 75 0
75 76 0
75 77 0
75 78 0
75 79 0
75 80 0
75 81 0
75 82 0
75 83 0
75 84 0
75 85 0
75 86 0
75 87 0
75 88 0
75 89 4
75 90 1
75 91 2
75 92 2
75 93 1
75 94 2
75 95 4
75 96 6
75 97 7
75 98 3
75 99 1
75 100 2
75 101 2
75 102 1
75 103 5
75 104 7
75 105 8
75 106 8
75 107 8
75 108 2
75 109 5
75 110 2
75 111 8
75 112 7
75 113 3
75 114 1
75 115 8
75 116 4
75 117 1
75 118 4
75 119 1
75 120 7
75 121 3
75 122 4
75 123 4
75 124 2
75 125 2
75 126 2
75 127 8
76 76 0
76 77 0
76 78 0
76 79 0
76 80 0
76 81 0
76 82 0
76 83 0
76 84 0
76 85 0
76 86 0
76 87 0
76 88 0
76 89 4
76 90 5
76 91 8
76 92 1
76 93 4
76 94 7
76 95 5
76 96 8
76 97 4
76 98 1
76 99 7
76 100 5
76 101 3
76 102 3
76 103 3
76 104 7
76 105 1
76 106 3
76 107 3
76 108 4
76 109 6
76 110 5
76 111 5
76 112 2
76 113 3
76 114 3
76 115 7
76 116 7
76 117 7
76 118 4
76 119 5
76 120 1
76 121 2
76 122 3
76 123 7
76 124 2
76 125 7
76 126 7
76 127 8
77 77 0
77 78 0
77 79 0
77 80 0
77 81 0
77 82 0
77 83 0
77 84 0
77 85 0
77 86 0
77 87 0
77 88 0
77 89 1
77 90 8
77 91 2
77 92 8
77 93 3
77 94 6
77 95 5
77 96 2
77 97 3
77 98 4
77 99 1
77 100 6
77 101 2
77 102 3
77 103 6
77 104 1
77 105 4
77 106 1
77 107 2
77 108 8
77 109 1
77 110 8
77 111 2
77 112 4
77 113 6
77 114 5
77 115 8
77 116 7
77 117 6
77 118 8
77 119 5
77 120 6
77 121 7
77 122 3
77 123 5
77 124 3
77 125 7
77 126 8
77 127 3
78 78 0
78 79 0
78 80 0
78 81 0
78 82 0
78 83 0
78 84 0
78 85 0
78 86 0
78 87 0
78 88 0
78 89 5
78 90 6
78 91 3
78 92 7
78 93 1
78 94 6
78 95 3
78 96 2
78 97 8
78 98 3
78 99 7
78 100 7
78 101 5
78 102 8
78 103 8
78 104 8
78 105 7
78 106 8
78 107 5
78 108 3
78 109 2
78 110 8
78 111 1
78 112 5
78 113 8
78 114 7
78 115 8
78 116 8
78 117 3
78 118 8
78 119 2
78 120 3
78 121 7
78 122 6
78 123 5
78 124 3
78 125 5
78 126 2
78 127 2
79 79 0
79 80 0
79 81 0
79 82 0
79 83 0
79 84 0
79 85 0
79 86 0
79 87 0
79 88 0
79 89 6
79 90 1
79 91 5
79 92 3
79 93 6
79 94 1
79 95 2
79 96 4
79 97 3
79 98 3
79 99 7
79 100 8
79 101 5
79 102 7
79 103 8
79 104 1
79 105 1
79 106 7
79 107 4
79 108 5
79 109 7
79 110 8
79 111 4
79 112 7
79 113 7
79 114 6
79 115 8
79 116 7
79 117 2
79 118 4
79 119 5
79 120 3
79 121 3
79 122 7
79 123 1
79 124 5
79 125 8
79 126 5
79 127 7
80 80 0
80 81 0
80 82 0
80 83 0
80 84 0
80 85 0
80 86 0
80 87 0
80 88 0
80 89 5
80 90 8
80 91 4
80 92 1
80 93 5
80 94 6
80 95 1
80 96 5
80 97 6
80 98 2
80 99 3
80 100 3
80 101 8
80 102 4
80 103 2
80 104 4
80 105 2
80 106 1
80 107 2
80 108 2
80 109 1
80 110 1
80 111 5
80 112 8
80 113 3
80 114 5
80 115 4
80 116 7
80 117 4
80 118 6
80 119 6
80 120 3
80 121 1
80 122 4
80 123 6
80 124 1
80 125 1
80 126 1
80 127 5
81 81 0
81 82 0
81 83 0
81 84 0
81 85 0
81 86 0
81 87 0
81 88 0
81 89 6
81 90 5
81 91 1
81 92 3
81 93 6
81 94 1
81 95 5
81 96 6
81 97 6
81 98 5
81 99 4
81 100 2
81 101 1
81 102 3
81 103 4
81 104 1
81 105 3
81 106 1
81 107 2
81 108 2
81 109 3
81 110 3
81 111 3
81 112 3
81 113 6
81 114 7
81 115 6
81 116 4
81 117 2
81 118 3
81 119 8
81 120 4
81 121 4
81 122 5
81 123 1
81 124 8
81 125 4
81 126 8
81 127 6
82 82 0
82 83 0
82 84 0
82 85 0
82 86 0
82 87 0
82 88 0
82 89 1
82 90 6
82 91 8
82 92 8
82 93 4
82 94 1
82 95 1
82 96 3
82 97 3
82 98 4
82 99 7
82 100 2
82 101 5
82 102 6
82 103 4
82 104 6
82 105 2
82 106 5
82 107 3
82 108 1
82 109 4
82 110 5
82 111 2
82 112 4
82 113 6
82 114 2
82 115 5
82 116 4
82 117 2
82 118 4
82 119 4
82 120 2
82 121 7
82 122 1
82 123 7
82 124 1
82 125 6
82 126 3
82 127 4
83 83 0
83 84 0
83 85 0
83 86 0
83 87 0
83 88 0
83 89 4
83 90 4
83 91 1
83 92 7
83 93 1
83 94 7
83 95 4
83 96 5
83 97 5
83 98 4
83 99 6
83 100 7
83 101 8
83 102 1
83 103 5
83 104 4
83 105 8
83 106 8
83 107 7
83 108 2
83 109 1
83 110 1
83 111 6
83 112 7
83 113 4
83 114 6
83 115 8
83 116 1
83 117 6
83 118 3
83 119 4
83 120 7
83 121 5
83 122 2
83 123 2
83 124 8
83 125 7
83 126 6
83 127 6
84 84 0
84 85 0
84 86 0
84 87 0
84 88 0
84 89 2
84 90 3
84 91 4
84 92 7
84 93 6
84 94 6
84 95 5
84 96 1
84 97 7
84 98 3
84 99 8
84 100 8
84 101 1
84 102 7
84 103 4
84 104 6
84 105 2
84 106 3
84 107 6
84 108 3
84 109 3
84 110 4
84 111 5
84 112 7
84 113 6
84 114 6
84 115 8
84 116 5
84 117 2
84 118 2
84 119 1
84 120 2
84 121 2
84 122 8
84 123 5
84 124 8
84 125 4
84 126 7
84 127 4
85 85 0
85 86 0
85 87 0
85 88 0
85 89 4
85 90 1
85 91 3
85 92 1
85 93 7
85 94 6
85 95 4
85 96 5
85 97 8
85 98 2
85 99 6
85 100 7
85 101 4
85 102 3
85 103 5
85 104 1
85 105 4
85 106 2
85 107 6
85 108 6
85 109 7
85 110 6
85 111 2
85 112 5
85 113 3
85 114 6
85 115 6
85 116 2
85 117 3
85 118 7
85 119 1
85 120 4
85 121 7
85 122 7
85 123 3
85 124 1
85 125 6
85 126 3
85 127 1
86 86 0
86 87 0
86 88 0
86 89 8
86 90 7
86 91 1
86 92 3
86 93 5
86 94 5
86 95 8
86 96 4
86 97 1
86 98 2
86 99 6
86 100 6
86 101 2
86 102 3
86 103 4
86 104 7
86 105 2
86 106 3
86 107 4
86 108 6
86 109 2
86 110 6
86 111 1
86 112 7
86 113 7
86 114 3
86 115 4
86 116 3
86 117 7
86 118 5
86 119 6
86 120 1
86 121 4
86 122 1
86 123 7
86 124 1
86 125 1
86 126 8
86 127 3
87 87 0
87 88 0
87 89 5
87 90 6
87 91 8
87 92 2
87 93 3
87 94 2
87 95 4
87 96 7
87 97 2
87 98 8
87 99 3
87 100 4
87 101 4
87 102 1
87 103 3
87 104 3
87 105 1
87 106 8
87 107 1
87 108 8
87 109 6
87 110 5
87 111 4
87 112 4
87 113 3
87 114 7
87 115 7
87 116 4
87 117 3
87 118 7
87 119 4
87 120 5
87 121 4
87 122 8
87 123 2
87 124 1
87 125 6
87 126 5
87 127 3
88 88 0
88 89 1
88 90 4
88 91 3
88 92 3
88 93 4
88 94 1
88 95 7
88 96 2
88 97 3
88 98 3
88 99 4
88 100 1
88 101 4
88 102 4
88 103 1
88 104 5
88 105 2
88 106 2
88 107 8
88 108 5
88 109 8
88 110 6
88 111 1
88 112 2
88 113 1
88 114 7
88 115 4
88 116 1
88 117 2
88 118 2
88 119 3
88 120 3
88 121 1
88 122 4
88 123 8
88 124 8
88 125 7
88 126 5
88 127 2
89 89 0
89 90 0
89 91 0
89 92 0
89 93 0
89 94 0
89 95 0
89 96 0
89 97 0
89 98 0
89 99 0
89 100 0
89 101 0
89 102 0
89 103 0
89 104 0
89 105 0
89 106 0
89 107 0
89 108 0
89 109 5
89 110 5
89 111 6
89 112 6
89 113 4
89 114 7
89 115 5
89 116 8
89 117 7
89 118 2
89 119 3
89 120 7
89 121 7
89 122 3
89 123 1
89 124 4
89 125 6
89 126 3
89 127 6
90 90 0
90 91 0
90 92 0
90 93 0
90 94 0
90 95 0
90 96 0
90 97 0
90 98 0
90 99 0
90 100 0
90 101 0
90 102 0
90 103 0
90 104 0
90 105 0
90 106 0
90 107 0
90 108 0
90 109 8
90 110 7
90 111 1
90 112 8
90 113 4
90 114 2
90 115 2
90 116 8
90 117 2
90 118 6
90 119 8
90 120 1
90 121 2
90 122 5
90 123 6
90 124 1
90 125 6
90 126 1
90 127 7
91 91 0
91 92 0
91 93 0
91 94 0
91 95 0
91 96 0
91 97 0
91 98 0
91 99 0
91 100 0
91 101 0
91 102 0
91 103 0
91 104 0
91 105 0
91 106 0
91 107 0
91 108 0
91 109 4
91 110 4
91 111 6
91 112 6
91 113 4
91 114 3
91 115 1
91 116 8
91 117 2
91 118 7
91 119 4
91 120 8
91 121 3
91 122 2
91 123 5
91 124 3
91 125 5
91 126 4
91 127 4
92 92 0
92 93 0
92 94 0
92 95 0
92 96 0
92 97 0
92 98 0
92 99 0
92 100 0
92 101 0
92 102 0
92 103 0
92 104 0
92 105 0
92 106 0
92 107 0
92 108 0
92 109 2
92 110 3
92 111 3
92 112 5
92 113 1
92 114 2
92 115 4
92 116 1
92 117 4
92 118 2
92 119 1
92 120 3
92 121 4
92 122 3
92 123 6
92 124 4
92 125 1
92 126 2
92 127 2
93 93 0
93 94 0
93 95 0
93 96 0
93 97 0
93 98 0
93 99 0
93 100 0
93 101 0
93 102 0
93 103 0
93 104 0
93 105 0
93 106 0
93 107 0
93 108 0
93 109 4
93 110 1
93 111 6
93 112 6
93 113 5
93 114 1
93 115 3
93 116 3
93 117 4
93 118 5
93 119 6
93 120 3
93 121 6
93 122 6
93 123 3
93 124 6
93 125 1
93 126 4
93 127 4
94 94 0
94 95 0
94 96 0
94 97 0
94 98 0
94 99 0
94 100 0
94 101 0
94 102 0
94 103 0
94 104 0
94 105 0
94 106 0
94 107 0
94 108 0
94 109 2
94 110 7
94 111 6
94 112 2
94 113 2
94 114 4
94 115 3
94 116 4
94 117 1
94 118 2
94 119 3
94 120 4
94 121 6
94 122 5
94 123 4
94 124 5
94 125 6
94 126 1
94 127 6
95 95 0
95 96 0
95 97 0
95 98 0
95 99 0
95 100 0
95 101 0
95 102 0
95 103 0
95 104 0
95 105 0
95 106 0
95 107 0
95 108 0
95 109 7
95 110 6
95 111 2
95 112 7
95 113 6
95 114 5
95 115 7
95 116 4
95 117 1
95 118 1
95 119 7
95 120 7
95 121 7
95 122 2
95 123 3
95 124 4
95 125 7
95 126 5
95 127 3
96 96 0
96 97 0
96 98 0
96 99 0
96 100 0
96 101 0
96 102 0
96 103 0
96 104 0
96 105 0
96 106 0
96 107 0
96 108 0
96 109 4
96 110 5
96 111 3
96 112 4
96 113 5
96 114 4
96 115 2
96 116 7
96 117 5
96 118 8
96 119 1
96 120 4
96 121 2
96 122 7
96 123 2
96 124 6
96 125 7
96 126 2
96 127 8
97 97 0
97 98 0
97 99 0
97 100 0
97 101 0
97 102 0
97 103 0
97 104 0
97 105 0
97 106 0
97 107 0
97 108 0
97 109 2
97 110 8
97 111 3
97 112 3
97 113 6
97 114 2
97 115 1
97 116 2
97 117 7
97 118 3
97 119 1
97 120 2
97 121 4
97 122 1
97 123 5
97 124 1
97 125 4
97 126 7
97 127 2
98 98 0
98 99 0
98 100 0
98 101 0
98 102 0
98 103 0
98 104 0
98 105 0
98 106 0
98 107 0
98 108 0
98 109 3
98 110 6
98 111 2
98 112 5
98 113 5
98 114 8
98 115 6
98 116 6
98 117 5
98 118 2
98 119 6
98 120 4
98 121 2
98 122 5
98 123 2
98 124 2
98 125 8
98 126 7
98 127 4
99 99 0
99 100 0
99 101 0
99 102 0
99 103 0
99 104 0
99 105 0
99 106 0
99 107 0
99 108 0
99 109 2
99 110 7
99 111 3
99 112 1
99 113 1
99 114 3
99 115 2
99 116 7
99 117 4
99 118 1
99 119 3
99 120 8
99 121 1
99 122 5
99 123 4
99 124 1
99 125 8
99 126 1
99 127 5
100 100 0
100 101 0
100 102 0
100 103 0
100 104 0
100 105 0
100 106 0
100 107 0
100 108 0
100 109 5
100 110 2
100 111 6
100 112 8
100 113 4
100 114 3
100 115 1
100 116 7
100 117 1
100 118 6
100 119 3
100 120 4
100 121 5
100 122 8
100 123 6
100 124 8
100 125 8
100 126 1
100 127 1
101 101 0
101 102 0
101 103 0
101 104 0
101 105 0
101 106 0
101 107 0
101 108 0
101 109 6
101 110 3
101 111 3
101 112 8
101 113 1
101 114 5
101 115 5
101 116 1
101 117 8
101 118 3
101 119 8
101 120 7
101 121 6
101 122 1
101 123 8
101 124 7
101 125 6
101 126 3
101 127 3
102 102 0
102 103 0
102 104 0
102 105 0
102 106 0
102 107 0
102 108 0
102 109 8
102 110 3
102 111 4
102 112 3
102 113 5
102 114 3
102 115 5
102 116 6
102 117 2
102 118 4
102 119 4
102 120 2
102 121 7
102 122 5
102 123 2
102 124 1
102 125 7
102 126 3
102 127 1
103 103 0
103 104 0
103 105 0
103 106 0
103 107 0
103 108 0
103 109 1
103 110 7
103 111 6
103 112 7
103 113 1
103 114 5
103 115 1
103 116 8
103 117 7
103 118 7
103 119 1
103 120 3
103 121 1
103 122 7
103 123 6
103 124 6
103 125 2
103 126 6
103 127 8
104 104 0
104 105 0
104 106 0
104 107 0
104 108 0
104 109 5
104 110 3
104 111 6
104 112 7
104 113 6
104 114 6
104 115 3
104 116 6
104 117 6
104 118 8
104 119 8
104 120 1
104 121 6
104 122 2
104 123 8
104 124 8
104 125 1
104 126 4
104 127 7
105 105 0
105 106 0
105 107 0
105 108 0
105 109 8
105 110 6
105 111 3
105 112 3
105 113 1
105 114 8
105 115 4
105 116 5
105 117 4
105 118 2
105 119 3
105 120 6
105 121 4
105 122 1
105 123 8
105 124 1
105 125 2
105 126 2
105 127 2
106 106 0
106 107 0
106 108 0
106 109 6
106 110 8
106 111 2
106 112 4
106 113 5
106 114 1
106 115 2
106 116 5
106 117 5
106 118 3
106 119 1
106 120 5
106 121 5
106 122 8
106 123 3
106 124 7
106 125 4
106 126 6
106 127 5
107 107 0
107 108 0
107 109 1
107 110 2
107 111 6
107 112 2
107 113 8
107 114 7
107 115 4
107 116 8
107 117 3
107 118 1
107 119 1
107 120 1
107 121 7
107 122 6
107 123 2
107 124 6
107 125 4
107 126 7
107 127 2
108 108 0
108 109 1
108 110 7
108 111 3
108 112 3
108 113 2
108 114 7
108 115 5
108 116 1
108 117 4
108 118 8
108 119 2
108 120 1
108 121 8
108 122 4
108 123 2
108 124 8
108 125 2
108 126 7
108 127 4
109 109 0
109 110 0
109 111 0
109 112 0
109 113 0
109 114 0
109 115 0
109 116 0
109 117 0
109 118 0
109 119 0
109 120 0
109 121 0
109 122 0
109 123 0
109 124 0
109 125 0
109 126 0
109 127 0
110 110 0
110 111 0
110 112 0
110 113 0
110 114 0
110 115 0
110 116 0
110 117 0
110 118 0
110 119 0
110 120 0
110 121 0
110 122 0
110 123 0
110 124 0
110 125 0
110 126 0
110 127 0
111 111 0
111 112 0
111 113 0
111 114 0
111 115 0
111 116 0
111 117 0
111 118 0
111 119 0
111 120 0
111 121 0
111 122 0
111 123 0
111 124 0
111 125 0
111 126 0
111 127 0
112 112 0
112 113 0
112 114 0
112 115 0
112 116 0
112 117 0
112 118 0
112 119 0
112 120 0
112 121 0
112 122 0
112 123 0
112 124 0
112 125 0
112 126 0
112 127 0
113 113 0
113 114 0
113 115 0
113 116 0
113 117 0
113 118 0
113 119 0
113 120 0
113 121 0
113 122 0
113 123 0
113 124 0
113 125 0
113 126 0
113 127 0
114 114 0
114 115 0
114 116 0
114 117 0
114 118 0
114 119 0
114 120 0
114 121 0
114 122 0
114 123 0
114 124 0
114 125 0
114 126 0
114 127 0
115 115 0
115 116 0
115 117 0
115 118 0
115 119 0
115 120 0
115 121 0
115 122 0
115 123 0
115 124 0
115 125 0
115 126 0
115 127 0
116 116 0
116 117 0
116 118 0
116 119 0
116 120 0
116 121 0
116 122 0
116 123 0
116 124 0
116 125 0
116 126 0
116 127 0
117 117 0
117 118 0
117 119 0
117 120 0
117 121 0
117 122 0
117 123 0
117 124 0
117 125 0
117 126 0
117 127 0
118 118 0
118 119 0
118 120 0
118 121 0
118 122 0
118 123 0
118 124 0
118 125 0
118 126 0
118 127 0
119 119 0
119 120 0
119 121 0
119 122 0
119 123 0
119 124 0
119 125 0
119 126 0
119 127 0
120 120 0
120 121 0
120 122 0
120 123 0
120 124 0
120 125 0
120 126 0
120 127 0
121 121 0
121 122 0
121 123 0
121 124 0
121 125 0
121 126 0
121 127 0
122 122 0
122 123 0
122 124 0
122 125 0
122 126 0
122 127 0
123 123 0
123 124 0
123 125 0
123 126 0
123 127 0
124 124 0
124 125 0
124 126 0
124 127 0
125 125 0
125 126 0
125 127 0
126 126 0
126 127 0
127 127 0
