10
1
6
10
10
10
8
4
7
4
9
0 0 0
0 1 4
0 2 9
0 3 4
0 4 9
0 5 10
0 6 4
0 7 15
0 8 13
0 9 9
0 10 15
0 11 14
0 12 6
0 13 14
0 14 6
0 15 3
0 16 17
0 17 11
0 18 11
0 19 3
0 20 14
0 21 16
0 22 6
0 23 8
0 24 3
0 25 12
0 26 10
0 27 11
0 28 3
0 29 17
0 30 -2
0 31 16
0 32 10
0 33 20
0 34 7
0 35 11
0 36 11
0 37 10
0 38 6
0 39 11
0 40 18
0 41 15
0 42 5
0 43 15
0 44 18
0 45 3
0 46 20
0 47 8
0 48 14
0 49 26
0 50 1
0 51 8
0 52 9
0 53 14
0 54 10
0 55 5
0 56 10
0 57 6
0 58 9
0 59 6
0 60 7
0 61 22
0 62 -2
0 63 15
0 64 2
0 65 15
0 66 12
0 67 11
0 68 7
1 1 0
1 2 0
1 3 0
1 4 0
1 5 0
1 6 0
1 7 15
1 8 11
1 9 12
1 10 12
1 11 9
1 12 17
1 13 8
1 14 9
1 15 7
1 16 13
1 17 12
1 18 12
1 19 12
1 20 20
1 21 13
1 22 15
1 23 9
1 24 0
1 25 9
1 26 10
1 27 5
1 28 10
1 29 6
1 30 5
1 31 17
1 32 11
1 33 8
1 34 8
1 35 13
1 36 11
1 37 8
1 38 5
1 39 12
1 40 8
1 41 13
1 42 14
1 43 9
1 44 5
1 45 10
1 46 6
1 47 9
1 48 17
1 49 5
1 50 20
1 51 8
1 52 13
1 53 6
1 54 11
1 55 3
1 56 12
1 57 5
1 58 12
1 59 11
1 60 13
1 61 9
1 62 8
1 63 -6
1 64 8
1 65 10
1 66 18
1 67 8
1 68 9
2 2 0
2 3 0
2 4 0
2 5 0
2 6 0
2 7 13
2 8 20
2 9 -1
2 10 21
2 11 6
2 12 9
2 13 9
2 14 -2
2 15 17
2 16 2
2 17 3
2 18 10
2 19 9
2 20 22
2 21 22
2 22 6
2 23 6
2 24 16
2 25 5
2 26 10
2 27 5
2 28 10
2 29 13
2 30 16
2 31 15
2 32 3
2 33 5
2 34 8
2 35 4
2 36 8
2 37 8
2 38 10
2 39 13
2 40 7
2 41 14
2 42 6
2 43 19
2 44 4
2 45 10
2 46 10
2 47 9
2 48 7
2 49 -3
2 50 10
2 51 8
2 52 3
2 53 14
2 54 8
2 55 7
2 56 4
2 57 6
2 58 9
2 59 3
2 60 14
2 61 9
2 62 5
2 63 13
2 64 14
2 65 14
2 66 7
2 67 7
2 68 13
3 3 0
3 4 0
3 5 0
3 6 0
3 7 12
3 8 9
3 9 13
3 10 9
3 11 14
3 12 5
3 13 10
3 14 4
3 15 12
3 16 17
3 17 2
3 18 16
3 19 14
3 20 3
3 21 13
3 22 15
3 23 12
3 24 21
3 25 12
3 26 5
3 27 9
3 28 9
3 29 4
3 30 11
3 31 5
3 32 12
3 33 15
3 34 8
3 35 11
3 36 8
3 37 11
3 38 20
3 39 12
3 40 16
3 41 9
3 42 16
3 43 8
3 44 11
3 45 5
3 46 6
3 47 11
3 48 9
3 49 0
3 50 11
3 51 12
3 52 5
3 53 13
3 54 7
3 55 4
3 56 12
3 57 14
3 58 5
3 59 4
3 60 12
3 61 7
3 62 14
3 63 11
3 64 16
3 65 16
3 66 8
3 67 9
3 68 14
4 4 0
4 5 0
4 6 0
4 7 19
4 8 10
4 9 9
4 10 15
4 11 11
4 12 4
4 13 16
4 14 8
4 15 8
4 16 8
4 17 14
4 18 9
4 19 1
4 20 8
4 21 3
4 22 7
4 23 15
4 24 17
4 25 2
4 26 14
4 27 9
4 28 5
4 29 10
4 30 15
4 31 10
4 32 17
4 33 4
4 34 6
4 35 9
4 36 13
4 37 14
4 38 6
4 39 -1
4 40 7
4 41 9
4 42 5
4 43 8
4 44 5
4 45 13
4 46 10
4 47 1
4 48 8
4 49 9
4 50 14
4 51 12
4 52 13
4 53 6
4 54 12
4 55 12
4 56 11
4 57 22
4 58 19
4 59 16
4 60 18
4 61 11
4 62 -1
4 63 3
4 64 18
4 65 4
4 66 8
4 67 10
4 68 6
5 5 0
5 6 0
5 7 18
5 8 3
5 9 4
5 10 14
5 11 11
5 12 13
5 13 11
5 14 9
5 15 13
5 16 12
5 17 19
5 18 2
5 19 11
5 20 4
5 21 13
5 22 6
5 23 -2
5 24 5
5 25 7
5 26 11
5 27 13
5 28 8
5 29 11
5 30 6
5 31 13
5 32 11
5 33 16
5 34 15
5 35 14
5 36 15
5 37 15
5 38 4
5 39 10
5 40 12
5 41 13
5 42 15
5 43 7
5 44 17
5 45 16
5 46 13
5 47 0
5 48 10
5 49 15
5 50 13
5 51 6
5 52 5
5 53 3
5 54 4
5 55 14
5 56 6
5 57 5
5 58 14
5 59 9
5 60 3
5 61 15
5 62 18
5 63 9
5 64 6
5 65 11
5 66 8
5 67 3
5 68 12
6 6 0
6 7 3
6 8 10
6 9 8
6 10 1
6 11 8
6 12 15
6 13 10
6 14 5
6 15 4
6 16 8
6 17 13
6 18 12
6 19 9
6 20 15
6 21 13
6 22 13
6 23 5
6 24 6
6 25 17
6 26 13
6 27 9
6 28 8
6 29 2
6 30 14
6 31 6
6 32 3
6 33 8
6 34 4
6 35 16
6 36 9
6 37 19
6 38 20
6 39 5
6 40 11
6 41 7
6 42 0
6 43 12
6 44 15
6 45 8
6 46 5
6 47 12
6 48 11
6 49 10
6 50 11
6 51 16
6 52 13
6 53 10
6 54 19
6 55 15
6 56 9
6 57 15
6 58 4
6 59 12
6 60 16
6 61 4
6 62 13
6 63 15
6 64 6
6 65 9
6 66 16
6 67 21
6 68 13
7 7 0
7 8 0
7 9 0
7 10 0
7 11 0
7 12 0
7 13 0
7 14 0
7 15 0
7 16 0
7 17 14
7 18 12
7 19 15
7 20 8
7 21 13
7 22 10
7 23 16
7 24 7
7 25 1
7 26 4
7 27 9
7 28 10
7 29 12
7 30 19
7 31 6
7 32 9
7 33 7
7 34 9
7 35 8
7 36 11
7 37 11
7 38 11
7 39 10
7 40 14
7 41 8
7 42 21
7 43 10
7 44 7
7 45 12
7 46 10
7 47 13
7 48 20
7 49 10
7 50 15
7 51 11
7 52 22
7 53 12
7 54 11
7 55 12
7 56 19
7 57 5
7 58 12
7 59 7
7 60 15
7 61 14
7 62 14
7 63 6
7 64 15
7 65 6
7 66 -3
7 67 3
7 68 18
8 8 0
8 9 0
8 10 0
8 11 0
8 12 0
8 13 0
8 14 0
8 15 0
8 16 0
8 17 14
8 18 3
8 19 22
8 20 12
8 21 11
8 22 12
8 23 10
8 24 0
8 25 11
8 26 19
8 27 13
8 28 16
8 29 13
8 30 7
8 31 14
8 32 9
8 33 18
8 34 8
8 35 8
8 36 11
8 37 2
8 38 4
8 39 7
8 40 6
8 41 4
8 42 2
8 43 8
8 44 3
8 45 3
8 46 3
8 47 8
8 48 0
8 49 14
8 50 12
8 51 12
8 52 12
8 53 2
8 54 6
8 55 4
8 56 1
8 57 3
8 58 7
8 59 4
8 60 14
8 61 6
8 62 9
8 63 14
8 64 8
8 65 16
8 66 17
8 67 9
8 68 9
9 9 0
9 10 0
9 11 0
9 12 0
9 13 0
9 14 0
9 15 0
9 16 0
9 17 16
9 18 11
9 19 12
9 20 15
9 21 5
9 22 14
9 23 15
9 24 11
9 25 8
9 26 6
9 27 9
9 28 3
9 29 17
9 30 18
9 31 10
9 32 12
9 33 9
9 34 9
9 35 3
9 36 15
9 37 16
9 38 14
9 39 5
9 40 15
9 41 13
9 42 17
9 43 10
9 44 15
9 45 6
9 46 11
9 47 16
9 48 13
9 49 7
9 50 2
9 51 13
9 52 15
9 53 11
9 54 7
9 55 19
9 56 14
9 57 19
9 58 13
9 59 17
9 60 6
9 61 4
9 62 8
9 63 8
9 64 6
9 65 11
9 66 13
9 67 6
9 68 13
10 10 0
10 11 0
10 12 0
10 13 0
10 14 0
10 15 0
10 16 0
10 17 12
10 18 -1
10 19 17
10 20 0
10 21 9
10 22 12
10 23 14
10 24 5
10 25 5
10 26 10
10 27 15
10 28 6
10 29 5
10 30 12
10 31 7
10 32 9
10 33 7
10 34 9
10 35 17
10 36 9
10 37 -1
10 38 9
10 39 13
10 40 11
10 41 -2
10 42 11
10 43 7
10 44 11
10 45 11
10 46 2
10 47 12
10 48 10
10 49 12
10 50 0
10 51 12
10 52 7
10 53 11
10 54 8
10 55 2
10 56 18
10 57 19
10 58 6
10 59 9
10 60 11
10 61 13
10 62 12
10 63 6
10 64 2
10 65 12
10 66 14
10 67 14
10 68 4
11 11 0
11 12 0
11 13 0
11 14 0
11 15 0
11 16 0
11 17 14
11 18 4
11 19 5
11 20 15
11 21 12
11 22 9
11 23 6
11 24 7
11 25 8
11 26 7
11 27 20
11 28 4
11 29 10
11 30 4
11 31 0
11 32 10
11 33 10
11 34 15
11 35 14
11 36 9
11 37 10
11 38 8
11 39 6
11 40 13
11 41 11
11 42 3
11 43 2
11 44 9
11 45 6
11 46 18
11 47 4
11 48 0
11 49 5
11 50 6
11 51 10
11 52 14
11 53 9
11 54 11
11 55 12
11 56 15
11 57 4
11 58 8
11 59 6
11 60 13
11 61 6
11 62 6
11 63 11
11 64 11
11 65 9
11 66 11
11 67 10
11 68 20
12 12 0
12 13 0
12 14 0
12 15 0
12 16 0
12 17 7
12 18 13
12 19 12
12 20 6
12 21 2
12 22 24
12 23 4
12 24 17
12 25 8
12 26 3
12 27 14
12 28 11
12 29 11
12 30 13
12 31 7
12 32 13
12 33 8
12 34 8
12 35 7
12 36 13
12 37 5
12 38 16
12 39 16
12 40 10
12 41 4
12 42 8
12 43 7
12 44 12
12 45 14
12 46 7
12 47 14
12 48 11
12 49 9
12 50 0
12 51 5
12 52 8
12 53 15
12 54 16
12 55 8
12 56 18
12 57 8
12 58 20
12 59 11
12 60 8
12 61 9
12 62 5
12 63 11
12 64 7
12 65 11
12 66 6
12 67 10
12 68 10
13 13 0
13 14 0
13 15 0
13 16 0
13 17 14
13 18 14
13 19 9
13 20 13
13 21 11
13 22 10
13 23 7
13 24 8
13 25 9
13 26 19
13 27 6
13 28 16
13 29 7
13 30 14
13 31 9
13 32 5
13 33 6
13 34 18
13 35 9
13 36 6
13 37 8
13 38 2
13 39 14
13 40 12
13 41 5
13 42 11
13 43 13
13 44 12
13 45 3
13 46 14
13 47 5
13 48 9
13 49 14
13 50 9
13 51 8
13 52 13
13 53 9
13 54 12
13 55 5
13 56 9
13 57 10
13 58 6
13 59 10
13 60 6
13 61 12
13 62 9
13 63 7
13 64 7
13 65 4
13 66 11
13 67 -2
13 68 15
14 14 0
14 15 0
14 16 0
14 17 4
14 18 7
14 19 16
14 20 1
14 21 9
14 22 12
14 23 14
14 24 7
14 25 10
14 26 14
14 27 5
14 28 12
14 29 7
14 30 10
14 31 -1
14 32 19
14 33 6
14 34 11
14 35 5
14 36 9
14 37 10
14 38 13
14 39 10
14 40 11
14 41 2
14 42 11
14 43 19
14 44 13
14 45 21
14 46 5
14 47 8
14 48 11
14 49 0
14 50 16
14 51 6
14 52 21
14 53 8
14 54 5
14 55 8
14 56 11
14 57 13
14 58 4
14 59 18
14 60 7
14 61 16
14 62 8
14 63 8
14 64 15
14 65 -4
14 66 10
14 67 11
14 68 7
15 15 0
15 16 0
15 17 4
15 18 17
15 19 13
15 20 12
15 21 7
15 22 1
15 23 16
15 24 12
15 25 10
15 26 9
15 27 12
15 28 15
15 29 22
15 30 14
15 31 18
15 32 13
15 33 13
15 34 0
15 35 10
15 36 2
15 37 2
15 38 4
15 39 25
15 40 13
15 41 5
15 42 16
15 43 17
15 44 11
15 45 2
15 46 6
15 47 11
15 48 17
15 49 9
15 50 -3
15 51 10
15 52 4
15 53 7
15 54 6
15 55 11
15 56 10
15 57 11
15 58 6
15 59 4
15 60 10
15 61 14
15 62 14
15 63 13
15 64 16
15 65 4
15 66 13
15 67 13
15 68 3
16 16 0
16 17 14
16 18 8
16 19 14
16 20 15
16 21 17
16 22 10
16 23 13
16 24 9
16 25 3
16 26 11
16 27 7
16 28 8
16 29 13
16 30 14
16 31 7
16 32 10
16 33 14
16 34 8
16 35 12
16 36 21
16 37 2
16 38 8
16 39 9
16 40 8
16 41 15
16 42 6
16 43 8
16 44 1
16 45 12
16 46 -1
16 47 21
16 48 14
16 49 17
16 50 14
16 51 11
16 52 13
16 53 8
16 54 9
16 55 3
16 56 15
16 57 13
16 58 5
16 59 10
16 60 6
16 61 19
16 62 18
16 63 18
16 64 4
16 65 10
16 66 8
16 67 11
16 68 8
17 17 0
17 18 0
17 19 0
17 20 0
17 21 0
17 22 0
17 23 0
17 24 0
17 25 0
17 26 0
17 27 11
17 28 11
17 29 17
17 30 6
17 31 13
17 32 16
17 33 12
17 34 5
17 35 6
17 36 8
17 37 13
17 38 2
17 39 11
17 40 13
17 41 1
17 42 3
17 43 12
17 44 9
17 45 6
17 46 6
17 47 10
17 48 12
17 49 10
17 50 9
17 51 13
17 52 11
17 53 7
17 54 13
17 55 11
17 56 4
17 57 6
17 58 12
17 59 16
17 60 11
17 61 8
17 62 6
17 63 7
17 64 5
17 65 4
17 66 6
17 67 13
17 68 4
18 18 0
18 19 0
18 20 0
18 21 0
18 22 0
18 23 0
18 24 0
18 25 0
18 26 0
18 27 17
18 28 9
18 29 11
18 30 16
18 31 13
18 32 12
18 33 2
18 34 9
18 35 13
18 36 16
18 37 13
18 38 14
18 39 0
18 40 14
18 41 12
18 42 8
18 43 11
18 44 14
18 45 23
18 46 6
18 47 10
18 48 7
18 49 7
18 50 10
18 51 12
18 52 16
18 53 14
18 54 7
18 55 15
18 56 13
18 57 11
18 58 5
18 59 5
18 60 6
18 61 12
18 62 11
18 63 12
18 64 11
18 65 9
18 66 6
18 67 19
18 68 11
19 19 0
19 20 0
19 21 0
19 22 0
19 23 0
19 24 0
19 25 0
19 26 0
19 27 16
19 28 11
19 29 15
19 30 13
19 31 15
19 32 8
19 33 6
19 34 11
19 35 10
19 36 5
19 37 10
19 38 9
19 39 11
19 40 8
19 41 19
19 42 8
19 43 7
19 44 9
19 45 15
19 46 12
19 47 12
19 48 7
19 49 16
19 50 19
19 51 0
19 52 15
19 53 2
19 54 13
19 55 12
19 56 10
19 57 4
19 58 5
19 59 11
19 60 7
19 61 2
19 62 14
19 63 16
19 64 9
19 65 16
19 66 12
19 67 9
19 68 14
20 20 0
20 21 0
20 22 0
20 23 0
20 24 0
20 25 0
20 26 0
20 27 19
20 28 13
20 29 9
20 30 11
20 31 11
20 32 13
20 33 9
20 34 8
20 35 8
20 36 11
20 37 4
20 38 20
20 39 17
20 40 21
20 41 10
20 42 13
20 43 19
20 44 13
20 45 0
20 46 14
20 47 9
20 48 9
20 49 14
20 50 8
20 51 14
20 52 13
20 53 9
20 54 9
20 55 6
20 56 3
20 57 13
20 58 17
20 59 20
20 60 5
20 61 6
20 62 6
20 63 13
20 64 9
20 65 10
20 66 10
20 67 6
20 68 5
21 21 0
21 22 0
21 23 0
21 24 0
21 25 0
21 26 0
21 27 21
21 28 15
21 29 12
21 30 0
21 31 5
21 32 14
21 33 12
21 34 8
21 35 10
21 36 16
21 37 1
21 38 18
21 39 2
21 40 4
21 41 17
21 42 14
21 43 12
21 44 10
21 45 8
21 46 2
21 47 6
21 48 19
21 49 8
21 50 11
21 51 5
21 52 6
21 53 -3
21 54 9
21 55 18
21 56 1
21 57 17
21 58 14
21 59 15
21 60 13
21 61 11
21 62 14
21 63 10
21 64 10
21 65 4
21 66 11
21 67 11
21 68 5
22 22 0
22 23 0
22 24 0
22 25 0
22 26 0
22 27 12
22 28 16
22 29 7
22 30 12
22 31 10
22 32 17
22 33 12
22 34 9
22 35 14
22 36 12
22 37 11
22 38 9
22 39 9
22 40 4
22 41 10
22 42 20
22 43 17
22 44 12
22 45 11
22 46 4
22 47 9
22 48 3
22 49 15
22 50 15
22 51 15
22 52 16
22 53 6
22 54 10
22 55 14
22 56 9
22 57 9
22 58 7
22 59 8
22 60 5
22 61 12
22 62 5
22 63 5
22 64 22
22 65 10
22 66 7
22 67 13
22 68 10
23 23 0
23 24 0
23 25 0
23 26 0
23 27 16
23 28 9
23 29 9
23 30 -1
23 31 7
23 32 18
23 33 8
23 34 8
23 35 9
23 36 12
23 37 15
23 38 9
23 39 16
23 40 13
23 41 3
23 42 9
23 43 9
23 44 24
23 45 16
23 46 3
23 47 1
23 48 14
23 49 9
23 50 9
23 51 11
23 52 6
23 53 8
23 54 11
23 55 12
23 56 5
23 57 10
23 58 5
23 59 7
23 60 4
23 61 19
23 62 23
23 63 5
23 64 9
23 65 16
23 66 15
23 67 1
23 68 11
24 24 0
24 25 0
24 26 0
24 27 13
24 28 17
24 29 5
24 30 7
24 31 16
24 32 7
24 33 7
24 34 9
24 35 8
24 36 15
24 37 15
24 38 5
24 39 9
24 40 13
24 41 15
24 42 16
24 43 9
24 44 7
24 45 8
24 46 9
24 47 5
24 48 16
24 49 9
24 50 12
24 51 5
24 52 8
24 53 9
24 54 12
24 55 6
24 56 8
24 57 8
24 58 8
24 59 13
24 60 8
24 61 18
24 62 17
24 63 8
24 64 7
24 65 -1
24 66 11
24 67 6
24 68 16
25 25 0
25 26 0
25 27 8
25 28 14
25 29 11
25 30 12
25 31 8
25 32 9
25 33 11
25 34 15
25 35 11
25 36 16
25 37 12
25 38 19
25 39 10
25 40 14
25 41 7
25 42 11
25 43 2
25 44 8
25 45 1
25 46 16
25 47 1
25 48 4
25 49 5
25 50 12
25 51 11
25 52 19
25 53 5
25 54 17
25 55 22
25 56 22
25 57 11
25 58 11
25 59 14
25 60 9
25 61 17
25 62 12
25 63 8
25 64 9
25 65 10
25 66 3
25 67 9
25 68 11
26 26 0
26 27 13
26 28 12
26 29 6
26 30 15
26 31 9
26 32 15
26 33 16
26 34 8
26 35 14
26 36 8
26 37 15
26 38 11
26 39 11
26 40 13
26 41 3
26 42 14
26 43 10
26 44 13
26 45 14
26 46 12
26 47 2
26 48 13
26 49 7
26 50 11
26 51 11
26 52 15
26 53 16
26 54 15
26 55 10
26 56 10
26 57 17
26 58 10
26 59 18
26 60 19
26 61 2
26 62 8
26 63 11
26 64 13
26 65 14
26 66 13
26 67 11
26 68 16
27 27 0
27 28 0
27 29 0
27 30 0
27 31 0
27 32 0
27 33 0
27 34 0
27 35 0
27 36 0
27 37 13
27 38 7
27 39 5
27 40 17
27 41 7
27 42 11
27 43 12
27 44 11
27 45 11
27 46 8
27 47 12
27 48 7
27 49 5
27 50 12
27 51 16
27 52 6
27 53 3
27 54 9
27 55 14
27 56 11
27 57 18
27 58 13
27 59 5
27 60 4
27 61 6
27 62 11
27 63 13
27 64 9
27 65 13
27 66 27
27 67 9
27 68 11
28 28 0
28 29 0
28 30 0
28 31 0
28 32 0
28 33 0
28 34 0
28 35 0
28 36 0
28 37 12
28 38 14
28 39 8
28 40 9
28 41 7
28 42 17
28 43 9
28 44 1
28 45 7
28 46 4
28 47 7
28 48 3
28 49 20
28 50 2
28 51 7
28 52 11
28 53 9
28 54 8
28 55 11
28 56 7
28 57 15
28 58 3
28 59 26
28 60 3
28 61 16
28 62 15
28 63 9
28 64 12
28 65 10
28 66 12
28 67 8
28 68 6
29 29 0
29 30 0
29 31 0
29 32 0
29 33 0
29 34 0
29 35 0
29 36 0
29 37 12
29 38 9
29 39 17
29 40 7
29 41 7
29 42 5
29 43 1
29 44 9
29 45 16
29 46 18
29 47 17
29 48 4
29 49 20
29 50 9
29 51 15
29 52 9
29 53 13
29 54 13
29 55 4
29 56 11
29 57 12
29 58 4
29 59 13
29 60 6
29 61 3
29 62 7
29 63 19
29 64 0
29 65 8
29 66 12
29 67 7
29 68 9
30 30 0
30 31 0
30 32 0
30 33 0
30 34 0
30 35 0
30 36 0
30 37 4
30 38 8
30 39 8
30 40 9
30 41 13
30 42 2
30 43 15
30 44 4
30 45 8
30 46 8
30 47 13
30 48 7
30 49 12
30 50 16
30 51 -3
30 52 6
30 53 16
30 54 13
30 55 13
30 56 0
30 57 8
30 58 8
30 59 7
30 60 15
30 61 12
30 62 8
30 63 6
30 64 19
30 65 8
30 66 9
30 67 6
30 68 15
31 31 0
31 32 0
31 33 0
31 34 0
31 35 0
31 36 0
31 37 1
31 38 11
31 39 4
31 40 6
31 41 22
31 42 8
31 43 9
31 44 9
31 45 0
31 46 11
31 47 6
31 48 16
31 49 14
31 50 5
31 51 9
31 52 9
31 53 10
31 54 8
31 55 12
31 56 16
31 57 8
31 58 7
31 59 3
31 60 9
31 61 11
31 62 11
31 63 5
31 64 17
31 65 19
31 66 6
31 67 24
31 68 10
32 32 0
32 33 0
32 34 0
32 35 0
32 36 0
32 37 15
32 38 15
32 39 6
32 40 10
32 41 11
32 42 20
32 43 12
32 44 10
32 45 1
32 46 17
32 47 16
32 48 15
32 49 6
32 50 10
32 51 6
32 52 13
32 53 9
32 54 2
32 55 13
32 56 9
32 57 -2
32 58 10
32 59 11
32 60 8
32 61 13
32 62 18
32 63 3
32 64 16
32 65 11
32 66 7
32 67 21
32 68 23
33 33 0
33 34 0
33 35 0
33 36 0
33 37 5
33 38 10
33 39 18
33 40 9
33 41 -3
33 42 11
33 43 0
33 44 7
33 45 10
33 46 8
33 47 20
33 48 6
33 49 13
33 50 12
33 51 18
33 52 7
33 53 13
33 54 17
33 55 6
33 56 6
33 57 5
33 58 12
33 59 11
33 60 0
33 61 15
33 62 9
33 63 6
33 64 13
33 65 8
33 66 12
33 67 13
33 68 -2
34 34 0
34 35 0
34 36 0
34 37 5
34 38 10
34 39 9
34 40 4
34 41 10
34 42 5
34 43 16
34 44 2
34 45 9
34 46 18
34 47 4
34 48 7
34 49 15
34 50 8
34 51 14
34 52 10
34 53 12
34 54 10
34 55 10
34 56 4
34 57 4
34 58 12
34 59 10
34 60 4
34 61 14
34 62 8
34 63 20
34 64 7
34 65 14
34 66 8
34 67 8
34 68 12
35 35 0
35 36 0
35 37 6
35 38 13
35 39 10
35 40 12
35 41 9
35 42 14
35 43 8
35 44 6
35 45 16
35 46 17
35 47 11
35 48 11
35 49 12
35 50 14
35 51 21
35 52 13
35 53 4
35 54 20
35 55 4
35 56 3
35 57 17
35 58 18
35 59 6
35 60 11
35 61 10
35 62 10
35 63 9
35 64 10
35 65 8
35 66 9
35 67 -1
35 68 13
36 36 0
36 37 4
36 38 5
36 39 11
36 40 14
36 41 11
36 42 11
36 43 10
36 44 10
36 45 8
36 46 10
36 47 9
36 48 2
36 49 12
36 50 13
36 51 16
36 52 5
36 53 20
36 54 14
36 55 4
36 56 25
36 57 14
36 58 13
36 59 3
36 60 15
36 61 12
36 62 6
36 63 17
36 64 13
36 65 10
36 66 9
36 67 23
36 68 6
37 37 0
37 38 0
37 39 0
37 40 0
37 41 0
37 42 0
37 43 0
37 44 0
37 45 18
37 46 13
37 47 16
37 48 13
37 49 13
37 50 15
37 51 4
37 52 11
37 53 13
37 54 10
37 55 3
37 56 9
37 57 11
37 58 12
37 59 14
37 60 8
37 61 11
37 62 5
37 63 12
37 64 9
37 65 9
37 66 12
37 67 17
37 68 17
38 38 0
38 39 0
38 40 0
38 41 0
38 42 0
38 43 0
38 44 0
38 45 11
38 46 7
38 47 16
38 48 15
38 49 1
38 50 11
38 51 13
38 52 14
38 53 8
38 54 5
38 55 16
38 56 17
38 57 9
38 58 16
38 59 3
38 60 13
38 61 19
38 62 15
38 63 -2
38 64 10
38 65 6
38 66 12
38 67 9
38 68 7
39 39 0
39 40 0
39 41 0
39 42 0
39 43 0
39 44 0
39 45 7
39 46 12
39 47 13
39 48 2
39 49 10
39 50 9
39 51 12
39 52 12
39 53 15
39 54 4
39 55 10
39 56 10
39 57 2
39 58 11
39 59 8
39 60 9
39 61 14
39 62 7
39 63 10
39 64 6
39 65 8
39 66 7
39 67 6
39 68 15
40 40 0
40 41 0
40 42 0
40 43 0
40 44 0
40 45 7
40 46 8
40 47 14
40 48 15
40 49 13
40 50 6
40 51 15
40 52 15
40 53 10
40 54 13
40 55 16
40 56 16
40 57 7
40 58 7
40 59 5
40 60 13
40 61 6
40 62 7
40 63 11
40 64 2
40 65 6
40 66 8
40 67 21
40 68 16
41 41 0
41 42 0
41 43 0
41 44 0
41 45 0
41 46 14
41 47 5
41 48 6
41 49 16
41 50 11
41 51 9
41 52 4
41 53 5
41 54 12
41 55 13
41 56 6
41 57 13
41 58 5
41 59 10
41 60 7
41 61 4
41 62 7
41 63 4
41 64 9
41 65 1
41 66 14
41 67 7
41 68 6
42 42 0
42 43 0
42 44 0
42 45 14
42 46 16
42 47 12
42 48 10
42 49 2
42 50 3
42 51 10
42 52 3
42 53 9
42 54 0
42 55 14
42 56 7
42 57 10
42 58 12
42 59 16
42 60 9
42 61 10
42 62 17
42 63 7
42 64 12
42 65 5
42 66 9
42 67 12
42 68 3
43 43 0
43 44 0
43 45 18
43 46 6
43 47 11
43 48 7
43 49 6
43 50 12
43 51 15
43 52 13
43 53 13
43 54 12
43 55 7
43 56 19
43 57 15
43 58 16
43 59 9
43 60 11
43 61 14
43 62 0
43 63 13
43 64 8
43 65 20
43 66 17
43 67 11
43 68 14
44 44 0
44 45 -4
44 46 6
44 47 4
44 48 10
44 49 6
44 50 15
44 51 14
44 52 10
44 53 1
44 54 -7
44 55 8
44 56 -5
44 57 5
44 58 12
44 59 14
44 60 19
44 61 11
44 62 16
44 63 12
44 64 2
44 65 8
44 66 16
44 67 4
44 68 13
45 45 0
45 46 0
45 47 0
45 48 0
45 49 20
45 50 11
45 51 12
45 52 11
45 53 15
45 54 5
45 55 4
45 56 10
45 57 15
45 58 6
45 59 -1
45 60 15
45 61 17
45 62 3
45 63 9
45 64 8
45 65 6
45 66 5
45 67 14
45 68 3
46 46 0
46 47 0
46 48 0
46 49 4
46 50 2
46 51 10
46 52 15
46 53 15
46 54 8
46 55 12
46 56 6
46 57 16
46 58 14
46 59 14
46 60 12
46 61 1
46 62 3
46 63 16
46 64 11
46 65 13
46 66 8
46 67 7
46 68 6
47 47 0
47 48 0
47 49 17
47 50 18
47 51 20
47 52 5
47 53 7
47 54 14
47 55 8
47 56 17
47 57 15
47 58 5
47 59 11
47 60 12
47 61 15
47 62 10
47 63 25
47 64 11
47 65 5
47 66 16
47 67 8
47 68 13
48 48 0
48 49 7
48 50 12
48 51 10
48 52 8
48 53 0
48 54 10
48 55 11
48 56 7
48 57 16
48 58 13
48 59 8
48 60 12
48 61 9
48 62 16
48 63 17
48 64 2
48 65 1
48 66 12
48 67 -1
48 68 14
49 49 0
49 50 0
49 51 0
49 52 0
49 53 0
49 54 0
49 55 0
49 56 13
49 57 22
49 58 10
49 59 2
49 60 15
49 61 7
49 62 12
49 63 15
49 64 7
49 65 10
49 66 15
49 67 23
49 68 13
50 50 0
50 51 0
50 52 0
50 53 0
50 54 0
50 55 0
50 56 16
50 57 6
50 58 13
50 59 7
50 60 11
50 61 15
50 62 4
50 63 13
50 64 7
50 65 4
50 66 11
50 67 11
50 68 7
51 51 0
51 52 0
51 53 0
51 54 0
51 55 0
51 56 8
51 57 6
51 58 4
51 59 7
51 60 4
51 61 15
51 62 8
51 63 11
51 64 7
51 65 9
51 66 6
51 67 13
51 68 14
52 52 0
52 53 0
52 54 0
52 55 0
52 56 6
52 57 12
52 58 9
52 59 14
52 60 11
52 61 11
52 62 7
52 63 18
52 64 8
52 65 8
52 66 4
52 67 17
52 68 11
53 53 0
53 54 0
53 55 0
53 56 9
53 57 12
53 58 15
53 59 2
53 60 9
53 61 9
53 62 4
53 63 10
53 64 7
53 65 15
53 66 15
53 67 16
53 68 20
54 54 0
54 55 0
54 56 11
54 57 5
54 58 12
54 59 13
54 60 0
54 61 10
54 62 14
54 63 14
54 64 8
54 65 13
54 66 10
54 67 6
54 68 7
55 55 0
55 56 16
55 57 10
55 58 8
55 59 8
55 60 14
55 61 13
55 62 10
55 63 14
55 64 14
55 65 6
55 66 6
55 67 15
55 68 20
56 56 0
56 57 0
56 58 0
56 59 0
56 60 2
56 61 10
56 62 7
56 63 10
56 64 12
56 65 5
56 66 19
56 67 10
56 68 5
57 57 0
57 58 0
57 59 0
57 60 11
57 61 5
57 62 8
57 63 10
57 64 14
57 65 7
57 66 5
57 67 14
57 68 13
58 58 0
58 59 0
58 60 13
58 61 1
58 62 10
58 63 14
58 64 12
58 65 8
58 66 4
58 67 14
58 68 7
59 59 0
59 60 4
59 61 19
59 62 17
59 63 13
59 64 13
59 65 -1
59 66 12
59 67 11
59 68 11
60 60 0
60 61 0
60 62 0
60 63 0
60 64 0
60 65 0
60 66 0
60 67 0
60 68 0
61 61 0
61 62 0
61 63 0
61 64 0
61 65 0
61 66 0
61 67 0
61 68 0
62 62 0
62 63 0
62 64 0
62 65 0
62 66 0
62 67 0
62 68 0
63 63 0
63 64 0
63 65 0
63 66 0
63 67 0
63 68 0
64 64 0
64 65 0
64 66 0
64 67 0
64 68 0
65 65 0
65 66 0
65 67 0
65 68 0
66 66 0
66 67 0
66 68 0
67 67 0
67 68 0
68 68 0
