10
10
6
8
2
10
5
4
2
1
2
0 0 0
0 1 0
0 2 0
0 3 0
0 4 0
0 5 0
0 6 0
0 7 0
0 8 0
0 9 0
0 10 14
0 11 13
0 12 19
0 13 11
0 14 9
0 15 16
0 16 9
0 17 5
0 18 18
0 19 18
0 20 16
0 21 17
0 22 10
0 23 14
0 24 16
0 25 16
0 26 13
0 27 16
0 28 5
0 29 1
0 30 8
0 31 3
0 32 9
0 33 4
0 34 1
0 35 5
0 36 16
0 37 19
0 38 1
0 39 1
0 40 4
0 41 12
0 42 16
0 43 14
0 44 6
0 45 18
0 46 10
0 47 3
0 48 2
0 49 8
1 1 0
1 2 0
1 3 0
1 4 0
1 5 0
1 6 0
1 7 0
1 8 0
1 9 0
1 10 7
1 11 10
1 12 6
1 13 20
1 14 16
1 15 12
1 16 13
1 17 17
1 18 13
1 19 12
1 20 3
1 21 3
1 22 13
1 23 19
1 24 10
1 25 11
1 26 6
1 27 20
1 28 2
1 29 19
1 30 2
1 31 6
1 32 16
1 33 4
1 34 11
1 35 3
1 36 4
1 37 4
1 38 20
1 39 8
1 40 16
1 41 11
1 42 3
1 43 17
1 44 14
1 45 5
1 46 16
1 47 16
1 48 13
1 49 7
2 2 0
2 3 0
2 4 0
2 5 0
2 6 0
2 7 0
2 8 0
2 9 0
2 10 4
2 11 11
2 12 15
2 13 10
2 14 16
2 15 10
2 16 13
2 17 8
2 18 15
2 19 19
2 20 5
2 21 9
2 22 13
2 23 16
2 24 12
2 25 14
2 26 13
2 27 13
2 28 1
2 29 12
2 30 6
2 31 20
2 32 15
2 33 13
2 34 11
2 35 18
2 36 1
2 37 19
2 38 9
2 39 12
2 40 10
2 41 14
2 42 17
2 43 13
2 44 2
2 45 13
2 46 15
2 47 11
2 48 18
2 49 17
3 3 0
3 4 0
3 5 0
3 6 0
3 7 0
3 8 0
3 9 0
3 10 10
3 11 5
3 12 7
3 13 12
3 14 7
3 15 7
3 16 14
3 17 16
3 18 10
3 19 18
3 20 14
3 21 19
3 22 9
3 23 12
3 24 20
3 25 12
3 26 13
3 27 8
3 28 8
3 29 12
3 30 16
3 31 1
3 32 5
3 33 1
3 34 8
3 35 1
3 36 9
3 37 3
3 38 6
3 39 7
3 40 1
3 41 3
3 42 3
3 43 1
3 44 11
3 45 20
3 46 5
3 47 19
3 48 15
3 49 6
4 4 0
4 5 0
4 6 0
4 7 0
4 8 0
4 9 0
4 10 13
4 11 4
4 12 20
4 13 20
4 14 19
4 15 20
4 16 5
4 17 12
4 18 14
4 19 3
4 20 17
4 21 3
4 22 20
4 23 11
4 24 2
4 25 6
4 26 10
4 27 15
4 28 15
4 29 19
4 30 8
4 31 3
4 32 10
4 33 7
4 34 19
4 35 3
4 36 6
4 37 12
4 38 3
4 39 14
4 40 17
4 41 15
4 42 20
4 43 17
4 44 9
4 45 4
4 46 5
4 47 2
4 48 2
4 49 6
5 5 0
5 6 0
5 7 0
5 8 0
5 9 0
5 10 20
5 11 4
5 12 8
5 13 2
5 14 11
5 15 15
5 16 3
5 17 1
5 18 10
5 19 17
5 20 4
5 21 11
5 22 17
5 23 12
5 24 7
5 25 17
5 26 11
5 27 2
5 28 20
5 29 7
5 30 10
5 31 7
5 32 16
5 33 15
5 34 1
5 35 17
5 36 1
5 37 12
5 38 20
5 39 11
5 40 5
5 41 9
5 42 2
5 43 18
5 44 8
5 45 12
5 46 10
5 47 19
5 48 8
5 49 11
6 6 0
6 7 0
6 8 0
6 9 0
6 10 10
6 11 2
6 12 12
6 13 19
6 14 5
6 15 6
6 16 5
6 17 11
6 18 2
6 19 14
6 20 17
6 21 11
6 22 6
6 23 2
6 24 17
6 25 19
6 26 4
6 27 1
6 28 4
6 29 2
6 30 13
6 31 14
6 32 11
6 33 16
6 34 11
6 35 12
6 36 8
6 37 1
6 38 3
6 39 15
6 40 14
6 41 5
6 42 18
6 43 1
6 44 6
6 45 1
6 46 10
6 47 5
6 48 13
6 49 7
7 7 0
7 8 0
7 9 0
7 10 16
7 11 6
7 12 5
7 13 15
7 14 17
7 15 1
7 16 20
7 17 13
7 18 1
7 19 12
7 20 9
7 21 6
7 22 5
7 23 13
7 24 3
7 25 10
7 26 7
7 27 10
7 28 17
7 29 4
7 30 19
7 31 6
7 32 8
7 33 1
7 34 11
7 35 10
7 36 8
7 37 5
7 38 11
7 39 16
7 40 9
7 41 10
7 42 6
7 43 10
7 44 4
7 45 8
7 46 13
7 47 6
7 48 18
7 49 10
8 8 0
8 9 0
8 10 17
8 11 15
8 12 5
8 13 10
8 14 16
8 15 17
8 16 10
8 17 8
8 18 12
8 19 5
8 20 20
8 21 6
8 22 17
8 23 7
8 24 20
8 25 15
8 26 18
8 27 9
8 28 4
8 29 13
8 30 7
8 31 15
8 32 7
8 33 16
8 34 11
8 35 11
8 36 8
8 37 2
8 38 11
8 39 17
8 40 11
8 41 2
8 42 10
8 43 15
8 44 6
8 45 9
8 46 13
8 47 17
8 48 5
8 49 3
9 9 0
9 10 12
9 11 3
9 12 3
9 13 13
9 14 11
9 15 14
9 16 2
9 17 2
9 18 6
9 19 20
9 20 11
9 21 3
9 22 2
9 23 8
9 24 14
9 25 15
9 26 1
9 27 15
9 28 18
9 29 11
9 30 5
9 31 7
9 32 11
9 33 14
9 34 12
9 35 1
9 36 11
9 37 5
9 38 10
9 39 18
9 40 20
9 41 1
9 42 17
9 43 11
9 44 19
9 45 3
9 46 10
9 47 4
9 48 16
9 49 1
10 10 0
10 11 0
10 12 0
10 13 0
10 14 0
10 15 0
10 16 13
10 17 9
10 18 9
10 19 17
10 20 7
10 21 5
10 22 11
10 23 19
10 24 2
10 25 14
10 26 2
10 27 8
10 28 13
10 29 3
10 30 4
10 31 5
10 32 17
10 33 9
10 34 5
10 35 4
10 36 19
10 37 5
10 38 5
10 39 10
10 40 7
10 41 10
10 42 19
10 43 11
10 44 9
10 45 4
10 46 11
10 47 7
10 48 4
10 49 6
11 11 0
11 12 0
11 13 0
11 14 0
11 15 0
11 16 3
11 17 8
11 18 16
11 19 1
11 20 2
11 21 13
11 22 19
11 23 20
11 24 18
11 25 19
11 26 11
11 27 20
11 28 14
11 29 7
11 30 10
11 31 15
11 32 19
11 33 8
11 34 13
11 35 18
11 36 8
11 37 20
11 38 18
11 39 3
11 40 17
11 41 6
11 42 3
11 43 16
11 44 15
11 45 8
11 46 4
11 47 3
11 48 1
11 49 15
12 12 0
12 13 0
12 14 0
12 15 0
12 16 5
12 17 8
12 18 11
12 19 3
12 20 7
12 21 5
12 22 16
12 23 18
12 24 5
12 25 20
12 26 5
12 27 9
12 28 1
12 29 17
12 30 10
12 31 8
12 32 10
12 33 11
12 34 7
12 35 8
12 36 5
12 37 15
12 38 5
12 39 6
12 40 5
12 41 3
12 42 12
12 43 15
12 44 13
12 45 10
12 46 18
12 47 1
12 48 1
12 49 11
13 13 0
13 14 0
13 15 0
13 16 10
13 17 19
13 18 11
13 19 13
13 20 18
13 21 15
13 22 20
13 23 11
13 24 15
13 25 14
13 26 12
13 27 17
13 28 17
13 29 19
13 30 19
13 31 6
13 32 6
13 33 5
13 34 14
13 35 12
13 36 9
13 37 8
13 38 14
13 39 9
13 40 10
13 41 20
13 42 3
13 43 11
13 44 13
13 45 10
13 46 19
13 47 7
13 48 8
13 49 8
14 14 0
14 15 0
14 16 19
14 17 13
14 18 5
14 19 15
14 20 8
14 21 5
14 22 18
14 23 10
14 24 17
14 25 10
14 26 19
14 27 10
14 28 9
14 29 13
14 30 11
14 31 20
14 32 2
14 33 20
14 34 7
14 35 16
14 36 16
14 37 15
14 38 14
14 39 7
14 40 20
14 41 6
14 42 7
14 43 19
14 44 13
14 45 4
14 46 7
14 47 18
14 48 10
14 49 14
15 15 0
15 16 10
15 17 3
15 18 12
15 19 19
15 20 4
15 21 1
15 22 3
15 23 1
15 24 15
15 25 3
15 26 14
15 27 10
15 28 10
15 29 6
15 30 10
15 31 17
15 32 13
15 33 8
15 34 4
15 35 13
15 36 18
15 37 7
15 38 20
15 39 2
15 40 10
15 41 9
15 42 6
15 43 19
15 44 2
15 45 9
15 46 9
15 47 19
15 48 3
15 49 3
16 16 0
16 17 0
16 18 0
16 19 0
16 20 0
16 21 0
16 22 0
16 23 0
16 24 7
16 25 12
16 26 9
16 27 16
16 28 13
16 29 1
16 30 16
16 31 10
16 32 6
16 33 11
16 34 20
16 35 3
16 36 15
16 37 1
16 38 10
16 39 12
16 40 7
16 41 11
16 42 14
16 43 15
16 44 6
16 45 12
16 46 16
16 47 17
16 48 6
16 49 3
17 17 0
17 18 0
17 19 0
17 20 0
17 21 0
17 22 0
17 23 0
17 24 8
17 25 3
17 26 13
17 27 17
17 28 14
17 29 16
17 30 8
17 31 14
17 32 12
17 33 6
17 34 8
17 35 7
17 36 13
17 37 6
17 38 11
17 39 8
17 40 17
17 41 14
17 42 18
17 43 19
17 44 6
17 45 10
17 46 3
17 47 8
17 48 2
17 49 3
18 18 0
18 19 0
18 20 0
18 21 0
18 22 0
18 23 0
18 24 14
18 25 4
18 26 2
18 27 18
18 28 10
18 29 7
18 30 8
18 31 13
18 32 17
18 33 20
18 34 6
18 35 5
18 36 8
18 37 18
18 38 6
18 39 2
18 40 14
18 41 11
18 42 4
18 43 20
18 44 15
18 45 9
18 46 16
18 47 12
18 48 19
18 49 1
19 19 0
19 20 0
19 21 0
19 22 0
19 23 0
19 24 5
19 25 13
19 26 20
19 27 13
19 28 13
19 29 12
19 30 5
19 31 9
19 32 12
19 33 19
19 34 1
19 35 4
19 36 17
19 37 10
19 38 8
19 39 6
19 40 6
19 41 11
19 42 14
19 43 15
19 44 13
19 45 4
19 46 18
19 47 18
19 48 19
19 49 18
20 20 0
20 21 0
20 22 0
20 23 0
20 24 4
20 25 10
20 26 18
20 27 14
20 28 14
20 29 4
20 30 19
20 31 3
20 32 18
20 33 6
20 34 7
20 35 16
20 36 16
20 37 9
20 38 5
20 39 15
20 40 1
20 41 17
20 42 15
20 43 5
20 44 7
20 45 7
20 46 10
20 47 13
20 48 16
20 49 10
21 21 0
21 22 0
21 23 0
21 24 20
21 25 15
21 26 13
21 27 20
21 28 20
21 29 19
21 30 19
21 31 20
21 32 11
21 33 5
21 34 9
21 35 11
21 36 12
21 37 2
21 38 11
21 39 10
21 40 16
21 41 9
21 42 2
21 43 18
21 44 6
21 45 2
21 46 10
21 47 18
21 48 4
21 49 16
22 22 0
22 23 0
22 24 18
22 25 20
22 26 4
22 27 2
22 28 1
22 29 7
22 30 20
22 31 9
22 32 13
22 33 2
22 34 20
22 35 16
22 36 1
22 37 10
22 38 8
22 39 6
22 40 16
22 41 6
22 42 3
22 43 2
22 44 7
22 45 7
22 46 19
22 47 4
22 48 11
22 49 18
23 23 0
23 24 4
23 25 18
23 26 16
23 27 13
23 28 18
23 29 7
23 30 9
23 31 10
23 32 8
23 33 15
23 34 3
23 35 11
23 36 20
23 37 16
23 38 10
23 39 1
23 40 8
23 41 11
23 42 12
23 43 18
23 44 12
23 45 17
23 46 19
23 47 12
23 48 18
23 49 14
24 24 0
24 25 0
24 26 7
24 27 14
24 28 13
24 29 20
24 30 6
24 31 17
24 32 17
24 33 6
24 34 17
24 35 8
24 36 2
24 37 5
24 38 11
24 39 7
24 40 13
24 41 3
24 42 1
24 43 18
24 44 3
24 45 2
24 46 13
24 47 13
24 48 11
24 49 8
25 25 0
25 26 6
25 27 20
25 28 2
25 29 11
25 30 5
25 31 15
25 32 19
25 33 19
25 34 8
25 35 15
25 36 1
25 37 14
25 38 11
25 39 7
25 40 11
25 41 12
25 42 11
25 43 20
25 44 11
25 45 6
25 46 3
25 47 9
25 48 11
25 49 3
26 26 0
26 27 0
26 28 0
26 29 0
26 30 0
26 31 0
26 32 0
26 33 0
26 34 0
26 35 0
26 36 13
26 37 15
26 38 17
26 39 18
26 40 2
26 41 12
26 42 15
26 43 1
26 44 19
26 45 10
26 46 16
26 47 3
26 48 7
26 49 13
27 27 0
27 28 0
27 29 0
27 30 0
27 31 0
27 32 0
27 33 0
27 34 0
27 35 0
27 36 14
27 37 6
27 38 17
27 39 10
27 40 17
27 41 14
27 42 13
27 43 20
27 44 17
27 45 8
27 46 5
27 47 20
27 48 19
27 49 12
28 28 0
28 29 0
28 30 0
28 31 0
28 32 0
28 33 0
28 34 0
28 35 0
28 36 7
28 37 3
28 38 2
28 39 7
28 40 8
28 41 19
28 42 7
28 43 16
28 44 16
28 45 3
28 46 5
28 47 12
28 48 4
28 49 11
29 29 0
29 30 0
29 31 0
29 32 0
29 33 0
29 34 0
29 35 0
29 36 20
29 37 17
29 38 14
29 39 11
29 40 12
29 41 3
29 42 9
29 43 14
29 44 17
29 45 8
29 46 16
29 47 1
29 48 10
29 49 11
30 30 0
30 31 0
30 32 0
30 33 0
30 34 0
30 35 0
30 36 19
30 37 5
30 38 19
30 39 13
30 40 14
30 41 6
30 42 17
30 43 8
30 44 15
30 45 11
30 46 12
30 47 18
30 48 15
30 49 2
31 31 0
31 32 0
31 33 0
31 34 0
31 35 0
31 36 13
31 37 17
31 38 8
31 39 9
31 40 7
31 41 4
31 42 15
31 43 5
31 44 14
31 45 5
31 46 19
31 47 10
31 48 6
31 49 3
32 32 0
32 33 0
32 34 0
32 35 0
32 36 20
32 37 17
32 38 5
32 39 18
32 40 12
32 41 20
32 42 13
32 43 17
32 44 8
32 45 20
32 46 9
32 47 13
32 48 9
32 49 12
33 33 0
33 34 0
33 35 0
33 36 6
33 37 8
33 38 1
33 39 19
33 40 3
33 41 2
33 42 3
33 43 15
33 44 9
33 45 20
33 46 12
33 47 19
33 48 3
33 49 5
34 34 0
34 35 0
34 36 16
34 37 1
34 38 4
34 39 3
34 40 16
34 41 12
34 42 7
34 43 4
34 44 1
34 45 16
34 46 11
34 47 3
34 48 13
34 49 18
35 35 0
35 36 6
35 37 5
35 38 10
35 39 18
35 40 19
35 41 14
35 42 14
35 43 9
35 44 12
35 45 13
35 46 5
35 47 2
35 48 19
35 49 14
36 36 0
36 37 0
36 38 0
36 39 0
36 40 0
36 41 11
36 42 10
36 43 13
36 44 9
36 45 8
36 46 8
36 47 2
36 48 4
36 49 6
37 37 0
37 38 0
37 39 0
37 40 0
37 41 19
37 42 18
37 43 15
37 44 15
37 45 11
37 46 7
37 47 3
37 48 18
37 49 6
38 38 0
38 39 0
38 40 0
38 41 15
38 42 13
38 43 5
38 44 16
38 45 6
38 46 16
38 47 4
38 48 1
38 49 9
39 39 0
39 40 0
39 41 9
39 42 9
39 43 18
39 44 8
39 45 17
39 46 16
39 47 6
39 48 20
39 49 4
40 40 0
40 41 6
40 42 11
40 43 11
40 44 3
40 45 17
40 46 9
40 47 10
40 48 13
40 49 19
41 41 0
41 42 0
41 43 0
41 44 0
41 45 12
41 46 2
41 47 6
41 48 11
41 49 18
42 42 0
42 43 0
42 44 0
42 45 14
42 46 4
42 47 3
42 48 18
42 49 7
43 43 0
43 44 0
43 45 20
43 46 14
43 47 6
43 48 17
43 49 12
44 44 0
44 45 4
44 46 10
44 47 13
44 48 20
44 49 8
45 45 0
45 46 0
45 47 8
45 48 11
45 49 20
46 46 0
46 47 19
46 48 15
46 49 1
47 47 0
47 48 18
47 49 14
48 48 0
48 49 0
49 49 0
