5
9
20
2
8
3
0 0 0
0 1 0
0 2 0
0 3 0
0 4 0
0 5 0
0 6 0
0 7 0
0 8 0
0 9 9
0 10 10
0 11 14
0 12 13
0 13 9
0 14 15
0 15 6
0 16 17
0 17 11
0 18 14
0 19 13
0 20 4
0 21 -5
0 22 13
0 23 10
0 24 4
0 25 13
0 26 14
0 27 6
0 28 8
0 29 6
0 30 13
0 31 9
0 32 4
0 33 8
0 34 5
0 35 3
0 36 16
0 37 10
0 38 13
0 39 9
0 40 4
0 41 4
1 1 0
1 2 0
1 3 0
1 4 0
1 5 0
1 6 0
1 7 0
1 8 0
1 9 12
1 10 16
1 11 19
1 12 8
1 13 8
1 14 21
1 15 10
1 16 11
1 17 9
1 18 3
1 19 14
1 20 7
1 21 11
1 22 15
1 23 15
1 24 13
1 25 3
1 26 12
1 27 13
1 28 12
1 29 10
1 30 5
1 31 6
1 32 -2
1 33 7
1 34 3
1 35 10
1 36 4
1 37 5
1 38 9
1 39 11
1 40 8
1 41 8
2 2 0
2 3 0
2 4 0
2 5 0
2 6 0
2 7 0
2 8 0
2 9 6
2 10 7
2 11 4
2 12 4
2 13 11
2 14 18
2 15 7
2 16 8
2 17 10
2 18 13
2 19 3
2 20 12
2 21 5
2 22 13
2 23 4
2 24 13
2 25 8
2 26 12
2 27 7
2 28 11
2 29 14
2 30 9
2 31 8
2 32 12
2 33 9
2 34 3
2 35 1
2 36 -1
2 37 14
2 38 16
2 39 15
2 40 13
2 41 1
3 3 0
3 4 0
3 5 0
3 6 0
3 7 0
3 8 0
3 9 14
3 10 12
3 11 7
3 12 16
3 13 6
3 14 7
3 15 7
3 16 11
3 17 10
3 18 7
3 19 -1
3 20 19
3 21 7
3 22 12
3 23 6
3 24 11
3 25 13
3 26 14
3 27 16
3 28 7
3 29 19
3 30 8
3 31 11
3 32 10
3 33 10
3 34 5
3 35 5
3 36 15
3 37 9
3 38 8
3 39 15
3 40 8
3 41 2
4 4 0
4 5 0
4 6 0
4 7 0
4 8 0
4 9 13
4 10 5
4 11 17
4 12 14
4 13 5
4 14 7
4 15 11
4 16 16
4 17 20
4 18 7
4 19 9
4 20 12
4 21 7
4 22 18
4 23 1
4 24 7
4 25 9
4 26 15
4 27 13
4 28 14
4 29 10
4 30 12
4 31 6
4 32 6
4 33 17
4 34 9
4 35 12
4 36 14
4 37 -3
4 38 15
4 39 8
4 40 9
4 41 5
5 5 0
5 6 0
5 7 0
5 8 0
5 9 13
5 10 12
5 11 8
5 12 3
5 13 -1
5 14 5
5 15 11
5 16 16
5 17 3
5 18 14
5 19 6
5 20 8
5 21 11
5 22 21
5 23 4
5 24 12
5 25 1
5 26 4
5 27 8
5 28 9
5 29 17
5 30 12
5 31 9
5 32 11
5 33 19
5 34 10
5 35 13
5 36 7
5 37 11
5 38 10
5 39 4
5 40 21
5 41 11
6 6 0
6 7 0
6 8 0
6 9 11
6 10 1
6 11 9
6 12 12
6 13 9
6 14 17
6 15 5
6 16 16
6 17 8
6 18 1
6 19 12
6 20 13
6 21 4
6 22 10
6 23 11
6 24 10
6 25 8
6 26 1
6 27 2
6 28 8
6 29 14
6 30 13
6 31 16
6 32 10
6 33 8
6 34 10
6 35 16
6 36 6
6 37 6
6 38 5
6 39 10
6 40 3
6 41 10
7 7 0
7 8 0
7 9 8
7 10 8
7 11 5
7 12 11
7 13 5
7 14 12
7 15 6
7 16 7
7 17 12
7 18 8
7 19 5
7 20 12
7 21 13
7 22 15
7 23 17
7 24 9
7 25 14
7 26 19
7 27 8
7 28 1
7 29 16
7 30 16
7 31 6
7 32 17
7 33 3
7 34 13
7 35 2
7 36 22
7 37 11
7 38 4
7 39 20
7 40 13
7 41 10
8 8 0
8 9 6
8 10 8
8 11 11
8 12 2
8 13 22
8 14 5
8 15 9
8 16 9
8 17 15
8 18 15
8 19 8
8 20 11
8 21 5
8 22 13
8 23 13
8 24 11
8 25 19
8 26 6
8 27 16
8 28 11
8 29 0
8 30 10
8 31 17
8 32 3
8 33 17
8 34 16
8 35 12
8 36 10
8 37 -2
8 38 15
8 39 24
8 40 10
8 41 17
9 9 0
9 10 0
9 11 0
9 12 0
9 13 0
9 14 0
9 15 0
9 16 0
9 17 0
9 18 0
9 19 0
9 20 0
9 21 0
9 22 0
9 23 0
9 24 0
9 25 0
9 26 0
9 27 0
9 28 0
9 29 9
9 30 9
9 31 10
9 32 4
9 33 20
9 34 4
9 35 11
9 36 18
9 37 18
9 38 5
9 39 7
9 40 7
9 41 6
10 10 0
10 11 0
10 12 0
10 13 0
10 14 0
10 15 0
10 16 0
10 17 0
10 18 0
10 19 0
10 20 0
10 21 0
10 22 0
10 23 0
10 24 0
10 25 0
10 26 0
10 27 0
10 28 0
10 29 13
10 30 20
10 31 4
10 32 12
10 33 11
10 34 10
10 35 10
10 36 14
10 37 15
10 38 19
10 39 10
10 40 9
10 41 8
11 11 0
11 12 0
11 13 0
11 14 0
11 15 0
11 16 0
11 17 0
11 18 0
11 19 0
11 20 0
11 21 0
11 22 0
11 23 0
11 24 0
11 25 0
11 26 0
11 27 0
11 28 0
11 29 6
11 30 15
11 31 16
11 32 5
11 33 12
11 34 3
11 35 14
11 36 17
11 37 7
11 38 7
11 39 5
11 40 19
11 41 8
12 12 0
12 13 0
12 14 0
12 15 0
12 16 0
12 17 0
12 18 0
12 19 0
12 20 0
12 21 0
12 22 0
12 23 0
12 24 0
12 25 0
12 26 0
12 27 0
12 28 0
12 29 6
12 30 11
12 31 4
12 32 7
12 33 9
12 34 0
12 35 13
12 36 11
12 37 16
12 38 21
12 39 14
12 40 9
12 41 9
13 13 0
13 14 0
13 15 0
13 16 0
13 17 0
13 18 0
13 19 0
13 20 0
13 21 0
13 22 0
13 23 0
13 24 0
13 25 0
13 26 0
13 27 0
13 28 0
13 29 7
13 30 9
13 31 9
13 32 -6
13 33 4
13 34 15
13 35 12
13 36 6
13 37 13
13 38 10
13 39 11
13 40 12
13 41 12
14 14 0
14 15 0
14 16 0
14 17 0
14 18 0
14 19 0
14 20 0
14 21 0
14 22 0
14 23 0
14 24 0
14 25 0
14 26 0
14 27 0
14 28 0
14 29 14
14 30 2
14 31 4
14 32 14
14 33 10
14 34 21
14 35 9
14 36 17
14 37 9
14 38 7
14 39 16
14 40 16
14 41 7
15 15 0
15 16 0
15 17 0
15 18 0
15 19 0
15 20 0
15 21 0
15 22 0
15 23 0
15 24 0
15 25 0
15 26 0
15 27 0
15 28 0
15 29 2
15 30 10
15 31 12
15 32 11
15 33 12
15 34 9
15 35 23
15 36 16
15 37 6
15 38 4
15 39 11
15 40 16
15 41 10
16 16 0
16 17 0
16 18 0
16 19 0
16 20 0
16 21 0
16 22 0
16 23 0
16 24 0
16 25 0
16 26 0
16 27 0
16 28 0
16 29 12
16 30 -1
16 31 8
16 32 10
16 33 11
16 34 9
16 35 8
16 36 1
16 37 13
16 38 17
16 39 17
16 40 8
16 41 5
17 17 0
17 18 0
17 19 0
17 20 0
17 21 0
17 22 0
17 23 0
17 24 0
17 25 0
17 26 0
17 27 0
17 28 0
17 29 6
17 30 11
17 31 15
17 32 12
17 33 12
17 34 18
17 35 10
17 36 12
17 37 6
17 38 9
17 39 14
17 40 5
17 41 10
18 18 0
18 19 0
18 20 0
18 21 0
18 22 0
18 23 0
18 24 0
18 25 0
18 26 0
18 27 0
18 28 0
18 29 6
18 30 9
18 31 9
18 32 11
18 33 16
18 34 15
18 35 14
18 36 21
18 37 10
18 38 11
18 39 14
18 40 12
18 41 13
19 19 0
19 20 0
19 21 0
19 22 0
19 23 0
19 24 0
19 25 0
19 26 0
19 27 0
19 28 0
19 29 15
19 30 11
19 31 8
19 32 11
19 33 17
19 34 11
19 35 10
19 36 10
19 37 11
19 38 8
19 39 9
19 40 17
19 41 -5
20 20 0
20 21 0
20 22 0
20 23 0
20 24 0
20 25 0
20 26 0
20 27 0
20 28 0
20 29 7
20 30 9
20 31 18
20 32 15
20 33 18
20 34 8
20 35 17
20 36 12
20 37 16
20 38 13
20 39 14
20 40 10
20 41 14
21 21 0
21 22 0
21 23 0
21 24 0
21 25 0
21 26 0
21 27 0
21 28 0
21 29 14
21 30 18
21 31 11
21 32 6
21 33 18
21 34 7
21 35 22
21 36 16
21 37 20
21 38 4
21 39 16
21 40 26
21 41 16
22 22 0
22 23 0
22 24 0
22 25 0
22 26 0
22 27 0
22 28 0
22 29 12
22 30 14
22 31 8
22 32 2
22 33 -1
22 34 18
22 35 12
22 36 12
22 37 -2
22 38 5
22 39 15
22 40 10
22 41 18
23 23 0
23 24 0
23 25 0
23 26 0
23 27 0
23 28 0
23 29 5
23 30 7
23 31 2
23 32 12
23 33 17
23 34 5
23 35 4
23 36 14
23 37 5
23 38 5
23 39 6
23 40 3
23 41 19
24 24 0
24 25 0
24 26 0
24 27 0
24 28 0
24 29 13
24 30 11
24 31 11
24 32 14
24 33 8
24 34 7
24 35 21
24 36 9
24 37 8
24 38 4
24 39 11
24 40 17
24 41 16
25 25 0
25 26 0
25 27 0
25 28 0
25 29 9
25 30 13
25 31 7
25 32 10
25 33 15
25 34 14
25 35 1
25 36 13
25 37 11
25 38 9
25 39 10
25 40 24
25 41 12
26 26 0
26 27 0
26 28 0
26 29 15
26 30 16
26 31 3
26 32 12
26 33 11
26 34 11
26 35 8
26 36 11
26 37 14
26 38 12
26 39 7
26 40 12
26 41 10
27 27 0
27 28 0
27 29 15
27 30 2
27 31 11
27 32 16
27 33 -2
27 34 1
27 35 10
27 36 8
27 37 9
27 38 15
27 39 6
27 40 12
27 41 9
28 28 0
28 29 5
28 30 12
28 31 11
28 32 9
28 33 14
28 34 17
28 35 19
28 36 5
28 37 3
28 38 11
28 39 10
28 40 16
28 41 7
29 29 0
29 30 0
29 31 10
29 32 7
29 33 -4
29 34 5
29 35 4
29 36 21
29 37 14
29 38 18
29 39 21
29 40 16
29 41 14
30 30 0
30 31 8
30 32 12
30 33 16
30 34 22
30 35 14
30 36 11
30 37 9
30 38 11
30 39 4
30 40 14
30 41 7
31 31 0
31 32 0
31 33 0
31 34 0
31 35 0
31 36 0
31 37 0
31 38 0
31 39 17
31 40 17
31 41 9
32 32 0
32 33 0
32 34 0
32 35 0
32 36 0
32 37 0
32 38 0
32 39 12
32 40 9
32 41 10
33 33 0
33 34 0
33 35 0
33 36 0
33 37 0
33 38 0
33 39 9
33 40 7
33 41 24
34 34 0
34 35 0
34 36 0
34 37 0
34 38 0
34 39 9
34 40 8
34 41 -1
35 35 0
35 36 0
35 37 0
35 38 0
35 39 18
35 40 6
35 41 18
36 36 0
36 37 0
36 38 0
36 39 9
36 40 13
36 41 21
37 37 0
37 38 0
37 39 10
37 40 4
37 41 20
38 38 0
38 39 7
38 40 14
38 41 11
39 39 0
39 40 0
39 41 0
40 40 0
40 41 0
41 41 0
