10
6
6
3
5
7
2
6
9
8
2
0 0 0
0 1 0
0 2 0
0 3 0
0 4 0
0 5 0
0 6 19
0 7 18
0 8 23
0 9 20
0 10 21
0 11 19
0 12 18
0 13 21
0 14 19
0 15 21
0 16 17
0 17 17
0 18 21
0 19 21
0 20 23
0 21 19
0 22 16
0 23 23
0 24 22
0 25 22
0 26 17
0 27 15
0 28 20
0 29 21
0 30 22
0 31 23
0 32 17
0 33 24
0 34 20
0 35 20
0 36 18
0 37 20
0 38 24
0 39 24
0 40 19
0 41 21
0 42 21
0 43 19
0 44 19
0 45 20
0 46 25
0 47 23
0 48 19
0 49 19
0 50 21
0 51 18
0 52 20
0 53 18
1 1 0
1 2 0
1 3 0
1 4 0
1 5 0
1 6 22
1 7 18
1 8 22
1 9 19
1 10 23
1 11 22
1 12 18
1 13 21
1 14 23
1 15 20
1 16 17
1 17 23
1 18 21
1 19 23
1 20 20
1 21 22
1 22 23
1 23 22
1 24 25
1 25 19
1 26 19
1 27 17
1 28 19
1 29 20
1 30 20
1 31 19
1 32 23
1 33 21
1 34 20
1 35 23
1 36 18
1 37 18
1 38 20
1 39 19
1 40 21
1 41 17
1 42 22
1 43 19
1 44 18
1 45 19
1 46 21
1 47 22
1 48 22
1 49 18
1 50 18
1 51 18
1 52 20
1 53 19
2 2 0
2 3 0
2 4 0
2 5 0
2 6 23
2 7 21
2 8 21
2 9 22
2 10 21
2 11 22
2 12 18
2 13 18
2 14 18
2 15 20
2 16 21
2 17 19
2 18 21
2 19 20
2 20 21
2 21 18
2 22 22
2 23 24
2 24 20
2 25 17
2 26 16
2 27 16
2 28 21
2 29 18
2 30 18
2 31 18
2 32 20
2 33 25
2 34 12
2 35 19
2 36 23
2 37 22
2 38 18
2 39 20
2 40 21
2 41 20
2 42 22
2 43 19
2 44 22
2 45 18
2 46 19
2 47 22
2 48 25
2 49 21
2 50 23
2 51 21
2 52 20
2 53 20
3 3 0
3 4 0
3 5 0
3 6 22
3 7 20
3 8 17
3 9 21
3 10 23
3 11 22
3 12 17
3 13 22
3 14 22
3 15 22
3 16 19
3 17 20
3 18 17
3 19 19
3 20 16
3 21 18
3 22 20
3 23 23
3 24 24
3 25 21
3 26 22
3 27 21
3 28 21
3 29 20
3 30 21
3 31 22
3 32 17
3 33 21
3 34 20
3 35 21
3 36 21
3 37 18
3 38 22
3 39 20
3 40 22
3 41 21
3 42 20
3 43 19
3 44 19
3 45 18
3 46 22
3 47 23
3 48 21
3 49 20
3 50 17
3 51 20
3 52 19
3 53 20
4 4 0
4 5 0
4 6 17
4 7 17
4 8 20
4 9 20
4 10 23
4 11 16
4 12 19
4 13 18
4 14 21
4 15 19
4 16 20
4 17 20
4 18 23
4 19 23
4 20 19
4 21 22
4 22 16
4 23 21
4 24 22
4 25 20
4 26 19
4 27 19
4 28 20
4 29 23
4 30 17
4 31 19
4 32 20
4 33 20
4 34 20
4 35 24
4 36 19
4 37 19
4 38 19
4 39 20
4 40 22
4 41 21
4 42 22
4 43 20
4 44 25
4 45 20
4 46 22
4 47 19
4 48 20
4 49 18
4 50 25
4 51 19
4 52 21
4 53 23
5 5 0
5 6 20
5 7 21
5 8 20
5 9 17
5 10 15
5 11 22
5 12 22
5 13 15
5 14 22
5 15 23
5 16 18
5 17 23
5 18 21
5 19 19
5 20 22
5 21 23
5 22 18
5 23 18
5 24 24
5 25 23
5 26 22
5 27 17
5 28 22
5 29 24
5 30 23
5 31 22
5 32 19
5 33 18
5 34 24
5 35 20
5 36 20
5 37 21
5 38 21
5 39 22
5 40 15
5 41 19
5 42 21
5 43 20
5 44 17
5 45 19
5 46 20
5 47 19
5 48 19
5 49 19
5 50 17
5 51 20
5 52 22
5 53 20
6 6 0
6 7 0
6 8 0
6 9 0
6 10 0
6 11 0
6 12 22
6 13 21
6 14 20
6 15 23
6 16 16
6 17 19
6 18 17
6 19 22
6 20 20
6 21 20
6 22 20
6 23 18
6 24 20
6 25 18
6 26 20
6 27 20
6 28 22
6 29 24
6 30 22
6 31 19
6 32 20
6 33 21
6 34 18
6 35 20
6 36 20
6 37 18
6 38 19
6 39 21
6 40 20
6 41 23
6 42 17
6 43 21
6 44 18
6 45 19
6 46 22
6 47 20
6 48 17
6 49 15
6 50 17
6 51 22
6 52 19
6 53 20
7 7 0
7 8 0
7 9 0
7 10 0
7 11 0
7 12 20
7 13 20
7 14 17
7 15 21
7 16 20
7 17 22
7 18 17
7 19 19
7 20 20
7 21 19
7 22 18
7 23 21
7 24 19
7 25 18
7 26 20
7 27 21
7 28 18
7 29 25
7 30 19
7 31 22
7 32 22
7 33 20
7 34 21
7 35 20
7 36 23
7 37 20
7 38 19
7 39 20
7 40 19
7 41 20
7 42 20
7 43 23
7 44 19
7 45 19
7 46 21
7 47 17
7 48 21
7 49 19
7 50 21
7 51 18
7 52 18
7 53 16
8 8 0
8 9 0
8 10 0
8 11 0
8 12 17
8 13 21
8 14 23
8 15 20
8 16 22
8 17 23
8 18 19
8 19 20
8 20 22
8 21 21
8 22 21
8 23 23
8 24 18
8 25 22
8 26 21
8 27 19
8 28 20
8 29 16
8 30 17
8 31 22
8 32 23
8 33 22
8 34 22
8 35 23
8 36 22
8 37 24
8 38 22
8 39 23
8 40 21
8 41 19
8 42 20
8 43 22
8 44 22
8 45 18
8 46 22
8 47 18
8 48 21
8 49 21
8 50 19
8 51 18
8 52 19
8 53 21
9 9 0
9 10 0
9 11 0
9 12 24
9 13 21
9 14 19
9 15 22
9 16 21
9 17 17
9 18 19
9 19 20
9 20 17
9 21 20
9 22 17
9 23 22
9 24 22
9 25 21
9 26 19
9 27 18
9 28 20
9 29 17
9 30 20
9 31 21
9 32 20
9 33 18
9 34 20
9 35 17
9 36 21
9 37 17
9 38 21
9 39 22
9 40 22
9 41 17
9 42 19
9 43 21
9 44 24
9 45 20
9 46 19
9 47 20
9 48 20
9 49 20
9 50 23
9 51 20
9 52 19
9 53 20
10 10 0
10 11 0
10 12 21
10 13 19
10 14 21
10 15 19
10 16 22
10 17 20
10 18 19
10 19 19
10 20 20
10 21 21
10 22 22
10 23 22
10 24 18
10 25 21
10 26 18
10 27 20
10 28 21
10 29 23
10 30 22
10 31 19
10 32 23
10 33 21
10 34 23
10 35 20
10 36 19
10 37 23
10 38 21
10 39 18
10 40 21
10 41 22
10 42 22
10 43 21
10 44 17
10 45 20
10 46 22
10 47 22
10 48 20
10 49 17
10 50 20
10 51 22
10 52 18
10 53 22
11 11 0
11 12 21
11 13 23
11 14 20
11 15 22
11 16 24
11 17 18
11 18 21
11 19 21
11 20 17
11 21 22
11 22 18
11 23 18
11 24 18
11 25 19
11 26 20
11 27 20
11 28 20
11 29 20
11 30 18
11 31 18
11 32 20
11 33 20
11 34 15
11 35 18
11 36 18
11 37 20
11 38 21
11 39 19
11 40 19
11 41 22
11 42 20
11 43 18
11 44 21
11 45 19
11 46 21
11 47 19
11 48 20
11 49 20
11 50 19
11 51 19
11 52 24
11 53 19
12 12 0
12 13 0
12 14 0
12 15 22
12 16 26
12 17 23
12 18 25
12 19 20
12 20 20
12 21 20
12 22 17
12 23 20
12 24 22
12 25 18
12 26 20
12 27 19
12 28 19
12 29 18
12 30 22
12 31 23
12 32 18
12 33 19
12 34 21
12 35 23
12 36 21
12 37 21
12 38 18
12 39 15
12 40 17
12 41 17
12 42 21
12 43 20
12 44 18
12 45 20
12 46 23
12 47 21
12 48 25
12 49 21
12 50 21
12 51 22
12 52 21
12 53 19
13 13 0
13 14 0
13 15 21
13 16 18
13 17 18
13 18 19
13 19 21
13 20 19
13 21 16
13 22 21
13 23 18
13 24 18
13 25 18
13 26 21
13 27 20
13 28 21
13 29 17
13 30 20
13 31 20
13 32 20
13 33 22
13 34 22
13 35 18
13 36 19
13 37 22
13 38 17
13 39 20
13 40 20
13 41 19
13 42 20
13 43 20
13 44 19
13 45 19
13 46 20
13 47 19
13 48 20
13 49 19
13 50 20
13 51 22
13 52 18
13 53 18
14 14 0
14 15 19
14 16 23
14 17 15
14 18 19
14 19 21
14 20 20
14 21 20
14 22 18
14 23 23
14 24 19
14 25 24
14 26 20
14 27 21
14 28 17
14 29 20
14 30 22
14 31 17
14 32 20
14 33 24
14 34 20
14 35 19
14 36 21
14 37 22
14 38 20
14 39 20
14 40 22
14 41 20
14 42 19
14 43 26
14 44 21
14 45 24
14 46 19
14 47 20
14 48 21
14 49 20
14 50 19
14 51 22
14 52 19
14 53 19
15 15 0
15 16 0
15 17 0
15 18 0
15 19 0
15 20 22
15 21 20
15 22 18
15 23 20
15 24 21
15 25 17
15 26 23
15 27 23
15 28 18
15 29 22
15 30 19
15 31 24
15 32 20
15 33 22
15 34 18
15 35 20
15 36 19
15 37 20
15 38 19
15 39 21
15 40 18
15 41 20
15 42 20
15 43 16
15 44 20
15 45 22
15 46 21
15 47 19
15 48 18
15 49 18
15 50 17
15 51 23
15 52 21
15 53 20
16 16 0
16 17 0
16 18 0
16 19 0
16 20 24
16 21 20
16 22 21
16 23 18
16 24 21
16 25 24
16 26 21
16 27 17
16 28 19
16 29 20
16 30 19
16 31 17
16 32 17
16 33 21
16 34 23
16 35 20
16 36 18
16 37 17
16 38 21
16 39 23
16 40 18
16 41 24
16 42 19
16 43 20
16 44 19
16 45 20
16 46 24
16 47 21
16 48 20
16 49 19
16 50 18
16 51 17
16 52 20
16 53 20
17 17 0
17 18 0
17 19 0
17 20 19
17 21 23
17 22 21
17 23 21
17 24 19
17 25 18
17 26 18
17 27 22
17 28 20
17 29 23
17 30 21
17 31 19
17 32 18
17 33 19
17 34 20
17 35 20
17 36 19
17 37 17
17 38 18
17 39 16
17 40 22
17 41 21
17 42 19
17 43 18
17 44 15
17 45 19
17 46 19
17 47 22
17 48 21
17 49 22
17 50 20
17 51 17
17 52 20
17 53 19
18 18 0
18 19 0
18 20 22
18 21 21
18 22 20
18 23 20
18 24 21
18 25 17
18 26 14
18 27 22
18 28 21
18 29 19
18 30 21
18 31 18
18 32 24
18 33 19
18 34 20
18 35 21
18 36 18
18 37 19
18 38 19
18 39 21
18 40 22
18 41 19
18 42 23
18 43 23
18 44 19
18 45 16
18 46 18
18 47 20
18 48 19
18 49 18
18 50 18
18 51 20
18 52 19
18 53 20
19 19 0
19 20 21
19 21 17
19 22 21
19 23 19
19 24 21
19 25 21
19 26 22
19 27 23
19 28 20
19 29 22
19 30 18
19 31 18
19 32 17
19 33 21
19 34 18
19 35 26
19 36 21
19 37 21
19 38 19
19 39 18
19 40 21
19 41 19
19 42 22
19 43 18
19 44 19
19 45 20
19 46 23
19 47 20
19 48 20
19 49 16
19 50 19
19 51 17
19 52 24
19 53 19
20 20 0
20 21 0
20 22 0
20 23 0
20 24 0
20 25 0
20 26 0
20 27 23
20 28 19
20 29 17
20 30 23
20 31 18
20 32 22
20 33 23
20 34 17
20 35 19
20 36 21
20 37 19
20 38 17
20 39 18
20 40 19
20 41 21
20 42 25
20 43 18
20 44 20
20 45 19
20 46 15
20 47 21
20 48 18
20 49 19
20 50 20
20 51 22
20 52 19
20 53 20
21 21 0
21 22 0
21 23 0
21 24 0
21 25 0
21 26 0
21 27 19
21 28 21
21 29 20
21 30 18
21 31 24
21 32 19
21 33 24
21 34 21
21 35 16
21 36 21
21 37 23
21 38 19
21 39 19
21 40 20
21 41 19
21 42 19
21 43 17
21 44 21
21 45 21
21 46 16
21 47 20
21 48 20
21 49 17
21 50 20
21 51 23
21 52 22
21 53 19
22 22 0
22 23 0
22 24 0
22 25 0
22 26 0
22 27 18
22 28 24
22 29 21
22 30 24
22 31 20
22 32 23
22 33 18
22 34 18
22 35 21
22 36 21
22 37 21
22 38 18
22 39 19
22 40 21
22 41 19
22 42 21
22 43 22
22 44 21
22 45 16
22 46 18
22 47 20
22 48 19
22 49 22
22 50 19
22 51 22
22 52 18
22 53 19
23 23 0
23 24 0
23 25 0
23 26 0
23 27 17
23 28 22
23 29 19
23 30 21
23 31 18
23 32 19
23 33 21
23 34 18
23 35 21
23 36 20
23 37 19
23 38 20
23 39 25
23 40 20
23 41 19
23 42 18
23 43 17
23 44 19
23 45 19
23 46 20
23 47 20
23 48 22
23 49 19
23 50 21
23 51 20
23 52 24
23 53 22
24 24 0
24 25 0
24 26 0
24 27 18
24 28 18
24 29 19
24 30 23
24 31 23
24 32 20
24 33 20
24 34 14
24 35 20
24 36 19
24 37 22
24 38 21
24 39 22
24 40 21
24 41 22
24 42 18
24 43 19
24 44 25
24 45 23
24 46 20
24 47 18
24 48 20
24 49 18
24 50 20
24 51 21
24 52 19
24 53 22
25 25 0
25 26 0
25 27 18
25 28 17
25 29 15
25 30 19
25 31 19
25 32 22
25 33 19
25 34 20
25 35 21
25 36 19
25 37 24
25 38 15
25 39 17
25 40 21
25 41 20
25 42 20
25 43 18
25 44 22
25 45 19
25 46 18
25 47 23
25 48 20
25 49 18
25 50 19
25 51 21
25 52 19
25 53 21
26 26 0
26 27 17
26 28 22
26 29 21
26 30 21
26 31 20
26 32 17
26 33 20
26 34 22
26 35 20
26 36 21
26 37 18
26 38 23
26 39 19
26 40 20
26 41 22
26 42 20
26 43 22
26 44 19
26 45 21
26 46 22
26 47 21
26 48 18
26 49 21
26 50 20
26 51 16
26 52 21
26 53 20
27 27 0
27 28 0
27 29 23
27 30 19
27 31 19
27 32 20
27 33 21
27 34 20
27 35 19
27 36 20
27 37 21
27 38 21
27 39 20
27 40 18
27 41 19
27 42 21
27 43 20
27 44 20
27 45 20
27 46 16
27 47 17
27 48 20
27 49 22
27 50 18
27 51 16
27 52 18
27 53 18
28 28 0
28 29 23
28 30 21
28 31 25
28 32 20
28 33 18
28 34 27
28 35 18
28 36 20
28 37 19
28 38 20
28 39 21
28 40 19
28 41 21
28 42 25
28 43 24
28 44 19
28 45 22
28 46 20
28 47 19
28 48 22
28 49 20
28 50 18
28 51 21
28 52 19
28 53 20
29 29 0
29 30 0
29 31 0
29 32 0
29 33 0
29 34 0
29 35 19
29 36 21
29 37 22
29 38 18
29 39 18
29 40 18
29 41 23
29 42 20
29 43 21
29 44 20
29 45 17
29 46 19
29 47 21
29 48 23
29 49 16
29 50 19
29 51 19
29 52 23
29 53 20
30 30 0
30 31 0
30 32 0
30 33 0
30 34 0
30 35 21
30 36 18
30 37 19
30 38 15
30 39 21
30 40 18
30 41 21
30 42 23
30 43 19
30 44 18
30 45 19
30 46 20
30 47 16
30 48 22
30 49 21
30 50 19
30 51 20
30 52 20
30 53 18
31 31 0
31 32 0
31 33 0
31 34 0
31 35 19
31 36 21
31 37 19
31 38 20
31 39 20
31 40 17
31 41 21
31 42 23
31 43 22
31 44 17
31 45 18
31 46 22
31 47 19
31 48 22
31 49 20
31 50 22
31 51 23
31 52 19
31 53 20
32 32 0
32 33 0
32 34 0
32 35 19
32 36 18
32 37 21
32 38 19
32 39 22
32 40 20
32 41 20
32 42 19
32 43 21
32 44 19
32 45 20
32 46 20
32 47 20
32 48 21
32 49 19
32 50 19
32 51 22
32 52 22
32 53 20
33 33 0
33 34 0
33 35 20
33 36 23
33 37 21
33 38 20
33 39 19
33 40 23
33 41 18
33 42 19
33 43 21
33 44 22
33 45 24
33 46 20
33 47 23
33 48 19
33 49 23
33 50 19
33 51 18
33 52 20
33 53 22
34 34 0
34 35 19
34 36 18
34 37 22
34 38 19
34 39 17
34 40 20
34 41 20
34 42 19
34 43 19
34 44 22
34 45 21
34 46 22
34 47 18
34 48 19
34 49 19
34 50 20
34 51 21
34 52 21
34 53 20
35 35 0
35 36 0
35 37 0
35 38 0
35 39 0
35 40 0
35 41 0
35 42 0
35 43 0
35 44 23
35 45 23
35 46 19
35 47 18
35 48 19
35 49 22
35 50 19
35 51 22
35 52 18
35 53 22
36 36 0
36 37 0
36 38 0
36 39 0
36 40 0
36 41 0
36 42 0
36 43 0
36 44 20
36 45 20
36 46 20
36 47 20
36 48 22
36 49 18
36 50 19
36 51 20
36 52 20
36 53 18
37 37 0
37 38 0
37 39 0
37 40 0
37 41 0
37 42 0
37 43 0
37 44 17
37 45 18
37 46 21
37 47 20
37 48 20
37 49 23
37 50 21
37 51 20
37 52 23
37 53 19
38 38 0
38 39 0
38 40 0
38 41 0
38 42 0
38 43 0
38 44 23
38 45 16
38 46 22
38 47 18
38 48 17
38 49 18
38 50 21
38 51 18
38 52 23
38 53 18
39 39 0
39 40 0
39 41 0
39 42 0
39 43 0
39 44 18
39 45 19
39 46 23
39 47 19
39 48 20
39 49 18
39 50 17
39 51 19
39 52 21
39 53 20
40 40 0
40 41 0
40 42 0
40 43 0
40 44 21
40 45 19
40 46 20
40 47 20
40 48 19
40 49 21
40 50 19
40 51 19
40 52 21
40 53 18
41 41 0
41 42 0
41 43 0
41 44 21
41 45 22
41 46 22
41 47 23
41 48 22
41 49 22
41 50 21
41 51 21
41 52 14
41 53 21
42 42 0
42 43 0
42 44 19
42 45 21
42 46 19
42 47 20
42 48 21
42 49 20
42 50 19
42 51 19
42 52 22
42 53 19
43 43 0
43 44 19
43 45 20
43 46 19
43 47 21
43 48 16
43 49 18
43 50 19
43 51 21
43 52 19
43 53 22
44 44 0
44 45 0
44 46 0
44 47 0
44 48 0
44 49 0
44 50 0
44 51 0
44 52 22
44 53 22
45 45 0
45 46 0
45 47 0
45 48 0
45 49 0
45 50 0
45 51 0
45 52 19
45 53 20
46 46 0
46 47 0
46 48 0
46 49 0
46 50 0
46 51 0
46 52 21
46 53 17
47 47 0
47 48 0
47 49 0
47 50 0
47 51 0
47 52 22
47 53 23
48 48 0
48 49 0
48 50 0
48 51 0
48 52 19
48 53 23
49 49 0
49 50 0
49 51 0
49 52 23
49 53 24
50 50 0
50 51 0
50 52 20
50 53 20
51 51 0
51 52 19
51 53 21
52 52 0
52 53 0
53 53 0
