5
4
25
19
23
9
0 0 0
0 1 0
0 2 0
0 3 0
0 4 4
0 5 3
0 6 2
0 7 1
0 8 1
0 9 9
0 10 8
0 11 13
0 12 11
0 13 2
0 14 19
0 15 13
0 16 14
0 17 11
0 18 8
0 19 12
0 20 4
0 21 16
0 22 10
0 23 4
0 24 1
0 25 14
0 26 8
0 27 7
0 28 3
0 29 4
0 30 15
0 31 6
0 32 8
0 33 19
0 34 12
0 35 17
0 36 7
0 37 20
0 38 8
0 39 5
0 40 9
0 41 8
0 42 15
0 43 5
0 44 20
0 45 1
0 46 3
0 47 16
0 48 9
0 49 4
0 50 11
0 51 17
0 52 9
0 53 14
0 54 4
0 55 4
0 56 17
0 57 10
0 58 6
0 59 2
0 60 20
0 61 15
0 62 19
0 63 11
0 64 14
0 65 2
0 66 3
0 67 17
0 68 11
0 69 11
0 70 17
0 71 16
0 72 13
0 73 18
0 74 13
0 75 5
0 76 19
0 77 7
0 78 7
0 79 16
1 1 0
1 2 0
1 3 0
1 4 16
1 5 18
1 6 15
1 7 5
1 8 11
1 9 20
1 10 15
1 11 16
1 12 12
1 13 11
1 14 11
1 15 4
1 16 12
1 17 10
1 18 16
1 19 18
1 20 14
1 21 3
1 22 8
1 23 7
1 24 17
1 25 16
1 26 9
1 27 9
1 28 12
1 29 20
1 30 1
1 31 2
1 32 16
1 33 2
1 34 6
1 35 10
1 36 13
1 37 18
1 38 7
1 39 5
1 40 5
1 41 19
1 42 9
1 43 6
1 44 8
1 45 17
1 46 5
1 47 3
1 48 1
1 49 19
1 50 15
1 51 20
1 52 18
1 53 15
1 54 4
1 55 4
1 56 1
1 57 17
1 58 2
1 59 3
1 60 13
1 61 10
1 62 7
1 63 7
1 64 9
1 65 1
1 66 3
1 67 2
1 68 20
1 69 5
1 70 10
1 71 1
1 72 9
1 73 17
1 74 14
1 75 8
1 76 8
1 77 19
1 78 8
1 79 16
2 2 0
2 3 0
2 4 11
2 5 4
2 6 1
2 7 17
2 8 13
2 9 6
2 10 3
2 11 10
2 12 18
2 13 7
2 14 19
2 15 19
2 16 7
2 17 3
2 18 11
2 19 12
2 20 10
2 21 6
2 22 7
2 23 10
2 24 19
2 25 20
2 26 1
2 27 15
2 28 20
2 29 17
2 30 3
2 31 1
2 32 9
2 33 7
2 34 3
2 35 18
2 36 16
2 37 18
2 38 4
2 39 8
2 40 2
2 41 14
2 42 15
2 43 14
2 44 17
2 45 15
2 46 14
2 47 6
2 48 17
2 49 5
2 50 5
2 51 2
2 52 19
2 53 3
2 54 8
2 55 17
2 56 10
2 57 20
2 58 3
2 59 4
2 60 20
2 61 19
2 62 12
2 63 3
2 64 3
2 65 8
2 66 8
2 67 18
2 68 7
2 69 2
2 70 5
2 71 19
2 72 20
2 73 15
2 74 6
2 75 12
2 76 10
2 77 12
2 78 16
2 79 13
3 3 0
3 4 6
3 5 7
3 6 7
3 7 15
3 8 8
3 9 2
3 10 14
3 11 20
3 12 4
3 13 18
3 14 8
3 15 18
3 16 7
3 17 2
3 18 15
3 19 19
3 20 16
3 21 19
3 22 12
3 23 3
3 24 15
3 25 16
3 26 9
3 27 11
3 28 8
3 29 2
3 30 7
3 31 8
3 32 9
3 33 14
3 34 5
3 35 5
3 36 8
3 37 7
3 38 3
3 39 11
3 40 14
3 41 11
3 42 7
3 43 3
3 44 2
3 45 17
3 46 12
3 47 19
3 48 4
3 49 2
3 50 8
3 51 15
3 52 10
3 53 6
3 54 11
3 55 11
3 56 18
3 57 11
3 58 15
3 59 7
3 60 18
3 61 4
3 62 16
3 63 9
3 64 17
3 65 16
3 66 20
3 67 15
3 68 6
3 69 2
3 70 20
3 71 13
3 72 3
3 73 10
3 74 16
3 75 9
3 76 9
3 77 19
3 78 12
3 79 12
4 4 0
4 5 0
4 6 0
4 7 0
4 8 0
4 9 0
4 10 0
4 11 0
4 12 0
4 13 0
4 14 0
4 15 0
4 16 0
4 17 0
4 18 0
4 19 0
4 20 0
4 21 0
4 22 0
4 23 0
4 24 0
4 25 0
4 26 0
4 27 0
4 28 0
4 29 18
4 30 7
4 31 15
4 32 12
4 33 17
4 34 2
4 35 12
4 36 1
4 37 7
4 38 5
4 39 6
4 40 16
4 41 10
4 42 2
4 43 16
4 44 9
4 45 6
4 46 18
4 47 17
4 48 18
4 49 16
4 50 20
4 51 3
4 52 11
4 53 9
4 54 19
4 55 4
4 56 15
4 57 10
4 58 7
4 59 2
4 60 20
4 61 14
4 62 10
4 63 13
4 64 13
4 65 19
4 66 14
4 67 15
4 68 3
4 69 3
4 70 2
4 71 1
4 72 16
4 73 3
4 74 4
4 75 18
4 76 18
4 77 5
4 78 19
4 79 13
5 5 0
5 6 0
5 7 0
5 8 0
5 9 0
5 10 0
5 11 0
5 12 0
5 13 0
5 14 0
5 15 0
5 16 0
5 17 0
5 18 0
5 19 0
5 20 0
5 21 0
5 22 0
5 23 0
5 24 0
5 25 0
5 26 0
5 27 0
5 28 0
5 29 15
5 30 3
5 31 2
5 32 16
5 33 6
5 34 2
5 35 2
5 36 8
5 37 12
5 38 14
5 39 20
5 40 5
5 41 9
5 42 3
5 43 8
5 44 10
5 45 17
5 46 3
5 47 12
5 48 6
5 49 19
5 50 14
5 51 6
5 52 20
5 53 20
5 54 7
5 55 3
5 56 4
5 57 4
5 58 1
5 59 8
5 60 14
5 61 13
5 62 18
5 63 1
5 64 4
5 65 10
5 66 19
5 67 15
5 68 5
5 69 6
5 70 15
5 71 19
5 72 7
5 73 11
5 74 3
5 75 3
5 76 11
5 77 3
5 78 10
5 79 13
6 6 0
6 7 0
6 8 0
6 9 0
6 10 0
6 11 0
6 12 0
6 13 0
6 14 0
6 15 0
6 16 0
6 17 0
6 18 0
6 19 0
6 20 0
6 21 0
6 22 0
6 23 0
6 24 0
6 25 0
6 26 0
6 27 0
6 28 0
6 29 20
6 30 12
6 31 1
6 32 5
6 33 5
6 34 15
6 35 3
6 36 3
6 37 3
6 38 2
6 39 7
6 40 14
6 41 20
6 42 10
6 43 12
6 44 1
6 45 13
6 46 15
6 47 13
6 48 2
6 49 16
6 50 17
6 51 10
6 52 19
6 53 17
6 54 11
6 55 3
6 56 16
6 57 12
6 58 2
6 59 9
6 60 6
6 61 7
6 62 20
6 63 11
6 64 13
6 65 12
6 66 6
6 67 15
6 68 8
6 69 8
6 70 19
6 71 20
6 72 1
6 73 4
6 74 2
6 75 6
6 76 3
6 77 7
6 78 14
6 79 14
7 7 0
7 8 0
7 9 0
7 10 0
7 11 0
7 12 0
7 13 0
7 14 0
7 15 0
7 16 0
7 17 0
7 18 0
7 19 0
7 20 0
7 21 0
7 22 0
7 23 0
7 24 0
7 25 0
7 26 0
7 27 0
7 28 0
7 29 15
7 30 19
7 31 18
7 32 3
7 33 13
7 34 18
7 35 15
7 36 14
7 37 11
7 38 9
7 39 15
7 40 9
7 41 7
7 42 4
7 43 6
7 44 1
7 45 16
7 46 5
7 47 6
7 48 12
7 49 17
7 50 12
7 51 6
7 52 5
7 53 4
7 54 2
7 55 16
7 56 6
7 57 4
7 58 4
7 59 10
7 60 7
7 61 6
7 62 7
7 63 10
7 64 4
7 65 7
7 66 3
7 67 16
7 68 3
7 69 4
7 70 9
7 71 3
7 72 9
7 73 13
7 74 11
7 75 11
7 76 17
7 77 12
7 78 9
7 79 9
8 8 0
8 9 0
8 10 0
8 11 0
8 12 0
8 13 0
8 14 0
8 15 0
8 16 0
8 17 0
8 18 0
8 19 0
8 20 0
8 21 0
8 22 0
8 23 0
8 24 0
8 25 0
8 26 0
8 27 0
8 28 0
8 29 1
8 30 12
8 31 14
8 32 18
8 33 3
8 34 6
8 35 4
8 36 11
8 37 9
8 38 3
8 39 1
8 40 10
8 41 19
8 42 20
8 43 12
8 44 4
8 45 5
8 46 8
8 47 13
8 48 4
8 49 18
8 50 13
8 51 20
8 52 11
8 53 16
8 54 3
8 55 17
8 56 16
8 57 3
8 58 11
8 59 11
8 60 18
8 61 8
8 62 9
8 63 2
8 64 4
8 65 6
8 66 5
8 67 16
8 68 4
8 69 18
8 70 2
8 71 20
8 72 5
8 73 12
8 74 11
8 75 14
8 76 1
8 77 7
8 78 19
8 79 16
9 9 0
9 10 0
9 11 0
9 12 0
9 13 0
9 14 0
9 15 0
9 16 0
9 17 0
9 18 0
9 19 0
9 20 0
9 21 0
9 22 0
9 23 0
9 24 0
9 25 0
9 26 0
9 27 0
9 28 0
9 29 14
9 30 20
9 31 13
9 32 8
9 33 8
9 34 1
9 35 10
9 36 16
9 37 10
9 38 2
9 39 18
9 40 5
9 41 15
9 42 6
9 43 7
9 44 11
9 45 2
9 46 1
9 47 10
9 48 12
9 49 9
9 50 1
9 51 13
9 52 16
9 53 7
9 54 12
9 55 9
9 56 1
9 57 1
9 58 12
9 59 17
9 60 2
9 61 11
9 62 14
9 63 5
9 64 13
9 65 14
9 66 18
9 67 3
9 68 3
9 69 10
9 70 16
9 71 18
9 72 8
9 73 7
9 74 19
9 75 2
9 76 7
9 77 20
9 78 5
9 79 7
10 10 0
10 11 0
10 12 0
10 13 0
10 14 0
10 15 0
10 16 0
10 17 0
10 18 0
10 19 0
10 20 0
10 21 0
10 22 0
10 23 0
10 24 0
10 25 0
10 26 0
10 27 0
10 28 0
10 29 11
10 30 18
10 31 1
10 32 20
10 33 15
10 34 9
10 35 16
10 36 15
10 37 13
10 38 1
10 39 14
10 40 16
10 41 5
10 42 4
10 43 15
10 44 16
10 45 15
10 46 14
10 47 14
10 48 2
10 49 7
10 50 11
10 51 16
10 52 2
10 53 13
10 54 19
10 55 3
10 56 3
10 57 9
10 58 7
10 59 20
10 60 11
10 61 3
10 62 17
10 63 9
10 64 20
10 65 8
10 66 15
10 67 3
10 68 10
10 69 11
10 70 2
10 71 10
10 72 20
10 73 17
10 74 16
10 75 16
10 76 10
10 77 2
10 78 12
10 79 10
11 11 0
11 12 0
11 13 0
11 14 0
11 15 0
11 16 0
11 17 0
11 18 0
11 19 0
11 20 0
11 21 0
11 22 0
11 23 0
11 24 0
11 25 0
11 26 0
11 27 0
11 28 0
11 29 9
11 30 13
11 31 9
11 32 5
11 33 11
11 34 3
11 35 17
11 36 20
11 37 16
11 38 10
11 39 18
11 40 18
11 41 9
11 42 11
11 43 7
11 44 16
11 45 15
11 46 7
11 47 17
11 48 15
11 49 15
11 50 17
11 51 10
11 52 14
11 53 12
11 54 6
11 55 6
11 56 10
11 57 16
11 58 16
11 59 4
11 60 16
11 61 9
11 62 3
11 63 3
11 64 19
11 65 14
11 66 16
11 67 1
11 68 17
11 69 9
11 70 4
11 71 10
11 72 19
11 73 2
11 74 11
11 75 2
11 76 8
11 77 18
11 78 20
11 79 5
12 12 0
12 13 0
12 14 0
12 15 0
12 16 0
12 17 0
12 18 0
12 19 0
12 20 0
12 21 0
12 22 0
12 23 0
12 24 0
12 25 0
12 26 0
12 27 0
12 28 0
12 29 17
12 30 19
12 31 4
12 32 1
12 33 11
12 34 6
12 35 7
12 36 3
12 37 15
12 38 1
12 39 14
12 40 12
12 41 7
12 42 12
12 43 14
12 44 6
12 45 6
12 46 2
12 47 17
12 48 20
12 49 16
12 50 5
12 51 12
12 52 5
12 53 4
12 54 12
12 55 11
12 56 5
12 57 13
12 58 12
12 59 7
12 60 19
12 61 18
12 62 8
12 63 13
12 64 2
12 65 20
12 66 2
12 67 17
12 68 8
12 69 13
12 70 7
12 71 6
12 72 16
12 73 20
12 74 15
12 75 2
12 76 15
12 77 10
12 78 6
12 79 17
13 13 0
13 14 0
13 15 0
13 16 0
13 17 0
13 18 0
13 19 0
13 20 0
13 21 0
13 22 0
13 23 0
13 24 0
13 25 0
13 26 0
13 27 0
13 28 0
13 29 4
13 30 13
13 31 10
13 32 17
13 33 5
13 34 14
13 35 9
13 36 9
13 37 6
13 38 5
13 39 20
13 40 13
13 41 1
13 42 10
13 43 19
13 44 6
13 45 20
13 46 8
13 47 8
13 48 18
13 49 17
13 50 4
13 51 19
13 52 16
13 53 15
13 54 17
13 55 15
13 56 15
13 57 10
13 58 14
13 59 13
13 60 15
13 61 16
13 62 5
13 63 11
13 64 5
13 65 6
13 66 15
13 67 1
13 68 2
13 69 15
13 70 7
13 71 11
13 72 13
13 73 8
13 74 11
13 75 12
13 76 10
13 77 13
13 78 8
13 79 4
14 14 0
14 15 0
14 16 0
14 17 0
14 18 0
14 19 0
14 20 0
14 21 0
14 22 0
14 23 0
14 24 0
14 25 0
14 26 0
14 27 0
14 28 0
14 29 1
14 30 3
14 31 15
14 32 12
14 33 4
14 34 18
14 35 2
14 36 9
14 37 3
14 38 15
14 39 12
14 40 1
14 41 20
14 42 20
14 43 20
14 44 17
14 45 6
14 46 12
14 47 20
14 48 13
14 49 12
14 50 15
14 51 11
14 52 1
14 53 19
14 54 7
14 55 11
14 56 12
14 57 17
14 58 4
14 59 15
14 60 9
14 61 9
14 62 9
14 63 11
14 64 1
14 65 19
14 66 10
14 67 7
14 68 7
14 69 9
14 70 19
14 71 12
14 72 15
14 73 13
14 74 20
14 75 13
14 76 5
14 77 5
14 78 12
14 79 17
15 15 0
15 16 0
15 17 0
15 18 0
15 19 0
15 20 0
15 21 0
15 22 0
15 23 0
15 24 0
15 25 0
15 26 0
15 27 0
15 28 0
15 29 4
15 30 4
15 31 8
15 32 2
15 33 16
15 34 2
15 35 6
15 36 14
15 37 5
15 38 11
15 39 6
15 40 17
15 41 6
15 42 14
15 43 13
15 44 12
15 45 4
15 46 18
15 47 16
15 48 10
15 49 11
15 50 10
15 51 15
15 52 20
15 53 5
15 54 19
15 55 11
15 56 8
15 57 17
15 58 7
15 59 16
15 60 11
15 61 3
15 62 9
15 63 16
15 64 11
15 65 12
15 66 13
15 67 15
15 68 12
15 69 8
15 70 20
15 71 2
15 72 5
15 73 20
15 74 4
15 75 1
15 76 5
15 77 18
15 78 6
15 79 7
16 16 0
16 17 0
16 18 0
16 19 0
16 20 0
16 21 0
16 22 0
16 23 0
16 24 0
16 25 0
16 26 0
16 27 0
16 28 0
16 29 14
16 30 13
16 31 16
16 32 9
16 33 19
16 34 6
16 35 8
16 36 9
16 37 12
16 38 14
16 39 16
16 40 18
16 41 12
16 42 11
16 43 2
16 44 8
16 45 6
16 46 2
16 47 9
16 48 6
16 49 8
16 50 7
16 51 17
16 52 9
16 53 8
16 54 16
16 55 16
16 56 15
16 57 18
16 58 20
16 59 10
16 60 7
16 61 2
16 62 20
16 63 4
16 64 10
16 65 14
16 66 2
16 67 17
16 68 20
16 69 17
16 70 7
16 71 11
16 72 3
16 73 14
16 74 19
16 75 7
16 76 2
16 77 5
16 78 5
16 79 6
17 17 0
17 18 0
17 19 0
17 20 0
17 21 0
17 22 0
17 23 0
17 24 0
17 25 0
17 26 0
17 27 0
17 28 0
17 29 4
17 30 2
17 31 19
17 32 11
17 33 15
17 34 10
17 35 19
17 36 14
17 37 17
17 38 13
17 39 3
17 40 8
17 41 6
17 42 11
17 43 10
17 44 10
17 45 7
17 46 12
17 47 14
17 48 15
17 49 4
17 50 5
17 51 7
17 52 2
17 53 20
17 54 7
17 55 4
17 56 8
17 57 14
17 58 4
17 59 16
17 60 17
17 61 17
17 62 3
17 63 3
17 64 18
17 65 12
17 66 2
17 67 6
17 68 1
17 69 10
17 70 12
17 71 5
17 72 12
17 73 1
17 74 17
17 75 10
17 76 4
17 77 7
17 78 10
17 79 17
18 18 0
18 19 0
18 20 0
18 21 0
18 22 0
18 23 0
18 24 0
18 25 0
18 26 0
18 27 0
18 28 0
18 29 20
18 30 16
18 31 7
18 32 4
18 33 19
18 34 1
18 35 3
18 36 10
18 37 17
18 38 6
18 39 13
18 40 15
18 41 3
18 42 14
18 43 5
18 44 18
18 45 9
18 46 20
18 47 8
18 48 3
18 49 16
18 50 2
18 51 4
18 52 5
18 53 15
18 54 17
18 55 15
18 56 3
18 57 13
18 58 19
18 59 12
18 60 12
18 61 12
18 62 7
18 63 17
18 64 14
18 65 9
18 66 3
18 67 18
18 68 10
18 69 2
18 70 16
18 71 19
18 72 6
18 73 17
18 74 1
18 75 19
18 76 18
18 77 16
18 78 4
18 79 13
19 19 0
19 20 0
19 21 0
19 22 0
19 23 0
19 24 0
19 25 0
19 26 0
19 27 0
19 28 0
19 29 7
19 30 13
19 31 7
19 32 3
19 33 4
19 34 2
19 35 1
19 36 13
19 37 19
19 38 20
19 39 3
19 40 7
19 41 14
19 42 13
19 43 11
19 44 8
19 45 19
19 46 8
19 47 15
19 48 14
19 49 4
19 50 6
19 51 2
19 52 5
19 53 1
19 54 19
19 55 4
19 56 10
19 57 9
19 58 11
19 59 20
19 60 11
19 61 18
19 62 5
19 63 6
19 64 19
19 65 3
19 66 4
19 67 12
19 68 12
19 69 5
19 70 3
19 71 15
19 72 5
19 73 1
19 74 4
19 75 12
19 76 5
19 77 9
19 78 20
19 79 8
20 20 0
20 21 0
20 22 0
20 23 0
20 24 0
20 25 0
20 26 0
20 27 0
20 28 0
20 29 13
20 30 13
20 31 6
20 32 10
20 33 11
20 34 2
20 35 10
20 36 1
20 37 20
20 38 11
20 39 2
20 40 8
20 41 1
20 42 3
20 43 4
20 44 10
20 45 1
20 46 18
20 47 7
20 48 18
20 49 20
20 50 14
20 51 3
20 52 11
20 53 7
20 54 11
20 55 2
20 56 12
20 57 19
20 58 12
20 59 12
20 60 16
20 61 12
20 62 8
20 63 3
20 64 2
20 65 16
20 66 19
20 67 18
20 68 7
20 69 18
20 70 5
20 71 6
20 72 2
20 73 6
20 74 4
20 75 3
20 76 13
20 77 4
20 78 2
20 79 16
21 21 0
21 22 0
21 23 0
21 24 0
21 25 0
21 26 0
21 27 0
21 28 0
21 29 7
21 30 12
21 31 13
21 32 2
21 33 2
21 34 19
21 35 20
21 36 19
21 37 4
21 38 19
21 39 20
21 40 6
21 41 8
21 42 5
21 43 8
21 44 17
21 45 20
21 46 4
21 47 7
21 48 3
21 49 4
21 50 3
21 51 3
21 52 19
21 53 4
21 54 6
21 55 5
21 56 2
21 57 14
21 58 13
21 59 19
21 60 7
21 61 19
21 62 2
21 63 1
21 64 7
21 65 15
21 66 7
21 67 19
21 68 17
21 69 19
21 70 11
21 71 6
21 72 7
21 73 18
21 74 9
21 75 2
21 76 17
21 77 11
21 78 16
21 79 13
22 22 0
22 23 0
22 24 0
22 25 0
22 26 0
22 27 0
22 28 0
22 29 16
22 30 20
22 31 15
22 32 4
22 33 6
22 34 11
22 35 2
22 36 6
22 37 6
22 38 3
22 39 12
22 40 11
22 41 13
22 42 2
22 43 4
22 44 19
22 45 5
22 46 11
22 47 20
22 48 13
22 49 19
22 50 10
22 51 17
22 52 4
22 53 4
22 54 12
22 55 10
22 56 18
22 57 1
22 58 9
22 59 9
22 60 12
22 61 7
22 62 10
22 63 14
22 64 11
22 65 14
22 66 20
22 67 5
22 68 9
22 69 12
22 70 14
22 71 18
22 72 1
22 73 3
22 74 6
22 75 14
22 76 3
22 77 20
22 78 8
22 79 8
23 23 0
23 24 0
23 25 0
23 26 0
23 27 0
23 28 0
23 29 5
23 30 10
23 31 10
23 32 8
23 33 14
23 34 1
23 35 18
23 36 8
23 37 11
23 38 18
23 39 12
23 40 4
23 41 3
23 42 4
23 43 17
23 44 8
23 45 6
23 46 13
23 47 1
23 48 3
23 49 6
23 50 2
23 51 20
23 52 3
23 53 7
23 54 20
23 55 6
23 56 17
23 57 18
23 58 17
23 59 18
23 60 7
23 61 20
23 62 5
23 63 19
23 64 2
23 65 16
23 66 10
23 67 3
23 68 19
23 69 2
23 70 18
23 71 17
23 72 19
23 73 11
23 74 15
23 75 3
23 76 6
23 77 4
23 78 2
23 79 16
24 24 0
24 25 0
24 26 0
24 27 0
24 28 0
24 29 16
24 30 4
24 31 16
24 32 2
24 33 16
24 34 13
24 35 6
24 36 13
24 37 13
24 38 13
24 39 3
24 40 11
24 41 3
24 42 9
24 43 14
24 44 13
24 45 3
24 46 10
24 47 6
24 48 16
24 49 11
24 50 20
24 51 7
24 52 7
24 53 14
24 54 12
24 55 10
24 56 5
24 57 11
24 58 19
24 59 18
24 60 3
24 61 10
24 62 2
24 63 1
24 64 2
24 65 10
24 66 8
24 67 14
24 68 17
24 69 1
24 70 20
24 71 4
24 72 13
24 73 3
24 74 6
24 75 13
24 76 13
24 77 13
24 78 18
24 79 3
25 25 0
25 26 0
25 27 0
25 28 0
25 29 10
25 30 9
25 31 2
25 32 8
25 33 15
25 34 19
25 35 17
25 36 19
25 37 2
25 38 18
25 39 9
25 40 10
25 41 10
25 42 17
25 43 2
25 44 20
25 45 10
25 46 19
25 47 13
25 48 9
25 49 11
25 50 11
25 51 5
25 52 15
25 53 5
25 54 15
25 55 20
25 56 10
25 57 8
25 58 10
25 59 17
25 60 1
25 61 11
25 62 17
25 63 17
25 64 10
25 65 20
25 66 10
25 67 4
25 68 13
25 69 5
25 70 19
25 71 20
25 72 2
25 73 14
25 74 14
25 75 20
25 76 8
25 77 12
25 78 13
25 79 5
26 26 0
26 27 0
26 28 0
26 29 15
26 30 16
26 31 19
26 32 16
26 33 10
26 34 10
26 35 4
26 36 8
26 37 14
26 38 9
26 39 3
26 40 19
26 41 12
26 42 7
26 43 12
26 44 13
26 45 13
26 46 15
26 47 1
26 48 20
26 49 1
26 50 19
26 51 19
26 52 4
26 53 5
26 54 15
26 55 7
26 56 19
26 57 5
26 58 13
26 59 1
26 60 12
26 61 8
26 62 14
26 63 11
26 64 18
26 65 14
26 66 2
26 67 18
26 68 8
26 69 3
26 70 12
26 71 8
26 72 17
26 73 19
26 74 3
26 75 13
26 76 10
26 77 9
26 78 14
26 79 11
27 27 0
27 28 0
27 29 18
27 30 3
27 31 11
27 32 7
27 33 20
27 34 3
27 35 14
27 36 10
27 37 4
27 38 4
27 39 12
27 40 8
27 41 3
27 42 3
27 43 19
27 44 10
27 45 16
27 46 14
27 47 8
27 48 11
27 49 20
27 50 11
27 51 6
27 52 7
27 53 13
27 54 5
27 55 16
27 56 16
27 57 8
27 58 11
27 59 8
27 60 16
27 61 20
27 62 3
27 63 20
27 64 9
27 65 2
27 66 20
27 67 1
27 68 15
27 69 16
27 70 1
27 71 6
27 72 15
27 73 10
27 74 12
27 75 18
27 76 20
27 77 13
27 78 13
27 79 2
28 28 0
28 29 2
28 30 1
28 31 8
28 32 19
28 33 18
28 34 2
28 35 15
28 36 15
28 37 15
28 38 19
28 39 19
28 40 6
28 41 2
28 42 9
28 43 18
28 44 18
28 45 11
28 46 13
28 47 6
28 48 16
28 49 17
28 50 4
28 51 15
28 52 15
28 53 4
28 54 6
28 55 18
28 56 18
28 57 6
28 58 8
28 59 5
28 60 20
28 61 11
28 62 6
28 63 19
28 64 2
28 65 7
28 66 14
28 67 3
28 68 18
28 69 20
28 70 5
28 71 16
28 72 2
28 73 6
28 74 2
28 75 15
28 76 3
28 77 19
28 78 1
28 79 2
29 29 0
29 30 0
29 31 0
29 32 0
29 33 0
29 34 0
29 35 0
29 36 0
29 37 0
29 38 0
29 39 0
29 40 0
29 41 0
29 42 0
29 43 0
29 44 0
29 45 0
29 46 0
29 47 0
29 48 7
29 49 10
29 50 14
29 51 18
29 52 6
29 53 10
29 54 12
29 55 6
29 56 3
29 57 7
29 58 8
29 59 12
29 60 17
29 61 5
29 62 3
29 63 17
29 64 13
29 65 7
29 66 13
29 67 16
29 68 8
29 69 13
29 70 2
29 71 7
29 72 8
29 73 14
29 74 18
29 75 12
29 76 11
29 77 7
29 78 13
29 79 12
30 30 0
30 31 0
30 32 0
30 33 0
30 34 0
30 35 0
30 36 0
30 37 0
30 38 0
30 39 0
30 40 0
30 41 0
30 42 0
30 43 0
30 44 0
30 45 0
30 46 0
30 47 0
30 48 12
30 49 17
30 50 5
30 51 11
30 52 1
30 53 2
30 54 11
30 55 2
30 56 2
30 57 8
30 58 20
30 59 7
30 60 6
30 61 9
30 62 5
30 63 6
30 64 5
30 65 10
30 66 14
30 67 10
30 68 11
30 69 6
30 70 1
30 71 12
30 72 19
30 73 12
30 74 16
30 75 2
30 76 12
30 77 13
30 78 1
30 79 13
31 31 0
31 32 0
31 33 0
31 34 0
31 35 0
31 36 0
31 37 0
31 38 0
31 39 0
31 40 0
31 41 0
31 42 0
31 43 0
31 44 0
31 45 0
31 46 0
31 47 0
31 48 7
31 49 3
31 50 14
31 51 9
31 52 17
31 53 14
31 54 15
31 55 19
31 56 14
31 57 14
31 58 10
31 59 12
31 60 15
31 61 2
31 62 18
31 63 3
31 64 19
31 65 16
31 66 17
31 67 19
31 68 4
31 69 18
31 70 9
31 71 4
31 72 13
31 73 17
31 74 17
31 75 3
31 76 11
31 77 10
31 78 7
31 79 11
32 32 0
32 33 0
32 34 0
32 35 0
32 36 0
32 37 0
32 38 0
32 39 0
32 40 0
32 41 0
32 42 0
32 43 0
32 44 0
32 45 0
32 46 0
32 47 0
32 48 12
32 49 10
32 50 12
32 51 6
32 52 10
32 53 1
32 54 10
32 55 14
32 56 6
32 57 18
32 58 6
32 59 8
32 60 9
32 61 19
32 62 9
32 63 2
32 64 20
32 65 18
32 66 10
32 67 13
32 68 14
32 69 10
32 70 13
32 71 11
32 72 5
32 73 20
32 74 20
32 75 18
32 76 11
32 77 7
32 78 3
32 79 15
33 33 0
33 34 0
33 35 0
33 36 0
33 37 0
33 38 0
33 39 0
33 40 0
33 41 0
33 42 0
33 43 0
33 44 0
33 45 0
33 46 0
33 47 0
33 48 7
33 49 10
33 50 13
33 51 5
33 52 9
33 53 13
33 54 4
33 55 1
33 56 7
33 57 4
33 58 19
33 59 2
33 60 1
33 61 7
33 62 8
33 63 10
33 64 20
33 65 12
33 66 12
33 67 2
33 68 3
33 69 19
33 70 19
33 71 14
33 72 18
33 73 13
33 74 10
33 75 18
33 76 5
33 77 9
33 78 13
33 79 11
34 34 0
34 35 0
34 36 0
34 37 0
34 38 0
34 39 0
34 40 0
34 41 0
34 42 0
34 43 0
34 44 0
34 45 0
34 46 0
34 47 0
34 48 5
34 49 4
34 50 20
34 51 6
34 52 4
34 53 18
34 54 19
34 55 14
34 56 2
34 57 16
34 58 5
34 59 4
34 60 9
34 61 20
34 62 3
34 63 3
34 64 16
34 65 7
34 66 16
34 67 18
34 68 20
34 69 13
34 70 1
34 71 7
34 72 14
34 73 3
34 74 16
34 75 13
34 76 8
34 77 11
34 78 14
34 79 17
35 35 0
35 36 0
35 37 0
35 38 0
35 39 0
35 40 0
35 41 0
35 42 0
35 43 0
35 44 0
35 45 0
35 46 0
35 47 0
35 48 15
35 49 2
35 50 13
35 51 8
35 52 5
35 53 18
35 54 19
35 55 19
35 56 19
35 57 18
35 58 2
35 59 14
35 60 18
35 61 11
35 62 10
35 63 7
35 64 18
35 65 17
35 66 2
35 67 19
35 68 16
35 69 19
35 70 14
35 71 10
35 72 9
35 73 19
35 74 8
35 75 1
35 76 4
35 77 3
35 78 20
35 79 19
36 36 0
36 37 0
36 38 0
36 39 0
36 40 0
36 41 0
36 42 0
36 43 0
36 44 0
36 45 0
36 46 0
36 47 0
36 48 6
36 49 6
36 50 17
36 51 4
36 52 13
36 53 16
36 54 2
36 55 18
36 56 12
36 57 19
36 58 10
36 59 1
36 60 18
36 61 13
36 62 20
36 63 20
36 64 13
36 65 14
36 66 17
36 67 19
36 68 11
36 69 18
36 70 20
36 71 12
36 72 5
36 73 2
36 74 2
36 75 3
36 76 19
36 77 7
36 78 18
36 79 7
37 37 0
37 38 0
37 39 0
37 40 0
37 41 0
37 42 0
37 43 0
37 44 0
37 45 0
37 46 0
37 47 0
37 48 11
37 49 14
37 50 15
37 51 11
37 52 5
37 53 1
37 54 13
37 55 20
37 56 19
37 57 12
37 58 8
37 59 2
37 60 3
37 61 11
37 62 7
37 63 19
37 64 2
37 65 12
37 66 16
37 67 10
37 68 20
37 69 9
37 70 8
37 71 3
37 72 10
37 73 2
37 74 14
37 75 2
37 76 15
37 77 12
37 78 19
37 79 2
38 38 0
38 39 0
38 40 0
38 41 0
38 42 0
38 43 0
38 44 0
38 45 0
38 46 0
38 47 0
38 48 2
38 49 2
38 50 1
38 51 17
38 52 1
38 53 13
38 54 2
38 55 13
38 56 3
38 57 15
38 58 8
38 59 19
38 60 3
38 61 8
38 62 15
38 63 14
38 64 17
38 65 20
38 66 14
38 67 6
38 68 6
38 69 19
38 70 9
38 71 3
38 72 7
38 73 13
38 74 9
38 75 17
38 76 17
38 77 14
38 78 18
38 79 15
39 39 0
39 40 0
39 41 0
39 42 0
39 43 0
39 44 0
39 45 0
39 46 0
39 47 0
39 48 16
39 49 9
39 50 18
39 51 13
39 52 8
39 53 11
39 54 1
39 55 2
39 56 14
39 57 1
39 58 2
39 59 14
39 60 10
39 61 6
39 62 13
39 63 20
39 64 5
39 65 4
39 66 17
39 67 17
39 68 18
39 69 9
39 70 4
39 71 3
39 72 10
39 73 4
39 74 2
39 75 4
39 76 2
39 77 9
39 78 16
39 79 3
40 40 0
40 41 0
40 42 0
40 43 0
40 44 0
40 45 0
40 46 0
40 47 0
40 48 8
40 49 13
40 50 7
40 51 15
40 52 17
40 53 19
40 54 10
40 55 17
40 56 7
40 57 3
40 58 6
40 59 11
40 60 15
40 61 13
40 62 16
40 63 1
40 64 20
40 65 2
40 66 17
40 67 19
40 68 2
40 69 20
40 70 1
40 71 8
40 72 4
40 73 7
40 74 1
40 75 9
40 76 16
40 77 1
40 78 10
40 79 2
41 41 0
41 42 0
41 43 0
41 44 0
41 45 0
41 46 0
41 47 0
41 48 2
41 49 8
41 50 16
41 51 11
41 52 17
41 53 2
41 54 10
41 55 18
41 56 17
41 57 20
41 58 20
41 59 13
41 60 14
41 61 7
41 62 12
41 63 17
41 64 13
41 65 14
41 66 20
41 67 15
41 68 15
41 69 6
41 70 11
41 71 9
41 72 3
41 73 1
41 74 12
41 75 2
41 76 19
41 77 15
41 78 3
41 79 16
42 42 0
42 43 0
42 44 0
42 45 0
42 46 0
42 47 0
42 48 5
42 49 3
42 50 12
42 51 10
42 52 5
42 53 9
42 54 12
42 55 12
42 56 13
42 57 2
42 58 19
42 59 20
42 60 11
42 61 20
42 62 5
42 63 6
42 64 13
42 65 6
42 66 16
42 67 5
42 68 17
42 69 4
42 70 18
42 71 2
42 72 9
42 73 14
42 74 18
42 75 2
42 76 5
42 77 17
42 78 6
42 79 5
43 43 0
43 44 0
43 45 0
43 46 0
43 47 0
43 48 16
43 49 15
43 50 3
43 51 14
43 52 10
43 53 16
43 54 8
43 55 2
43 56 17
43 57 10
43 58 8
43 59 17
43 60 4
43 61 6
43 62 12
43 63 9
43 64 5
43 65 18
43 66 14
43 67 4
43 68 11
43 69 13
43 70 8
43 71 18
43 72 19
43 73 8
43 74 19
43 75 14
43 76 20
43 77 15
43 78 18
43 79 2
44 44 0
44 45 0
44 46 0
44 47 0
44 48 19
44 49 11
44 50 10
44 51 16
44 52 20
44 53 6
44 54 5
44 55 13
44 56 13
44 57 15
44 58 20
44 59 14
44 60 14
44 61 19
44 62 12
44 63 9
44 64 7
44 65 11
44 66 12
44 67 8
44 68 4
44 69 17
44 70 13
44 71 3
44 72 16
44 73 5
44 74 5
44 75 6
44 76 7
44 77 10
44 78 17
44 79 3
45 45 0
45 46 0
45 47 0
45 48 16
45 49 3
45 50 16
45 51 13
45 52 17
45 53 20
45 54 10
45 55 1
45 56 11
45 57 4
45 58 3
45 59 13
45 60 10
45 61 15
45 62 4
45 63 15
45 64 18
45 65 15
45 66 14
45 67 5
45 68 3
45 69 11
45 70 2
45 71 14
45 72 1
45 73 18
45 74 13
45 75 17
45 76 3
45 77 12
45 78 20
45 79 15
46 46 0
46 47 0
46 48 4
46 49 19
46 50 14
46 51 10
46 52 18
46 53 14
46 54 1
46 55 2
46 56 7
46 57 1
46 58 3
46 59 8
46 60 4
46 61 1
46 62 6
46 63 17
46 64 19
46 65 19
46 66 20
46 67 10
46 68 15
46 69 9
46 70 10
46 71 16
46 72 9
46 73 6
46 74 10
46 75 13
46 76 2
46 77 12
46 78 10
46 79 5
47 47 0
47 48 7
47 49 3
47 50 1
47 51 2
47 52 16
47 53 20
47 54 13
47 55 8
47 56 2
47 57 12
47 58 16
47 59 5
47 60 1
47 61 1
47 62 11
47 63 15
47 64 9
47 65 11
47 66 8
47 67 17
47 68 5
47 69 13
47 70 7
47 71 6
47 72 1
47 73 1
47 74 15
47 75 9
47 76 14
47 77 4
47 78 9
47 79 6
48 48 0
48 49 0
48 50 0
48 51 0
48 52 0
48 53 0
48 54 0
48 55 0
48 56 0
48 57 0
48 58 0
48 59 0
48 60 0
48 61 0
48 62 0
48 63 0
48 64 0
48 65 0
48 66 0
48 67 0
48 68 0
48 69 0
48 70 0
48 71 4
48 72 18
48 73 17
48 74 17
48 75 19
48 76 6
48 77 9
48 78 16
48 79 7
49 49 0
49 50 0
49 51 0
49 52 0
49 53 0
49 54 0
49 55 0
49 56 0
49 57 0
49 58 0
49 59 0
49 60 0
49 61 0
49 62 0
49 63 0
49 64 0
49 65 0
49 66 0
49 67 0
49 68 0
49 69 0
49 70 0
49 71 6
49 72 8
49 73 8
49 74 9
49 75 10
49 76 16
49 77 9
49 78 19
49 79 16
50 50 0
50 51 0
50 52 0
50 53 0
50 54 0
50 55 0
50 56 0
50 57 0
50 58 0
50 59 0
50 60 0
50 61 0
50 62 0
50 63 0
50 64 0
50 65 0
50 66 0
50 67 0
50 68 0
50 69 0
50 70 0
50 71 11
50 72 15
50 73 17
50 74 14
50 75 16
50 76 8
50 77 13
50 78 7
50 79 2
51 51 0
51 52 0
51 53 0
51 54 0
51 55 0
51 56 0
51 57 0
51 58 0
51 59 0
51 60 0
51 61 0
51 62 0
51 63 0
51 64 0
51 65 0
51 66 0
51 67 0
51 68 0
51 69 0
51 70 0
51 71 19
51 72 10
51 73 15
51 74 3
51 75 19
51 76 13
51 77 5
51 78 3
51 79 20
52 52 0
52 53 0
52 54 0
52 55 0
52 56 0
52 57 0
52 58 0
52 59 0
52 60 0
52 61 0
52 62 0
52 63 0
52 64 0
52 65 0
52 66 0
52 67 0
52 68 0
52 69 0
52 70 0
52 71 13
52 72 19
52 73 3
52 74 3
52 75 2
52 76 9
52 77 10
52 78 13
52 79 13
53 53 0
53 54 0
53 55 0
53 56 0
53 57 0
53 58 0
53 59 0
53 60 0
53 61 0
53 62 0
53 63 0
53 64 0
53 65 0
53 66 0
53 67 0
53 68 0
53 69 0
53 70 0
53 71 15
53 72 4
53 73 11
53 74 14
53 75 5
53 76 2
53 77 13
53 78 13
53 79 5
54 54 0
54 55 0
54 56 0
54 57 0
54 58 0
54 59 0
54 60 0
54 61 0
54 62 0
54 63 0
54 64 0
54 65 0
54 66 0
54 67 0
54 68 0
54 69 0
54 70 0
54 71 14
54 72 4
54 73 3
54 74 11
54 75 20
54 76 7
54 77 15
54 78 14
54 79 13
55 55 0
55 56 0
55 57 0
55 58 0
55 59 0
55 60 0
55 61 0
55 62 0
55 63 0
55 64 0
55 65 0
55 66 0
55 67 0
55 68 0
55 69 0
55 70 0
55 71 18
55 72 10
55 73 4
55 74 16
55 75 6
55 76 13
55 77 20
55 78 3
55 79 5
56 56 0
56 57 0
56 58 0
56 59 0
56 60 0
56 61 0
56 62 0
56 63 0
56 64 0
56 65 0
56 66 0
56 67 0
56 68 0
56 69 0
56 70 0
56 71 4
56 72 8
56 73 5
56 74 1
56 75 15
56 76 17
56 77 18
56 78 16
56 79 13
57 57 0
57 58 0
57 59 0
57 60 0
57 61 0
57 62 0
57 63 0
57 64 0
57 65 0
57 66 0
57 67 0
57 68 0
57 69 0
57 70 0
57 71 11
57 72 15
57 73 12
57 74 2
57 75 14
57 76 8
57 77 2
57 78 19
57 79 3
58 58 0
58 59 0
58 60 0
58 61 0
58 62 0
58 63 0
58 64 0
58 65 0
58 66 0
58 67 0
58 68 0
58 69 0
58 70 0
58 71 20
58 72 1
58 73 12
58 74 9
58 75 17
58 76 15
58 77 2
58 78 19
58 79 17
59 59 0
59 60 0
59 61 0
59 62 0
59 63 0
59 64 0
59 65 0
59 66 0
59 67 0
59 68 0
59 69 0
59 70 0
59 71 19
59 72 2
59 73 10
59 74 5
59 75 11
59 76 7
59 77 17
59 78 20
59 79 14
60 60 0
60 61 0
60 62 0
60 63 0
60 64 0
60 65 0
60 66 0
60 67 0
60 68 0
60 69 0
60 70 0
60 71 12
60 72 9
60 73 11
60 74 7
60 75 18
60 76 8
60 77 13
60 78 16
60 79 13
61 61 0
61 62 0
61 63 0
61 64 0
61 65 0
61 66 0
61 67 0
61 68 0
61 69 0
61 70 0
61 71 10
61 72 14
61 73 14
61 74 14
61 75 2
61 76 18
61 77 10
61 78 17
61 79 7
62 62 0
62 63 0
62 64 0
62 65 0
62 66 0
62 67 0
62 68 0
62 69 0
62 70 0
62 71 13
62 72 20
62 73 5
62 74 2
62 75 13
62 76 12
62 77 1
62 78 9
62 79 20
63 63 0
63 64 0
63 65 0
63 66 0
63 67 0
63 68 0
63 69 0
63 70 0
63 71 1
63 72 10
63 73 18
63 74 11
63 75 15
63 76 15
63 77 2
63 78 7
63 79 15
64 64 0
64 65 0
64 66 0
64 67 0
64 68 0
64 69 0
64 70 0
64 71 4
64 72 14
64 73 12
64 74 18
64 75 1
64 76 12
64 77 12
64 78 19
64 79 14
65 65 0
65 66 0
65 67 0
65 68 0
65 69 0
65 70 0
65 71 15
65 72 15
65 73 8
65 74 16
65 75 12
65 76 2
65 77 15
65 78 11
65 79 9
66 66 0
66 67 0
66 68 0
66 69 0
66 70 0
66 71 5
66 72 16
66 73 2
66 74 4
66 75 6
66 76 7
66 77 1
66 78 9
66 79 2
67 67 0
67 68 0
67 69 0
67 70 0
67 71 5
67 72 10
67 73 13
67 74 19
67 75 11
67 76 4
67 77 3
67 78 13
67 79 5
68 68 0
68 69 0
68 70 0
68 71 20
68 72 1
68 73 2
68 74 6
68 75 17
68 76 4
68 77 15
68 78 5
68 79 7
69 69 0
69 70 0
69 71 13
69 72 8
69 73 1
69 74 20
69 75 20
69 76 12
69 77 19
69 78 20
69 79 11
70 70 0
70 71 1
70 72 12
70 73 12
70 74 8
70 75 10
70 76 11
70 77 10
70 78 5
70 79 17
71 71 0
71 72 0
71 73 0
71 74 0
71 75 0
71 76 0
71 77 0
71 78 0
71 79 0
72 72 0
72 73 0
72 74 0
72 75 0
72 76 0
72 77 0
72 78 0
72 79 0
73 73 0
73 74 0
73 75 0
73 76 0
73 77 0
73 78 0
73 79 0
74 74 0
74 75 0
74 76 0
74 77 0
74 78 0
74 79 0
75 75 0
75 76 0
75 77 0
75 78 0
75 79 0
76 76 0
76 77 0
76 78 0
76 79 0
77 77 0
77 78 0
77 79 0
78 78 0
78 79 0
79 79 0
