5
1
1
10
5
6
0 0 0
0 1 22
0 2 25
0 3 21
0 4 21
0 5 19
0 6 20
0 7 20
0 8 20
0 9 21
0 10 22
0 11 21
0 12 19
0 13 24
0 14 19
0 15 20
0 16 21
0 17 20
0 18 20
0 19 17
0 20 23
0 21 21
0 22 21
1 1 0
1 2 20
1 3 22
1 4 19
1 5 21
1 6 21
1 7 18
1 8 13
1 9 20
1 10 21
1 11 24
1 12 19
1 13 20
1 14 19
1 15 15
1 16 20
1 17 18
1 18 23
1 19 20
1 20 20
1 21 22
1 22 17
2 2 0
2 3 0
2 4 0
2 5 0
2 6 0
2 7 0
2 8 0
2 9 0
2 10 0
2 11 0
2 12 19
2 13 19
2 14 21
2 15 21
2 16 21
2 17 21
2 18 21
2 19 22
2 20 24
2 21 20
2 22 21
3 3 0
3 4 0
3 5 0
3 6 0
3 7 0
3 8 0
3 9 0
3 10 0
3 11 0
3 12 21
3 13 25
3 14 24
3 15 20
3 16 16
3 17 15
3 18 21
3 19 19
3 20 22
3 21 21
3 22 20
4 4 0
4 5 0
4 6 0
4 7 0
4 8 0
4 9 0
4 10 0
4 11 0
4 12 18
4 13 19
4 14 21
4 15 20
4 16 21
4 17 20
4 18 22
4 19 20
4 20 18
4 21 21
4 22 19
5 5 0
5 6 0
5 7 0
5 8 0
5 9 0
5 10 0
5 11 0
5 12 20
5 13 19
5 14 22
5 15 20
5 16 21
5 17 23
5 18 15
5 19 18
5 20 21
5 21 23
5 22 21
6 6 0
6 7 0
6 8 0
6 9 0
6 10 0
6 11 0
6 12 20
6 13 20
6 14 19
6 15 21
6 16 20
6 17 17
6 18 18
6 19 19
6 20 18
6 21 21
6 22 19
7 7 0
7 8 0
7 9 0
7 10 0
7 11 0
7 12 19
7 13 21
7 14 21
7 15 18
7 16 17
7 17 18
7 18 24
7 19 22
7 20 20
7 21 18
7 22 23
8 8 0
8 9 0
8 10 0
8 11 0
8 12 20
8 13 18
8 14 20
8 15 18
8 16 20
8 17 21
8 18 20
8 19 19
8 20 22
8 21 23
8 22 19
9 9 0
9 10 0
9 11 0
9 12 19
9 13 20
9 14 21
9 15 17
9 16 22
9 17 21
9 18 16
9 19 21
9 20 19
9 21 25
9 22 16
10 10 0
10 11 0
10 12 19
10 13 18
10 14 22
10 15 25
10 16 21
10 17 22
10 18 19
10 19 20
10 20 22
10 21 17
10 22 18
11 11 0
11 12 22
11 13 18
11 14 19
11 15 21
11 16 17
11 17 18
11 18 17
11 19 19
11 20 21
11 21 21
11 22 24
12 12 0
12 13 0
12 14 0
12 15 0
12 16 0
12 17 21
12 18 20
12 19 20
12 20 20
12 21 21
12 22 19
13 13 0
13 14 0
13 15 0
13 16 0
13 17 17
13 18 22
13 19 19
13 20 20
13 21 19
13 22 23
14 14 0
14 15 0
14 16 0
14 17 19
14 18 23
14 19 24
14 20 21
14 21 19
14 22 22
15 15 0
15 16 0
15 17 19
15 18 20
15 19 20
15 20 19
15 21 20
15 22 19
16 16 0
16 17 20
16 18 18
16 19 19
16 20 16
16 21 17
16 22 18
17 17 0
17 18 0
17 19 0
17 20 0
17 21 0
17 22 0
18 18 0
18 19 0
18 20 0
18 21 0
18 22 0
19 19 0
19 20 0
19 21 0
19 22 0
20 20 0
20 21 0
20 22 0
21 21 0
21 22 0
22 22 0
