20
6
8
9
10
4
2
4
2
3
9
6
1
7
4
1
5
1
3
8
5
0 0 0
0 1 0
0 2 0
0 3 0
0 4 0
0 5 0
0 6 18
0 7 22
0 8 22
0 9 21
0 10 20
0 11 21
0 12 19
0 13 20
0 14 22
0 15 20
0 16 21
0 17 20
0 18 22
0 19 20
0 20 20
0 21 18
0 22 19
0 23 20
0 24 24
0 25 20
0 26 21
0 27 24
0 28 20
0 29 23
0 30 21
0 31 23
0 32 21
0 33 20
0 34 20
0 35 17
0 36 18
0 37 19
0 38 21
0 39 21
0 40 17
0 41 17
0 42 20
0 43 21
0 44 19
0 45 23
0 46 20
0 47 18
0 48 21
0 49 21
0 50 20
0 51 19
0 52 20
0 53 20
0 54 20
0 55 19
0 56 23
0 57 20
0 58 23
0 59 17
0 60 18
0 61 17
0 62 21
0 63 20
0 64 22
0 65 22
0 66 22
0 67 18
0 68 20
0 69 21
0 70 20
0 71 22
0 72 19
0 73 19
0 74 21
0 75 20
0 76 23
0 77 17
0 78 20
0 79 23
0 80 21
0 81 21
0 82 22
0 83 19
0 84 18
0 85 19
0 86 15
0 87 17
0 88 21
0 89 22
0 90 20
0 91 17
0 92 21
0 93 22
0 94 18
0 95 23
0 96 16
0 97 21
1 1 0
1 2 0
1 3 0
1 4 0
1 5 0
1 6 21
1 7 19
1 8 18
1 9 19
1 10 20
1 11 22
1 12 19
1 13 18
1 14 21
1 15 17
1 16 24
1 17 19
1 18 22
1 19 20
1 20 19
1 21 19
1 22 19
1 23 19
1 24 20
1 25 20
1 26 18
1 27 18
1 28 22
1 29 19
1 30 18
1 31 21
1 32 20
1 33 20
1 34 21
1 35 14
1 36 21
1 37 21
1 38 22
1 39 23
1 40 22
1 41 21
1 42 24
1 43 21
1 44 23
1 45 21
1 46 20
1 47 18
1 48 19
1 49 18
1 50 23
1 51 21
1 52 22
1 53 19
1 54 23
1 55 21
1 56 19
1 57 22
1 58 23
1 59 21
1 60 17
1 61 19
1 62 22
1 63 19
1 64 18
1 65 21
1 66 18
1 67 22
1 68 20
1 69 17
1 70 18
1 71 18
1 72 20
1 73 20
1 74 20
1 75 17
1 76 19
1 77 18
1 78 22
1 79 21
1 80 18
1 81 21
1 82 20
1 83 18
1 84 19
1 85 20
1 86 18
1 87 21
1 88 20
1 89 21
1 90 23
1 91 20
1 92 23
1 93 22
1 94 22
1 95 23
1 96 19
1 97 17
2 2 0
2 3 0
2 4 0
2 5 0
2 6 23
2 7 20
2 8 17
2 9 17
2 10 22
2 11 20
2 12 19
2 13 19
2 14 18
2 15 21
2 16 18
2 17 24
2 18 19
2 19 18
2 20 23
2 21 19
2 22 22
2 23 24
2 24 17
2 25 24
2 26 23
2 27 19
2 28 20
2 29 19
2 30 21
2 31 20
2 32 20
2 33 17
2 34 19
2 35 22
2 36 22
2 37 20
2 38 20
2 39 21
2 40 20
2 41 18
2 42 17
2 43 19
2 44 25
2 45 18
2 46 19
2 47 19
2 48 17
2 49 20
2 50 19
2 51 21
2 52 18
2 53 21
2 54 23
2 55 22
2 56 21
2 57 18
2 58 18
2 59 25
2 60 15
2 61 18
2 62 19
2 63 22
2 64 23
2 65 20
2 66 20
2 67 19
2 68 19
2 69 19
2 70 22
2 71 19
2 72 23
2 73 19
2 74 18
2 75 21
2 76 20
2 77 19
2 78 23
2 79 19
2 80 20
2 81 20
2 82 22
2 83 21
2 84 19
2 85 20
2 86 24
2 87 21
2 88 24
2 89 17
2 90 19
2 91 15
2 92 19
2 93 22
2 94 20
2 95 22
2 96 21
2 97 18
3 3 0
3 4 0
3 5 0
3 6 21
3 7 21
3 8 21
3 9 20
3 10 19
3 11 19
3 12 18
3 13 23
3 14 21
3 15 20
3 16 23
3 17 19
3 18 20
3 19 19
3 20 20
3 21 18
3 22 24
3 23 20
3 24 21
3 25 21
3 26 23
3 27 24
3 28 17
3 29 22
3 30 24
3 31 20
3 32 18
3 33 17
3 34 17
3 35 20
3 36 19
3 37 16
3 38 21
3 39 22
3 40 19
3 41 22
3 42 19
3 43 20
3 44 20
3 45 17
3 46 17
3 47 21
3 48 18
3 49 22
3 50 21
3 51 18
3 52 21
3 53 20
3 54 17
3 55 22
3 56 19
3 57 21
3 58 19
3 59 17
3 60 20
3 61 19
3 62 19
3 63 19
3 64 23
3 65 18
3 66 18
3 67 19
3 68 20
3 69 21
3 70 22
3 71 18
3 72 21
3 73 18
3 74 20
3 75 20
3 76 18
3 77 23
3 78 20
3 79 21
3 80 20
3 81 19
3 82 19
3 83 24
3 84 23
3 85 18
3 86 18
3 87 19
3 88 23
3 89 22
3 90 21
3 91 18
3 92 19
3 93 20
3 94 20
3 95 21
3 96 21
3 97 21
4 4 0
4 5 0
4 6 22
4 7 23
4 8 22
4 9 21
4 10 20
4 11 19
4 12 20
4 13 19
4 14 17
4 15 23
4 16 22
4 17 19
4 18 19
4 19 20
4 20 19
4 21 21
4 22 21
4 23 20
4 24 20
4 25 23
4 26 18
4 27 19
4 28 18
4 29 20
4 30 15
4 31 19
4 32 19
4 33 17
4 34 21
4 35 18
4 36 19
4 37 23
4 38 19
4 39 18
4 40 18
4 41 21
4 42 19
4 43 21
4 44 21
4 45 20
4 46 20
4 47 18
4 48 19
4 49 18
4 50 20
4 51 18
4 52 21
4 53 19
4 54 21
4 55 21
4 56 21
4 57 22
4 58 19
4 59 22
4 60 21
4 61 21
4 62 22
4 63 19
4 64 24
4 65 20
4 66 18
4 67 21
4 68 19
4 69 21
4 70 22
4 71 20
4 72 21
4 73 19
4 74 19
4 75 18
4 76 17
4 77 19
4 78 18
4 79 19
4 80 17
4 81 22
4 82 19
4 83 20
4 84 21
4 85 20
4 86 19
4 87 18
4 88 18
4 89 23
4 90 21
4 91 22
4 92 21
4 93 25
4 94 21
4 95 19
4 96 23
4 97 18
5 5 0
5 6 19
5 7 19
5 8 18
5 9 20
5 10 17
5 11 19
5 12 14
5 13 23
5 14 19
5 15 21
5 16 20
5 17 21
5 18 22
5 19 22
5 20 20
5 21 18
5 22 22
5 23 19
5 24 18
5 25 18
5 26 21
5 27 18
5 28 19
5 29 19
5 30 21
5 31 18
5 32 20
5 33 18
5 34 23
5 35 20
5 36 18
5 37 23
5 38 22
5 39 19
5 40 22
5 41 21
5 42 22
5 43 20
5 44 15
5 45 19
5 46 20
5 47 22
5 48 21
5 49 22
5 50 23
5 51 21
5 52 19
5 53 22
5 54 16
5 55 19
5 56 23
5 57 17
5 58 17
5 59 17
5 60 19
5 61 20
5 62 20
5 63 21
5 64 21
5 65 21
5 66 19
5 67 20
5 68 18
5 69 20
5 70 20
5 71 23
5 72 23
5 73 20
5 74 22
5 75 21
5 76 19
5 77 19
5 78 16
5 79 21
5 80 18
5 81 22
5 82 23
5 83 19
5 84 22
5 85 19
5 86 18
5 87 22
5 88 19
5 89 24
5 90 21
5 91 21
5 92 22
5 93 20
5 94 22
5 95 19
5 96 19
5 97 22
6 6 0
6 7 0
6 8 0
6 9 0
6 10 0
6 11 0
6 12 0
6 13 0
6 14 18
6 15 19
6 16 22
6 17 18
6 18 21
6 19 18
6 20 21
6 21 20
6 22 18
6 23 17
6 24 20
6 25 17
6 26 22
6 27 19
6 28 20
6 29 18
6 30 19
6 31 24
6 32 19
6 33 19
6 34 18
6 35 24
6 36 17
6 37 24
6 38 17
6 39 22
6 40 13
6 41 19
6 42 19
6 43 20
6 44 24
6 45 19
6 46 21
6 47 22
6 48 18
6 49 19
6 50 19
6 51 20
6 52 17
6 53 20
6 54 18
6 55 18
6 56 19
6 57 19
6 58 20
6 59 21
6 60 19
6 61 21
6 62 23
6 63 20
6 64 20
6 65 19
6 66 21
6 67 22
6 68 23
6 69 20
6 70 21
6 71 20
6 72 21
6 73 19
6 74 16
6 75 17
6 76 20
6 77 20
6 78 23
6 79 19
6 80 20
6 81 23
6 82 23
6 83 19
6 84 18
6 85 21
6 86 23
6 87 22
6 88 20
6 89 16
6 90 23
6 91 18
6 92 16
6 93 22
6 94 21
6 95 16
6 96 19
6 97 19
7 7 0
7 8 0
7 9 0
7 10 0
7 11 0
7 12 0
7 13 0
7 14 19
7 15 25
7 16 21
7 17 22
7 18 20
7 19 20
7 20 19
7 21 18
7 22 17
7 23 21
7 24 22
7 25 23
7 26 19
7 27 20
7 28 17
7 29 21
7 30 20
7 31 22
7 32 22
7 33 23
7 34 17
7 35 22
7 36 20
7 37 20
7 38 16
7 39 18
7 40 23
7 41 17
7 42 18
7 43 18
7 44 20
7 45 18
7 46 26
7 47 22
7 48 19
7 49 17
7 50 17
7 51 21
7 52 15
7 53 24
7 54 17
7 55 21
7 56 21
7 57 20
7 58 21
7 59 17
7 60 22
7 61 21
7 62 22
7 63 21
7 64 16
7 65 18
7 66 16
7 67 21
7 68 16
7 69 18
7 70 23
7 71 21
7 72 17
7 73 21
7 74 21
7 75 17
7 76 20
7 77 21
7 78 23
7 79 22
7 80 18
7 81 18
7 82 19
7 83 19
7 84 21
7 85 21
7 86 17
7 87 17
7 88 20
7 89 22
7 90 20
7 91 20
7 92 21
7 93 20
7 94 17
7 95 20
7 96 18
7 97 21
8 8 0
8 9 0
8 10 0
8 11 0
8 12 0
8 13 0
8 14 18
8 15 19
8 16 18
8 17 19
8 18 19
8 19 19
8 20 19
8 21 20
8 22 23
8 23 20
8 24 20
8 25 20
8 26 26
8 27 21
8 28 22
8 29 21
8 30 20
8 31 21
8 32 21
8 33 21
8 34 17
8 35 23
8 36 19
8 37 22
8 38 21
8 39 22
8 40 17
8 41 20
8 42 19
8 43 16
8 44 20
8 45 19
8 46 18
8 47 18
8 48 21
8 49 17
8 50 21
8 51 22
8 52 21
8 53 20
8 54 22
8 55 21
8 56 19
8 57 17
8 58 18
8 59 20
8 60 20
8 61 19
8 62 19
8 63 22
8 64 22
8 65 21
8 66 22
8 67 20
8 68 20
8 69 21
8 70 20
8 71 19
8 72 18
8 73 20
8 74 23
8 75 20
8 76 18
8 77 19
8 78 18
8 79 20
8 80 20
8 81 19
8 82 22
8 83 19
8 84 17
8 85 23
8 86 21
8 87 21
8 88 20
8 89 20
8 90 24
8 91 18
8 92 19
8 93 20
8 94 20
8 95 18
8 96 18
8 97 23
9 9 0
9 10 0
9 11 0
9 12 0
9 13 0
9 14 21
9 15 20
9 16 18
9 17 19
9 18 17
9 19 19
9 20 18
9 21 22
9 22 21
9 23 22
9 24 20
9 25 21
9 26 19
9 27 18
9 28 20
9 29 18
9 30 21
9 31 21
9 32 19
9 33 19
9 34 18
9 35 20
9 36 19
9 37 23
9 38 21
9 39 22
9 40 20
9 41 21
9 42 17
9 43 20
9 44 17
9 45 18
9 46 16
9 47 21
9 48 22
9 49 20
9 50 20
9 51 21
9 52 16
9 53 18
9 54 22
9 55 18
9 56 21
9 57 23
9 58 22
9 59 19
9 60 22
9 61 20
9 62 22
9 63 20
9 64 23
9 65 18
9 66 20
9 67 23
9 68 22
9 69 20
9 70 21
9 71 22
9 72 17
9 73 22
9 74 19
9 75 18
9 76 19
9 77 21
9 78 21
9 79 21
9 80 20
9 81 20
9 82 20
9 83 21
9 84 18
9 85 21
9 86 22
9 87 18
9 88 21
9 89 20
9 90 17
9 91 20
9 92 24
9 93 21
9 94 19
9 95 21
9 96 22
9 97 18
10 10 0
10 11 0
10 12 0
10 13 0
10 14 18
10 15 21
10 16 18
10 17 18
10 18 21
10 19 19
10 20 25
10 21 20
10 22 22
10 23 21
10 24 19
10 25 22
10 26 23
10 27 19
10 28 23
10 29 25
10 30 25
10 31 21
10 32 17
10 33 21
10 34 20
10 35 22
10 36 18
10 37 21
10 38 25
10 39 18
10 40 18
10 41 20
10 42 18
10 43 22
10 44 21
10 45 22
10 46 20
10 47 19
10 48 20
10 49 21
10 50 22
10 51 16
10 52 22
10 53 21
10 54 21
10 55 21
10 56 20
10 57 21
10 58 18
10 59 23
10 60 20
10 61 20
10 62 20
10 63 22
10 64 20
10 65 21
10 66 18
10 67 16
10 68 22
10 69 19
10 70 19
10 71 21
10 72 19
10 73 23
10 74 19
10 75 22
10 76 19
10 77 20
10 78 17
10 79 23
10 80 22
10 81 18
10 82 18
10 83 25
10 84 19
10 85 19
10 86 21
10 87 19
10 88 22
10 89 22
10 90 19
10 91 24
10 92 22
10 93 17
10 94 22
10 95 18
10 96 19
10 97 20
11 11 0
11 12 0
11 13 0
11 14 17
11 15 21
11 16 20
11 17 20
11 18 21
11 19 21
11 20 23
11 21 22
11 22 21
11 23 18
11 24 20
11 25 16
11 26 22
11 27 20
11 28 22
11 29 21
11 30 22
11 31 21
11 32 21
11 33 18
11 34 21
11 35 20
11 36 24
11 37 17
11 38 19
11 39 20
11 40 20
11 41 19
11 42 22
11 43 21
11 44 20
11 45 20
11 46 20
11 47 22
11 48 19
11 49 22
11 50 21
11 51 21
11 52 20
11 53 20
11 54 20
11 55 20
11 56 21
11 57 19
11 58 17
11 59 23
11 60 19
11 61 20
11 62 20
11 63 18
11 64 21
11 65 21
11 66 23
11 67 22
11 68 21
11 69 20
11 70 22
11 71 22
11 72 20
11 73 24
11 74 23
11 75 20
11 76 19
11 77 23
11 78 19
11 79 18
11 80 21
11 81 23
11 82 20
11 83 22
11 84 21
11 85 20
11 86 20
11 87 19
11 88 21
11 89 21
11 90 17
11 91 19
11 92 19
11 93 22
11 94 21
11 95 26
11 96 20
11 97 19
12 12 0
12 13 0
12 14 23
12 15 19
12 16 17
12 17 19
12 18 21
12 19 18
12 20 21
12 21 20
12 22 22
12 23 19
12 24 19
12 25 18
12 26 21
12 27 21
12 28 17
12 29 23
12 30 21
12 31 19
12 32 18
12 33 21
12 34 22
12 35 18
12 36 19
12 37 22
12 38 20
12 39 20
12 40 21
12 41 18
12 42 24
12 43 21
12 44 21
12 45 18
12 46 17
12 47 17
12 48 26
12 49 19
12 50 20
12 51 17
12 52 14
12 53 22
12 54 18
12 55 18
12 56 17
12 57 20
12 58 20
12 59 18
12 60 20
12 61 23
12 62 20
12 63 18
12 64 19
12 65 21
12 66 19
12 67 13
12 68 24
12 69 18
12 70 20
12 71 23
12 72 22
12 73 18
12 74 23
12 75 24
12 76 22
12 77 17
12 78 17
12 79 21
12 80 18
12 81 22
12 82 21
12 83 18
12 84 21
12 85 18
12 86 17
12 87 20
12 88 22
12 89 17
12 90 21
12 91 22
12 92 21
12 93 25
12 94 21
12 95 23
12 96 19
12 97 21
13 13 0
13 14 17
13 15 21
13 16 21
13 17 19
13 18 17
13 19 21
13 20 22
13 21 18
13 22 23
13 23 23
13 24 22
13 25 15
13 26 22
13 27 19
13 28 22
13 29 20
13 30 22
13 31 22
13 32 21
13 33 20
13 34 22
13 35 19
13 36 23
13 37 16
13 38 18
13 39 18
13 40 17
13 41 23
13 42 20
13 43 21
13 44 18
13 45 22
13 46 19
13 47 17
13 48 22
13 49 22
13 50 20
13 51 25
13 52 17
13 53 24
13 54 22
13 55 18
13 56 23
13 57 21
13 58 19
13 59 19
13 60 20
13 61 20
13 62 20
13 63 19
13 64 18
13 65 21
13 66 21
13 67 22
13 68 18
13 69 21
13 70 17
13 71 18
13 72 19
13 73 22
13 74 21
13 75 20
13 76 19
13 77 20
13 78 21
13 79 19
13 80 18
13 81 21
13 82 19
13 83 18
13 84 21
13 85 21
13 86 20
13 87 20
13 88 19
13 89 16
13 90 23
13 91 22
13 92 24
13 93 18
13 94 19
13 95 22
13 96 21
13 97 22
14 14 0
14 15 0
14 16 0
14 17 0
14 18 0
14 19 0
14 20 0
14 21 0
14 22 0
14 23 15
14 24 17
14 25 20
14 26 20
14 27 18
14 28 18
14 29 18
14 30 18
14 31 20
14 32 21
14 33 25
14 34 20
14 35 20
14 36 19
14 37 20
14 38 21
14 39 20
14 40 21
14 41 22
14 42 21
14 43 20
14 44 19
14 45 20
14 46 22
14 47 19
14 48 18
14 49 21
14 50 17
14 51 21
14 52 21
14 53 19
14 54 20
14 55 19
14 56 21
14 57 18
14 58 18
14 59 19
14 60 18
14 61 21
14 62 18
14 63 22
14 64 22
14 65 19
14 66 18
14 67 19
14 68 19
14 69 22
14 70 19
14 71 16
14 72 19
14 73 20
14 74 17
14 75 21
14 76 21
14 77 18
14 78 21
14 79 19
14 80 18
14 81 20
14 82 17
14 83 22
14 84 21
14 85 20
14 86 24
14 87 20
14 88 19
14 89 20
14 90 19
14 91 20
14 92 23
14 93 22
14 94 17
14 95 20
14 96 19
14 97 20
15 15 0
15 16 0
15 17 0
15 18 0
15 19 0
15 20 0
15 21 0
15 22 0
15 23 22
15 24 22
15 25 18
15 26 21
15 27 21
15 28 19
15 29 19
15 30 21
15 31 18
15 32 19
15 33 22
15 34 22
15 35 21
15 36 20
15 37 19
15 38 19
15 39 19
15 40 24
15 41 16
15 42 19
15 43 19
15 44 18
15 45 20
15 46 18
15 47 19
15 48 20
15 49 17
15 50 20
15 51 20
15 52 19
15 53 20
15 54 21
15 55 19
15 56 20
15 57 20
15 58 22
15 59 19
15 60 21
15 61 25
15 62 20
15 63 13
15 64 18
15 65 15
15 66 19
15 67 24
15 68 18
15 69 18
15 70 23
15 71 24
15 72 21
15 73 24
15 74 19
15 75 19
15 76 25
15 77 23
15 78 20
15 79 21
15 80 17
15 81 20
15 82 19
15 83 19
15 84 16
15 85 21
15 86 20
15 87 19
15 88 20
15 89 17
15 90 17
15 91 18
15 92 22
15 93 19
15 94 22
15 95 21
15 96 22
15 97 19
16 16 0
16 17 0
16 18 0
16 19 0
16 20 0
16 21 0
16 22 0
16 23 25
16 24 20
16 25 21
16 26 20
16 27 20
16 28 22
16 29 18
16 30 18
16 31 18
16 32 20
16 33 20
16 34 21
16 35 19
16 36 19
16 37 19
16 38 21
16 39 21
16 40 19
16 41 16
16 42 21
16 43 18
16 44 20
16 45 22
16 46 19
16 47 19
16 48 18
16 49 18
16 50 17
16 51 21
16 52 20
16 53 20
16 54 19
16 55 20
16 56 22
16 57 22
16 58 18
16 59 19
16 60 22
16 61 21
16 62 17
16 63 21
16 64 23
16 65 20
16 66 21
16 67 21
16 68 22
16 69 19
16 70 18
16 71 17
16 72 21
16 73 19
16 74 21
16 75 21
16 76 22
16 77 21
16 78 20
16 79 16
16 80 17
16 81 22
16 82 19
16 83 17
16 84 18
16 85 18
16 86 20
16 87 23
16 88 21
16 89 18
16 90 22
16 91 17
16 92 20
16 93 19
16 94 20
16 95 20
16 96 19
16 97 19
17 17 0
17 18 0
17 19 0
17 20 0
17 21 0
17 22 0
17 23 19
17 24 19
17 25 22
17 26 23
17 27 19
17 28 18
17 29 16
17 30 20
17 31 18
17 32 20
17 33 22
17 34 21
17 35 22
17 36 23
17 37 20
17 38 18
17 39 20
17 40 22
17 41 21
17 42 22
17 43 20
17 44 20
17 45 19
17 46 20
17 47 18
17 48 15
17 49 24
17 50 23
17 51 19
17 52 18
17 53 17
17 54 24
17 55 22
17 56 21
17 57 21
17 58 21
17 59 20
17 60 20
17 61 22
17 62 17
17 63 18
17 64 20
17 65 20
17 66 22
17 67 20
17 68 18
17 69 20
17 70 19
17 71 26
17 72 20
17 73 25
17 74 20
17 75 20
17 76 20
17 77 22
17 78 23
17 79 19
17 80 20
17 81 18
17 82 17
17 83 22
17 84 21
17 85 22
17 86 21
17 87 21
17 88 22
17 89 23
17 90 23
17 91 20
17 92 18
17 93 22
17 94 22
17 95 19
17 96 19
17 97 22
18 18 0
18 19 0
18 20 0
18 21 0
18 22 0
18 23 22
18 24 21
18 25 23
18 26 23
18 27 18
18 28 21
18 29 21
18 30 18
18 31 23
18 32 19
18 33 18
18 34 22
18 35 21
18 36 21
18 37 22
18 38 17
18 39 23
18 40 19
18 41 22
18 42 21
18 43 19
18 44 15
18 45 19
18 46 23
18 47 19
18 48 22
18 49 18
18 50 18
18 51 17
18 52 20
18 53 18
18 54 21
18 55 21
18 56 19
18 57 21
18 58 21
18 59 22
18 60 20
18 61 18
18 62 21
18 63 20
18 64 21
18 65 18
18 66 22
18 67 21
18 68 20
18 69 20
18 70 13
18 71 22
18 72 20
18 73 15
18 74 25
18 75 15
18 76 16
18 77 20
18 78 23
18 79 18
18 80 22
18 81 19
18 82 20
18 83 21
18 84 21
18 85 23
18 86 22
18 87 20
18 88 21
18 89 18
18 90 19
18 91 18
18 92 17
18 93 22
18 94 20
18 95 24
18 96 19
18 97 19
19 19 0
19 20 0
19 21 0
19 22 0
19 23 21
19 24 21
19 25 17
19 26 19
19 27 26
19 28 21
19 29 18
19 30 17
19 31 19
19 32 18
19 33 21
19 34 21
19 35 19
19 36 16
19 37 21
19 38 19
19 39 21
19 40 18
19 41 18
19 42 20
19 43 18
19 44 20
19 45 17
19 46 23
19 47 23
19 48 18
19 49 20
19 50 21
19 51 21
19 52 23
19 53 22
19 54 20
19 55 20
19 56 21
19 57 20
19 58 17
19 59 19
19 60 19
19 61 20
19 62 18
19 63 20
19 64 20
19 65 18
19 66 19
19 67 20
19 68 24
19 69 21
19 70 19
19 71 22
19 72 19
19 73 18
19 74 22
19 75 22
19 76 21
19 77 22
19 78 21
19 79 24
19 80 19
19 81 18
19 82 21
19 83 19
19 84 18
19 85 18
19 86 20
19 87 18
19 88 18
19 89 18
19 90 21
19 91 22
19 92 18
19 93 19
19 94 22
19 95 20
19 96 20
19 97 20
20 20 0
20 21 0
20 22 0
20 23 18
20 24 18
20 25 18
20 26 24
20 27 22
20 28 21
20 29 20
20 30 20
20 31 18
20 32 21
20 33 18
20 34 21
20 35 18
20 36 21
20 37 20
20 38 21
20 39 22
20 40 17
20 41 19
20 42 21
20 43 20
20 44 20
20 45 23
20 46 20
20 47 21
20 48 23
20 49 19
20 50 22
20 51 21
20 52 20
20 53 17
20 54 20
20 55 22
20 56 21
20 57 15
20 58 21
20 59 16
20 60 19
20 61 20
20 62 19
20 63 19
20 64 20
20 65 20
20 66 23
20 67 18
20 68 21
20 69 19
20 70 23
20 71 21
20 72 20
20 73 19
20 74 22
20 75 22
20 76 17
20 77 19
20 78 20
20 79 20
20 80 21
20 81 18
20 82 18
20 83 21
20 84 20
20 85 20
20 86 21
20 87 20
20 88 21
20 89 18
20 90 18
20 91 19
20 92 23
20 93 18
20 94 19
20 95 17
20 96 17
20 97 24
21 21 0
21 22 0
21 23 18
21 24 21
21 25 19
21 26 21
21 27 21
21 28 19
21 29 21
21 30 21
21 31 23
21 32 19
21 33 21
21 34 17
21 35 19
21 36 19
21 37 17
21 38 20
21 39 22
21 40 21
21 41 18
21 42 22
21 43 20
21 44 19
21 45 21
21 46 20
21 47 20
21 48 18
21 49 20
21 50 21
21 51 21
21 52 23
21 53 19
21 54 22
21 55 20
21 56 24
21 57 23
21 58 21
21 59 19
21 60 20
21 61 20
21 62 20
21 63 19
21 64 20
21 65 19
21 66 20
21 67 20
21 68 22
21 69 21
21 70 21
21 71 17
21 72 18
21 73 21
21 74 22
21 75 17
21 76 20
21 77 19
21 78 25
21 79 20
21 80 22
21 81 19
21 82 19
21 83 18
21 84 20
21 85 20
21 86 18
21 87 19
21 88 21
21 89 18
21 90 18
21 91 20
21 92 24
21 93 17
21 94 21
21 95 20
21 96 22
21 97 18
22 22 0
22 23 22
22 24 21
22 25 21
22 26 22
22 27 18
22 28 18
22 29 22
22 30 20
22 31 20
22 32 20
22 33 24
22 34 21
22 35 21
22 36 20
22 37 19
22 38 20
22 39 22
22 40 20
22 41 18
22 42 19
22 43 18
22 44 20
22 45 20
22 46 17
22 47 23
22 48 18
22 49 15
22 50 20
22 51 22
22 52 21
22 53 16
22 54 18
22 55 20
22 56 19
22 57 22
22 58 20
22 59 20
22 60 16
22 61 18
22 62 19
22 63 19
22 64 19
22 65 21
22 66 17
22 67 21
22 68 18
22 69 16
22 70 19
22 71 22
22 72 21
22 73 18
22 74 27
22 75 22
22 76 24
22 77 23
22 78 22
22 79 20
22 80 19
22 81 17
22 82 22
22 83 26
22 84 19
22 85 17
22 86 16
22 87 22
22 88 18
22 89 21
22 90 18
22 91 24
22 92 19
22 93 17
22 94 21
22 95 19
22 96 20
22 97 20
23 23 0
23 24 0
23 25 0
23 26 0
23 27 0
23 28 0
23 29 0
23 30 0
23 31 0
23 32 0
23 33 19
23 34 18
23 35 21
23 36 18
23 37 19
23 38 21
23 39 20
23 40 20
23 41 19
23 42 22
23 43 22
23 44 21
23 45 21
23 46 22
23 47 21
23 48 17
23 49 17
23 50 19
23 51 21
23 52 20
23 53 19
23 54 18
23 55 23
23 56 24
23 57 19
23 58 20
23 59 17
23 60 19
23 61 20
23 62 22
23 63 18
23 64 16
23 65 20
23 66 22
23 67 21
23 68 22
23 69 21
23 70 19
23 71 18
23 72 21
23 73 23
23 74 21
23 75 22
23 76 22
23 77 16
23 78 24
23 79 18
23 80 16
23 81 18
23 82 19
23 83 20
23 84 22
23 85 21
23 86 22
23 87 20
23 88 21
23 89 19
23 90 21
23 91 25
23 92 20
23 93 20
23 94 23
23 95 22
23 96 19
23 97 19
24 24 0
24 25 0
24 26 0
24 27 0
24 28 0
24 29 0
24 30 0
24 31 0
24 32 0
24 33 18
24 34 15
24 35 18
24 36 19
24 37 20
24 38 21
24 39 20
24 40 19
24 41 21
24 42 22
24 43 23
24 44 19
24 45 20
24 46 19
24 47 20
24 48 20
24 49 21
24 50 22
24 51 17
24 52 16
24 53 22
24 54 19
24 55 20
24 56 22
24 57 20
24 58 18
24 59 19
24 60 19
24 61 22
24 62 21
24 63 19
24 64 19
24 65 20
24 66 23
24 67 21
24 68 21
24 69 18
24 70 21
24 71 20
24 72 18
24 73 20
24 74 18
24 75 19
24 76 19
24 77 18
24 78 21
24 79 17
24 80 21
24 81 22
24 82 18
24 83 22
24 84 20
24 85 17
24 86 23
24 87 19
24 88 20
24 89 19
24 90 22
24 91 22
24 92 22
24 93 18
24 94 21
24 95 20
24 96 19
24 97 18
25 25 0
25 26 0
25 27 0
25 28 0
25 29 0
25 30 0
25 31 0
25 32 0
25 33 22
25 34 22
25 35 22
25 36 19
25 37 21
25 38 22
25 39 16
25 40 19
25 41 21
25 42 21
25 43 20
25 44 19
25 45 19
25 46 17
25 47 23
25 48 22
25 49 20
25 50 17
25 51 18
25 52 20
25 53 18
25 54 19
25 55 22
25 56 18
25 57 18
25 58 19
25 59 21
25 60 20
25 61 22
25 62 16
25 63 18
25 64 22
25 65 18
25 66 17
25 67 17
25 68 22
25 69 21
25 70 20
25 71 20
25 72 20
25 73 15
25 74 19
25 75 19
25 76 21
25 77 23
25 78 21
25 79 21
25 80 20
25 81 20
25 82 20
25 83 23
25 84 18
25 85 19
25 86 19
25 87 22
25 88 21
25 89 17
25 90 18
25 91 19
25 92 21
25 93 23
25 94 20
25 95 21
25 96 18
25 97 20
26 26 0
26 27 0
26 28 0
26 29 0
26 30 0
26 31 0
26 32 0
26 33 22
26 34 21
26 35 20
26 36 18
26 37 20
26 38 19
26 39 24
26 40 22
26 41 20
26 42 20
26 43 19
26 44 20
26 45 21
26 46 19
26 47 21
26 48 19
26 49 22
26 50 20
26 51 19
26 52 22
26 53 17
26 54 21
26 55 17
26 56 20
26 57 20
26 58 20
26 59 18
26 60 20
26 61 19
26 62 18
26 63 23
26 64 20
26 65 18
26 66 21
26 67 20
26 68 20
26 69 18
26 70 18
26 71 22
26 72 22
26 73 22
26 74 18
26 75 20
26 76 22
26 77 21
26 78 24
26 79 20
26 80 19
26 81 19
26 82 18
26 83 21
26 84 20
26 85 17
26 86 20
26 87 23
26 88 21
26 89 20
26 90 17
26 91 21
26 92 21
26 93 20
26 94 17
26 95 22
26 96 17
26 97 16
27 27 0
27 28 0
27 29 0
27 30 0
27 31 0
27 32 0
27 33 19
27 34 20
27 35 19
27 36 22
27 37 20
27 38 20
27 39 19
27 40 22
27 41 19
27 42 19
27 43 20
27 44 22
27 45 23
27 46 21
27 47 25
27 48 21
27 49 23
27 50 18
27 51 19
27 52 21
27 53 22
27 54 23
27 55 17
27 56 19
27 57 21
27 58 20
27 59 20
27 60 20
27 61 17
27 62 21
27 63 21
27 64 19
27 65 25
27 66 22
27 67 18
27 68 19
27 69 21
27 70 19
27 71 22
27 72 19
27 73 18
27 74 21
27 75 17
27 76 18
27 77 20
27 78 20
27 79 17
27 80 20
27 81 18
27 82 20
27 83 21
27 84 22
27 85 22
27 86 21
27 87 18
27 88 20
27 89 22
27 90 19
27 91 22
27 92 19
27 93 19
27 94 20
27 95 18
27 96 22
27 97 18
28 28 0
28 29 0
28 30 0
28 31 0
28 32 0
28 33 21
28 34 22
28 35 18
28 36 19
28 37 21
28 38 19
28 39 19
28 40 18
28 41 22
28 42 20
28 43 21
28 44 20
28 45 20
28 46 22
28 47 18
28 48 21
28 49 21
28 50 20
28 51 18
28 52 22
28 53 20
28 54 17
28 55 21
28 56 19
28 57 18
28 58 22
28 59 22
28 60 19
28 61 20
28 62 24
28 63 23
28 64 21
28 65 21
28 66 19
28 67 19
28 68 17
28 69 19
28 70 18
28 71 21
28 72 20
28 73 20
28 74 19
28 75 20
28 76 21
28 77 16
28 78 20
28 79 20
28 80 19
28 81 24
28 82 24
28 83 22
28 84 25
28 85 19
28 86 17
28 87 18
28 88 19
28 89 18
28 90 20
28 91 21
28 92 18
28 93 25
28 94 22
28 95 21
28 96 17
28 97 21
29 29 0
29 30 0
29 31 0
29 32 0
29 33 22
29 34 18
29 35 18
29 36 21
29 37 22
29 38 18
29 39 15
29 40 20
29 41 22
29 42 19
29 43 20
29 44 21
29 45 17
29 46 20
29 47 21
29 48 22
29 49 19
29 50 18
29 51 18
29 52 21
29 53 18
29 54 22
29 55 21
29 56 20
29 57 17
29 58 21
29 59 20
29 60 22
29 61 17
29 62 19
29 63 24
29 64 18
29 65 22
29 66 17
29 67 19
29 68 21
29 69 22
29 70 21
29 71 22
29 72 23
29 73 18
29 74 22
29 75 17
29 76 17
29 77 21
29 78 20
29 79 20
29 80 20
29 81 22
29 82 19
29 83 24
29 84 20
29 85 21
29 86 18
29 87 20
29 88 21
29 89 20
29 90 17
29 91 20
29 92 18
29 93 18
29 94 16
29 95 18
29 96 24
29 97 20
30 30 0
30 31 0
30 32 0
30 33 21
30 34 20
30 35 18
30 36 24
30 37 20
30 38 19
30 39 19
30 40 22
30 41 20
30 42 19
30 43 22
30 44 19
30 45 20
30 46 15
30 47 20
30 48 19
30 49 20
30 50 21
30 51 17
30 52 19
30 53 18
30 54 19
30 55 19
30 56 19
30 57 26
30 58 24
30 59 19
30 60 15
30 61 18
30 62 20
30 63 19
30 64 21
30 65 20
30 66 20
30 67 19
30 68 18
30 69 19
30 70 20
30 71 23
30 72 18
30 73 20
30 74 20
30 75 22
30 76 18
30 77 19
30 78 19
30 79 13
30 80 20
30 81 18
30 82 23
30 83 19
30 84 19
30 85 18
30 86 18
30 87 19
30 88 26
30 89 20
30 90 20
30 91 21
30 92 20
30 93 21
30 94 21
30 95 20
30 96 20
30 97 21
31 31 0
31 32 0
31 33 17
31 34 22
31 35 23
31 36 20
31 37 20
31 38 23
31 39 20
31 40 20
31 41 18
31 42 18
31 43 20
31 44 18
31 45 23
31 46 20
31 47 19
31 48 23
31 49 21
31 50 21
31 51 18
31 52 20
31 53 19
31 54 18
31 55 20
31 56 20
31 57 20
31 58 19
31 59 17
31 60 15
31 61 19
31 62 18
31 63 22
31 64 20
31 65 19
31 66 22
31 67 20
31 68 20
31 69 20
31 70 19
31 71 24
31 72 24
31 73 21
31 74 19
31 75 17
31 76 22
31 77 22
31 78 23
31 79 19
31 80 20
31 81 20
31 82 20
31 83 17
31 84 19
31 85 23
31 86 18
31 87 20
31 88 20
31 89 22
31 90 20
31 91 20
31 92 17
31 93 21
31 94 20
31 95 18
31 96 21
31 97 17
32 32 0
32 33 19
32 34 22
32 35 15
32 36 21
32 37 24
32 38 22
32 39 20
32 40 20
32 41 22
32 42 23
32 43 16
32 44 20
32 45 18
32 46 20
32 47 17
32 48 21
32 49 19
32 50 21
32 51 22
32 52 19
32 53 20
32 54 19
32 55 22
32 56 17
32 57 17
32 58 21
32 59 20
32 60 20
32 61 19
32 62 20
32 63 22
32 64 20
32 65 18
32 66 24
32 67 20
32 68 24
32 69 21
32 70 22
32 71 20
32 72 23
32 73 20
32 74 20
32 75 22
32 76 19
32 77 22
32 78 24
32 79 18
32 80 21
32 81 19
32 82 18
32 83 19
32 84 21
32 85 21
32 86 19
32 87 18
32 88 19
32 89 17
32 90 18
32 91 17
32 92 20
32 93 23
32 94 17
32 95 23
32 96 19
32 97 17
33 33 0
33 34 0
33 35 0
33 36 0
33 37 23
33 38 23
33 39 21
33 40 17
33 41 24
33 42 21
33 43 23
33 44 21
33 45 21
33 46 22
33 47 19
33 48 21
33 49 16
33 50 19
33 51 19
33 52 18
33 53 14
33 54 18
33 55 21
33 56 21
33 57 20
33 58 21
33 59 22
33 60 18
33 61 20
33 62 21
33 63 20
33 64 22
33 65 21
33 66 21
33 67 19
33 68 17
33 69 17
33 70 18
33 71 16
33 72 21
33 73 20
33 74 20
33 75 20
33 76 19
33 77 20
33 78 21
33 79 21
33 80 23
33 81 18
33 82 22
33 83 21
33 84 19
33 85 14
33 86 19
33 87 21
33 88 18
33 89 18
33 90 25
33 91 21
33 92 19
33 93 17
33 94 16
33 95 23
33 96 23
33 97 18
34 34 0
34 35 0
34 36 0
34 37 19
34 38 20
34 39 21
34 40 21
34 41 19
34 42 19
34 43 19
34 44 17
34 45 21
34 46 21
34 47 22
34 48 20
34 49 21
34 50 21
34 51 24
34 52 20
34 53 18
34 54 21
34 55 19
34 56 18
34 57 22
34 58 20
34 59 20
34 60 21
34 61 20
34 62 18
34 63 18
34 64 21
34 65 21
34 66 18
34 67 21
34 68 22
34 69 19
34 70 16
34 71 18
34 72 19
34 73 26
34 74 19
34 75 20
34 76 24
34 77 18
34 78 20
34 79 22
34 80 22
34 81 17
34 82 18
34 83 20
34 84 22
34 85 22
34 86 18
34 87 20
34 88 21
34 89 19
34 90 20
34 91 22
34 92 18
34 93 20
34 94 22
34 95 19
34 96 22
34 97 21
35 35 0
35 36 0
35 37 18
35 38 21
35 39 15
35 40 24
35 41 20
35 42 21
35 43 21
35 44 20
35 45 20
35 46 16
35 47 24
35 48 19
35 49 17
35 50 19
35 51 19
35 52 19
35 53 19
35 54 20
35 55 24
35 56 24
35 57 23
35 58 20
35 59 23
35 60 20
35 61 19
35 62 19
35 63 22
35 64 19
35 65 21
35 66 20
35 67 20
35 68 22
35 69 22
35 70 22
35 71 22
35 72 18
35 73 20
35 74 19
35 75 19
35 76 18
35 77 25
35 78 23
35 79 21
35 80 17
35 81 20
35 82 20
35 83 22
35 84 18
35 85 17
35 86 19
35 87 18
35 88 20
35 89 18
35 90 18
35 91 17
35 92 21
35 93 17
35 94 19
35 95 20
35 96 19
35 97 20
36 36 0
36 37 21
36 38 18
36 39 20
36 40 23
36 41 20
36 42 17
36 43 19
36 44 18
36 45 19
36 46 20
36 47 21
36 48 17
36 49 21
36 50 21
36 51 15
36 52 20
36 53 15
36 54 20
36 55 20
36 56 18
36 57 18
36 58 20
36 59 23
36 60 17
36 61 20
36 62 20
36 63 20
36 64 19
36 65 19
36 66 23
36 67 19
36 68 22
36 69 19
36 70 21
36 71 22
36 72 21
36 73 20
36 74 19
36 75 18
36 76 18
36 77 19
36 78 20
36 79 18
36 80 19
36 81 21
36 82 18
36 83 21
36 84 18
36 85 22
36 86 18
36 87 17
36 88 20
36 89 18
36 90 24
36 91 23
36 92 23
36 93 22
36 94 20
36 95 22
36 96 17
36 97 21
37 37 0
37 38 0
37 39 20
37 40 23
37 41 23
37 42 20
37 43 22
37 44 15
37 45 20
37 46 19
37 47 26
37 48 20
37 49 20
37 50 22
37 51 21
37 52 19
37 53 24
37 54 18
37 55 21
37 56 19
37 57 16
37 58 18
37 59 20
37 60 19
37 61 17
37 62 23
37 63 19
37 64 22
37 65 21
37 66 21
37 67 22
37 68 21
37 69 18
37 70 20
37 71 16
37 72 19
37 73 16
37 74 17
37 75 20
37 76 21
37 77 19
37 78 19
37 79 23
37 80 19
37 81 20
37 82 19
37 83 23
37 84 21
37 85 21
37 86 21
37 87 20
37 88 20
37 89 21
37 90 19
37 91 20
37 92 20
37 93 20
37 94 22
37 95 22
37 96 20
37 97 17
38 38 0
38 39 16
38 40 20
38 41 23
38 42 21
38 43 20
38 44 24
38 45 19
38 46 21
38 47 23
38 48 15
38 49 19
38 50 21
38 51 22
38 52 17
38 53 21
38 54 21
38 55 16
38 56 20
38 57 23
38 58 17
38 59 23
38 60 21
38 61 22
38 62 16
38 63 23
38 64 18
38 65 21
38 66 22
38 67 22
38 68 17
38 69 18
38 70 19
38 71 18
38 72 22
38 73 19
38 74 20
38 75 18
38 76 21
38 77 22
38 78 21
38 79 18
38 80 20
38 81 20
38 82 23
38 83 17
38 84 22
38 85 18
38 86 16
38 87 22
38 88 22
38 89 21
38 90 21
38 91 21
38 92 21
38 93 22
38 94 20
38 95 23
38 96 17
38 97 20
39 39 0
39 40 0
39 41 0
39 42 0
39 43 18
39 44 23
39 45 20
39 46 22
39 47 22
39 48 19
39 49 23
39 50 20
39 51 21
39 52 23
39 53 20
39 54 19
39 55 22
39 56 21
39 57 21
39 58 22
39 59 19
39 60 20
39 61 19
39 62 20
39 63 19
39 64 21
39 65 22
39 66 19
39 67 20
39 68 18
39 69 17
39 70 19
39 71 19
39 72 20
39 73 21
39 74 20
39 75 23
39 76 21
39 77 20
39 78 20
39 79 22
39 80 19
39 81 21
39 82 21
39 83 21
39 84 19
39 85 22
39 86 20
39 87 17
39 88 20
39 89 19
39 90 16
39 91 20
39 92 19
39 93 18
39 94 22
39 95 19
39 96 21
39 97 20
40 40 0
40 41 0
40 42 0
40 43 21
40 44 19
40 45 21
40 46 22
40 47 19
40 48 21
40 49 20
40 50 21
40 51 20
40 52 20
40 53 21
40 54 19
40 55 19
40 56 18
40 57 23
40 58 20
40 59 23
40 60 20
40 61 22
40 62 21
40 63 17
40 64 20
40 65 17
40 66 18
40 67 22
40 68 17
40 69 20
40 70 23
40 71 19
40 72 19
40 73 19
40 74 21
40 75 24
40 76 21
40 77 21
40 78 19
40 79 20
40 80 20
40 81 19
40 82 18
40 83 17
40 84 24
40 85 21
40 86 22
40 87 20
40 88 23
40 89 19
40 90 23
40 91 21
40 92 21
40 93 18
40 94 23
40 95 19
40 96 23
40 97 19
41 41 0
41 42 0
41 43 20
41 44 22
41 45 16
41 46 19
41 47 19
41 48 17
41 49 22
41 50 18
41 51 18
41 52 17
41 53 21
41 54 18
41 55 20
41 56 21
41 57 19
41 58 19
41 59 23
41 60 21
41 61 19
41 62 21
41 63 20
41 64 19
41 65 17
41 66 21
41 67 22
41 68 23
41 69 21
41 70 21
41 71 22
41 72 19
41 73 22
41 74 19
41 75 22
41 76 22
41 77 18
41 78 19
41 79 23
41 80 21
41 81 19
41 82 21
41 83 18
41 84 24
41 85 19
41 86 23
41 87 20
41 88 20
41 89 20
41 90 18
41 91 22
41 92 22
41 93 24
41 94 21
41 95 22
41 96 21
41 97 19
42 42 0
42 43 20
42 44 18
42 45 23
42 46 24
42 47 16
42 48 20
42 49 19
42 50 20
42 51 17
42 52 19
42 53 17
42 54 18
42 55 19
42 56 18
42 57 19
42 58 23
42 59 20
42 60 21
42 61 20
42 62 18
42 63 21
42 64 18
42 65 16
42 66 21
42 67 19
42 68 19
42 69 19
42 70 21
42 71 22
42 72 19
42 73 21
42 74 23
42 75 19
42 76 19
42 77 19
42 78 18
42 79 22
42 80 17
42 81 18
42 82 22
42 83 20
42 84 19
42 85 23
42 86 18
42 87 18
42 88 23
42 89 22
42 90 19
42 91 19
42 92 21
42 93 23
42 94 23
42 95 19
42 96 18
42 97 24
43 43 0
43 44 0
43 45 21
43 46 17
43 47 21
43 48 23
43 49 17
43 50 20
43 51 22
43 52 21
43 53 17
43 54 18
43 55 25
43 56 21
43 57 22
43 58 22
43 59 18
43 60 16
43 61 18
43 62 20
43 63 16
43 64 18
43 65 17
43 66 23
43 67 19
43 68 22
43 69 17
43 70 18
43 71 20
43 72 23
43 73 20
43 74 19
43 75 17
43 76 21
43 77 20
43 78 21
43 79 19
43 80 21
43 81 20
43 82 22
43 83 21
43 84 21
43 85 20
43 86 20
43 87 17
43 88 19
43 89 17
43 90 21
43 91 21
43 92 19
43 93 21
43 94 20
43 95 20
43 96 19
43 97 19
44 44 0
44 45 22
44 46 22
44 47 19
44 48 20
44 49 22
44 50 19
44 51 16
44 52 22
44 53 21
44 54 21
44 55 21
44 56 19
44 57 20
44 58 17
44 59 18
44 60 18
44 61 24
44 62 20
44 63 21
44 64 23
44 65 20
44 66 18
44 67 20
44 68 20
44 69 21
44 70 20
44 71 21
44 72 20
44 73 20
44 74 19
44 75 22
44 76 21
44 77 20
44 78 25
44 79 21
44 80 22
44 81 16
44 82 22
44 83 19
44 84 20
44 85 21
44 86 23
44 87 19
44 88 20
44 89 19
44 90 23
44 91 21
44 92 19
44 93 25
44 94 20
44 95 23
44 96 19
44 97 21
45 45 0
45 46 0
45 47 0
45 48 23
45 49 21
45 50 20
45 51 19
45 52 19
45 53 22
45 54 22
45 55 17
45 56 23
45 57 19
45 58 19
45 59 21
45 60 22
45 61 23
45 62 18
45 63 19
45 64 18
45 65 22
45 66 16
45 67 20
45 68 21
45 69 21
45 70 24
45 71 24
45 72 21
45 73 20
45 74 18
45 75 18
45 76 18
45 77 20
45 78 24
45 79 19
45 80 20
45 81 21
45 82 19
45 83 19
45 84 21
45 85 19
45 86 17
45 87 20
45 88 19
45 89 19
45 90 19
45 91 22
45 92 21
45 93 23
45 94 19
45 95 21
45 96 19
45 97 19
46 46 0
46 47 0
46 48 20
46 49 22
46 50 21
46 51 22
46 52 19
46 53 23
46 54 22
46 55 22
46 56 18
46 57 24
46 58 21
46 59 21
46 60 19
46 61 21
46 62 19
46 63 21
46 64 21
46 65 19
46 66 21
46 67 18
46 68 21
46 69 22
46 70 20
46 71 16
46 72 19
46 73 18
46 74 22
46 75 19
46 76 20
46 77 20
46 78 20
46 79 21
46 80 23
46 81 23
46 82 21
46 83 20
46 84 17
46 85 21
46 86 21
46 87 23
46 88 23
46 89 21
46 90 19
46 91 19
46 92 20
46 93 21
46 94 19
46 95 17
46 96 21
46 97 20
47 47 0
47 48 21
47 49 18
47 50 21
47 51 19
47 52 19
47 53 23
47 54 17
47 55 16
47 56 18
47 57 21
47 58 19
47 59 18
47 60 16
47 61 19
47 62 22
47 63 19
47 64 19
47 65 19
47 66 21
47 67 18
47 68 20
47 69 22
47 70 20
47 71 21
47 72 19
47 73 21
47 74 18
47 75 20
47 76 19
47 77 17
47 78 20
47 79 20
47 80 20
47 81 19
47 82 23
47 83 20
47 84 21
47 85 20
47 86 22
47 87 21
47 88 22
47 89 20
47 90 21
47 91 19
47 92 21
47 93 25
47 94 21
47 95 16
47 96 21
47 97 21
48 48 0
48 49 0
48 50 0
48 51 0
48 52 0
48 53 0
48 54 0
48 55 0
48 56 0
48 57 20
48 58 20
48 59 20
48 60 21
48 61 21
48 62 22
48 63 20
48 64 22
48 65 21
48 66 21
48 67 18
48 68 19
48 69 20
48 70 20
48 71 24
48 72 21
48 73 21
48 74 17
48 75 19
48 76 23
48 77 19
48 78 20
48 79 18
48 80 22
48 81 23
48 82 22
48 83 22
48 84 22
48 85 20
48 86 20
48 87 14
48 88 20
48 89 21
48 90 19
48 91 20
48 92 21
48 93 18
48 94 21
48 95 20
48 96 22
48 97 21
49 49 0
49 50 0
49 51 0
49 52 0
49 53 0
49 54 0
49 55 0
49 56 0
49 57 24
49 58 21
49 59 19
49 60 18
49 61 20
49 62 18
49 63 19
49 64 20
49 65 18
49 66 21
49 67 21
49 68 20
49 69 22
49 70 22
49 71 22
49 72 19
49 73 21
49 74 23
49 75 15
49 76 22
49 77 20
49 78 19
49 79 20
49 80 18
49 81 19
49 82 19
49 83 22
49 84 20
49 85 18
49 86 19
49 87 22
49 88 18
49 89 20
49 90 22
49 91 24
49 92 21
49 93 18
49 94 18
49 95 18
49 96 20
49 97 20
50 50 0
50 51 0
50 52 0
50 53 0
50 54 0
50 55 0
50 56 0
50 57 21
50 58 21
50 59 18
50 60 20
50 61 17
50 62 21
50 63 17
50 64 18
50 65 20
50 66 19
50 67 17
50 68 22
50 69 19
50 70 21
50 71 18
50 72 22
50 73 24
50 74 21
50 75 20
50 76 23
50 77 19
50 78 20
50 79 18
50 80 13
50 81 22
50 82 21
50 83 18
50 84 20
50 85 22
50 86 19
50 87 20
50 88 21
50 89 23
50 90 19
50 91 20
50 92 19
50 93 24
50 94 16
50 95 17
50 96 18
50 97 19
51 51 0
51 52 0
51 53 0
51 54 0
51 55 0
51 56 0
51 57 19
51 58 18
51 59 17
51 60 21
51 61 21
51 62 20
51 63 19
51 64 20
51 65 24
51 66 19
51 67 21
51 68 23
51 69 19
51 70 22
51 71 22
51 72 17
51 73 19
51 74 19
51 75 21
51 76 20
51 77 19
51 78 21
51 79 13
51 80 21
51 81 14
51 82 25
51 83 20
51 84 17
51 85 18
51 86 18
51 87 19
51 88 20
51 89 24
51 90 20
51 91 22
51 92 20
51 93 23
51 94 22
51 95 24
51 96 22
51 97 21
52 52 0
52 53 0
52 54 0
52 55 0
52 56 0
52 57 23
52 58 17
52 59 21
52 60 20
52 61 19
52 62 19
52 63 21
52 64 17
52 65 24
52 66 17
52 67 19
52 68 20
52 69 20
52 70 19
52 71 17
52 72 22
52 73 29
52 74 21
52 75 19
52 76 20
52 77 19
52 78 18
52 79 19
52 80 22
52 81 19
52 82 21
52 83 24
52 84 19
52 85 16
52 86 20
52 87 20
52 88 20
52 89 23
52 90 20
52 91 19
52 92 19
52 93 18
52 94 19
52 95 21
52 96 20
52 97 23
53 53 0
53 54 0
53 55 0
53 56 0
53 57 20
53 58 20
53 59 17
53 60 19
53 61 22
53 62 21
53 63 24
53 64 24
53 65 20
53 66 20
53 67 18
53 68 17
53 69 17
53 70 20
53 71 18
53 72 21
53 73 19
53 74 24
53 75 19
53 76 20
53 77 21
53 78 19
53 79 20
53 80 23
53 81 18
53 82 19
53 83 19
53 84 19
53 85 17
53 86 18
53 87 18
53 88 20
53 89 20
53 90 21
53 91 19
53 92 23
53 93 19
53 94 21
53 95 18
53 96 20
53 97 17
54 54 0
54 55 0
54 56 0
54 57 18
54 58 21
54 59 20
54 60 20
54 61 20
54 62 16
54 63 20
54 64 19
54 65 19
54 66 18
54 67 18
54 68 18
54 69 22
54 70 19
54 71 20
54 72 19
54 73 22
54 74 23
54 75 21
54 76 19
54 77 21
54 78 21
54 79 16
54 80 21
54 81 20
54 82 20
54 83 17
54 84 21
54 85 21
54 86 18
54 87 21
54 88 22
54 89 18
54 90 19
54 91 21
54 92 21
54 93 21
54 94 23
54 95 16
54 96 19
54 97 23
55 55 0
55 56 0
55 57 23
55 58 20
55 59 19
55 60 18
55 61 21
55 62 20
55 63 15
55 64 22
55 65 19
55 66 20
55 67 19
55 68 19
55 69 19
55 70 19
55 71 19
55 72 22
55 73 19
55 74 20
55 75 23
55 76 19
55 77 23
55 78 20
55 79 23
55 80 19
55 81 15
55 82 17
55 83 22
55 84 22
55 85 19
55 86 16
55 87 18
55 88 19
55 89 19
55 90 16
55 91 21
55 92 20
55 93 23
55 94 18
55 95 17
55 96 22
55 97 19
56 56 0
56 57 23
56 58 19
56 59 16
56 60 18
56 61 19
56 62 26
56 63 21
56 64 19
56 65 22
56 66 23
56 67 21
56 68 20
56 69 21
56 70 19
56 71 21
56 72 20
56 73 19
56 74 17
56 75 21
56 76 18
56 77 19
56 78 18
56 79 18
56 80 16
56 81 20
56 82 21
56 83 20
56 84 18
56 85 17
56 86 17
56 87 19
56 88 21
56 89 23
56 90 21
56 91 22
56 92 17
56 93 20
56 94 18
56 95 18
56 96 19
56 97 20
57 57 0
57 58 0
57 59 0
57 60 0
57 61 0
57 62 0
57 63 24
57 64 21
57 65 25
57 66 23
57 67 23
57 68 19
57 69 20
57 70 19
57 71 23
57 72 23
57 73 19
57 74 23
57 75 19
57 76 21
57 77 20
57 78 19
57 79 22
57 80 17
57 81 22
57 82 20
57 83 18
57 84 20
57 85 20
57 86 19
57 87 16
57 88 19
57 89 20
57 90 19
57 91 23
57 92 20
57 93 22
57 94 22
57 95 19
57 96 18
57 97 24
58 58 0
58 59 0
58 60 0
58 61 0
58 62 0
58 63 18
58 64 20
58 65 17
58 66 23
58 67 20
58 68 18
58 69 19
58 70 22
58 71 22
58 72 21
58 73 20
58 74 17
58 75 18
58 76 23
58 77 21
58 78 22
58 79 21
58 80 20
58 81 21
58 82 19
58 83 21
58 84 17
58 85 19
58 86 22
58 87 20
58 88 24
58 89 20
58 90 22
58 91 20
58 92 21
58 93 21
58 94 16
58 95 19
58 96 21
58 97 20
59 59 0
59 60 0
59 61 0
59 62 0
59 63 17
59 64 16
59 65 20
59 66 17
59 67 15
59 68 18
59 69 19
59 70 22
59 71 22
59 72 21
59 73 18
59 74 19
59 75 19
59 76 21
59 77 19
59 78 25
59 79 20
59 80 19
59 81 18
59 82 21
59 83 20
59 84 20
59 85 20
59 86 23
59 87 20
59 88 19
59 89 20
59 90 22
59 91 20
59 92 26
59 93 17
59 94 22
59 95 23
59 96 17
59 97 17
60 60 0
60 61 0
60 62 0
60 63 21
60 64 19
60 65 20
60 66 19
60 67 21
60 68 17
60 69 23
60 70 19
60 71 20
60 72 19
60 73 20
60 74 19
60 75 21
60 76 19
60 77 18
60 78 17
60 79 22
60 80 23
60 81 21
60 82 20
60 83 19
60 84 20
60 85 18
60 86 20
60 87 22
60 88 22
60 89 20
60 90 18
60 91 19
60 92 19
60 93 18
60 94 21
60 95 18
60 96 23
60 97 19
61 61 0
61 62 0
61 63 19
61 64 21
61 65 20
61 66 19
61 67 17
61 68 20
61 69 23
61 70 24
61 71 20
61 72 20
61 73 20
61 74 23
61 75 20
61 76 16
61 77 19
61 78 19
61 79 24
61 80 20
61 81 20
61 82 18
61 83 19
61 84 21
61 85 22
61 86 21
61 87 23
61 88 20
61 89 18
61 90 21
61 91 19
61 92 17
61 93 20
61 94 21
61 95 22
61 96 24
61 97 19
62 62 0
62 63 21
62 64 17
62 65 18
62 66 15
62 67 18
62 68 22
62 69 19
62 70 20
62 71 20
62 72 22
62 73 16
62 74 22
62 75 21
62 76 21
62 77 18
62 78 20
62 79 24
62 80 20
62 81 21
62 82 22
62 83 19
62 84 17
62 85 19
62 86 19
62 87 23
62 88 22
62 89 21
62 90 14
62 91 18
62 92 23
62 93 17
62 94 20
62 95 20
62 96 19
62 97 23
63 63 0
63 64 19
63 65 21
63 66 22
63 67 23
63 68 24
63 69 21
63 70 20
63 71 21
63 72 20
63 73 22
63 74 20
63 75 19
63 76 19
63 77 19
63 78 20
63 79 21
63 80 23
63 81 19
63 82 19
63 83 21
63 84 18
63 85 22
63 86 21
63 87 17
63 88 20
63 89 20
63 90 22
63 91 19
63 92 16
63 93 19
63 94 18
63 95 17
63 96 17
63 97 20
64 64 0
64 65 0
64 66 0
64 67 0
64 68 0
64 69 0
64 70 0
64 71 21
64 72 25
64 73 22
64 74 21
64 75 17
64 76 19
64 77 16
64 78 23
64 79 18
64 80 20
64 81 19
64 82 18
64 83 18
64 84 21
64 85 19
64 86 21
64 87 22
64 88 19
64 89 19
64 90 22
64 91 20
64 92 23
64 93 20
64 94 22
64 95 17
64 96 17
64 97 22
65 65 0
65 66 0
65 67 0
65 68 0
65 69 0
65 70 0
65 71 21
65 72 20
65 73 17
65 74 21
65 75 23
65 76 19
65 77 20
65 78 21
65 79 17
65 80 21
65 81 19
65 82 21
65 83 20
65 84 21
65 85 20
65 86 17
65 87 19
65 88 22
65 89 23
65 90 19
65 91 20
65 92 19
65 93 17
65 94 18
65 95 18
65 96 20
65 97 18
66 66 0
66 67 0
66 68 0
66 69 0
66 70 0
66 71 18
66 72 17
66 73 19
66 74 20
66 75 16
66 76 18
66 77 20
66 78 22
66 79 19
66 80 20
66 81 20
66 82 19
66 83 18
66 84 20
66 85 20
66 86 21
66 87 21
66 88 23
66 89 19
66 90 19
66 91 21
66 92 18
66 93 19
66 94 22
66 95 19
66 96 17
66 97 19
67 67 0
67 68 0
67 69 0
67 70 0
67 71 22
67 72 19
67 73 17
67 74 19
67 75 19
67 76 19
67 77 20
67 78 22
67 79 23
67 80 21
67 81 19
67 82 19
67 83 23
67 84 22
67 85 17
67 86 22
67 87 19
67 88 17
67 89 22
67 90 19
67 91 21
67 92 20
67 93 22
67 94 23
67 95 18
67 96 23
67 97 18
68 68 0
68 69 0
68 70 0
68 71 19
68 72 18
68 73 18
68 74 20
68 75 24
68 76 20
68 77 22
68 78 23
68 79 25
68 80 21
68 81 21
68 82 17
68 83 21
68 84 21
68 85 19
68 86 21
68 87 20
68 88 18
68 89 19
68 90 23
68 91 21
68 92 23
68 93 21
68 94 24
68 95 16
68 96 18
68 97 20
69 69 0
69 70 0
69 71 20
69 72 22
69 73 21
69 74 20
69 75 22
69 76 23
69 77 20
69 78 25
69 79 19
69 80 22
69 81 21
69 82 21
69 83 20
69 84 17
69 85 24
69 86 18
69 87 18
69 88 21
69 89 23
69 90 23
69 91 23
69 92 22
69 93 20
69 94 21
69 95 19
69 96 18
69 97 20
70 70 0
70 71 16
70 72 17
70 73 21
70 74 18
70 75 21
70 76 22
70 77 18
70 78 17
70 79 20
70 80 22
70 81 15
70 82 19
70 83 21
70 84 22
70 85 22
70 86 18
70 87 23
70 88 18
70 89 21
70 90 18
70 91 20
70 92 21
70 93 19
70 94 19
70 95 21
70 96 18
70 97 22
71 71 0
71 72 0
71 73 0
71 74 0
71 75 18
71 76 20
71 77 17
71 78 19
71 79 19
71 80 19
71 81 17
71 82 18
71 83 18
71 84 21
71 85 17
71 86 23
71 87 18
71 88 23
71 89 18
71 90 18
71 91 18
71 92 22
71 93 20
71 94 20
71 95 22
71 96 18
71 97 22
72 72 0
72 73 0
72 74 0
72 75 19
72 76 23
72 77 19
72 78 22
72 79 18
72 80 20
72 81 18
72 82 22
72 83 23
72 84 19
72 85 20
72 86 23
72 87 18
72 88 19
72 89 19
72 90 18
72 91 20
72 92 20
72 93 18
72 94 17
72 95 22
72 96 18
72 97 19
73 73 0
73 74 0
73 75 17
73 76 18
73 77 21
73 78 19
73 79 20
73 80 22
73 81 22
73 82 21
73 83 19
73 84 18
73 85 18
73 86 22
73 87 23
73 88 19
73 89 21
73 90 21
73 91 18
73 92 18
73 93 21
73 94 21
73 95 20
73 96 16
73 97 21
74 74 0
74 75 20
74 76 17
74 77 23
74 78 21
74 79 21
74 80 23
74 81 22
74 82 21
74 83 21
74 84 19
74 85 22
74 86 18
74 87 19
74 88 22
74 89 23
74 90 22
74 91 19
74 92 22
74 93 19
74 94 22
74 95 20
74 96 17
74 97 19
75 75 0
75 76 21
75 77 21
75 78 19
75 79 22
75 80 18
75 81 20
75 82 20
75 83 23
75 84 23
75 85 20
75 86 22
75 87 21
75 88 20
75 89 21
75 90 18
75 91 19
75 92 21
75 93 21
75 94 17
75 95 14
75 96 18
75 97 20
76 76 0
76 77 0
76 78 0
76 79 0
76 80 0
76 81 21
76 82 18
76 83 20
76 84 19
76 85 19
76 86 20
76 87 18
76 88 16
76 89 18
76 90 23
76 91 20
76 92 23
76 93 19
76 94 22
76 95 19
76 96 21
76 97 21
77 77 0
77 78 0
77 79 0
77 80 0
77 81 19
77 82 22
77 83 20
77 84 21
77 85 24
77 86 25
77 87 22
77 88 19
77 89 20
77 90 25
77 91 21
77 92 19
77 93 18
77 94 19
77 95 18
77 96 18
77 97 21
78 78 0
78 79 0
78 80 0
78 81 18
78 82 17
78 83 16
78 84 22
78 85 21
78 86 19
78 87 21
78 88 21
78 89 22
78 90 18
78 91 21
78 92 18
78 93 19
78 94 19
78 95 21
78 96 23
78 97 20
79 79 0
79 80 0
79 81 19
79 82 20
79 83 19
79 84 17
79 85 20
79 86 21
79 87 23
79 88 19
79 89 17
79 90 18
79 91 19
79 92 20
79 93 20
79 94 20
79 95 18
79 96 18
79 97 21
80 80 0
80 81 23
80 82 16
80 83 18
80 84 17
80 85 19
80 86 23
80 87 19
80 88 20
80 89 18
80 90 22
80 91 16
80 92 22
80 93 21
80 94 24
80 95 18
80 96 23
80 97 18
81 81 0
81 82 18
81 83 20
81 84 22
81 85 23
81 86 20
81 87 25
81 88 19
81 89 18
81 90 20
81 91 22
81 92 19
81 93 17
81 94 23
81 95 21
81 96 20
81 97 21
82 82 0
82 83 0
82 84 0
82 85 22
82 86 20
82 87 21
82 88 20
82 89 24
82 90 19
82 91 21
82 92 18
82 93 21
82 94 18
82 95 17
82 96 22
82 97 19
83 83 0
83 84 0
83 85 22
83 86 15
83 87 22
83 88 21
83 89 19
83 90 20
83 91 20
83 92 22
83 93 25
83 94 21
83 95 21
83 96 19
83 97 22
84 84 0
84 85 16
84 86 23
84 87 20
84 88 23
84 89 20
84 90 20
84 91 16
84 92 20
84 93 18
84 94 19
84 95 18
84 96 22
84 97 18
85 85 0
85 86 0
85 87 0
85 88 0
85 89 0
85 90 0
85 91 0
85 92 0
85 93 20
85 94 19
85 95 22
85 96 19
85 97 16
86 86 0
86 87 0
86 88 0
86 89 0
86 90 0
86 91 0
86 92 0
86 93 20
86 94 22
86 95 21
86 96 21
86 97 20
87 87 0
87 88 0
87 89 0
87 90 0
87 91 0
87 92 0
87 93 19
87 94 19
87 95 17
87 96 20
87 97 20
88 88 0
88 89 0
88 90 0
88 91 0
88 92 0
88 93 20
88 94 21
88 95 20
88 96 24
88 97 23
89 89 0
89 90 0
89 91 0
89 92 0
89 93 19
89 94 18
89 95 24
89 96 18
89 97 20
90 90 0
90 91 0
90 92 0
90 93 19
90 94 21
90 95 20
90 96 16
90 97 22
91 91 0
91 92 0
91 93 20
91 94 21
91 95 23
91 96 20
91 97 19
92 92 0
92 93 18
92 94 18
92 95 19
92 96 23
92 97 18
93 93 0
93 94 0
93 95 0
93 96 0
93 97 0
94 94 0
94 95 0
94 96 0
94 97 0
95 95 0
95 96 0
95 97 0
96 96 0
96 97 0
97 97 0
