30
5
3
1
3
10
3
3
1
2
10
6
2
9
9
3
2
8
3
8
6
2
1
2
3
2
1
6
9
9
7
0 0 0
0 1 0
0 2 0
0 3 0
0 4 0
0 5 23
0 6 17
0 7 18
0 8 20
0 9 19
0 10 21
0 11 17
0 12 18
0 13 25
0 14 22
0 15 19
0 16 23
0 17 20
0 18 23
0 19 19
0 20 24
0 21 22
0 22 22
0 23 21
0 24 20
0 25 17
0 26 18
0 27 22
0 28 22
0 29 20
0 30 20
0 31 20
0 32 16
0 33 18
0 34 20
0 35 19
0 36 24
0 37 23
0 38 20
0 39 22
0 40 22
0 41 20
0 42 22
0 43 19
0 44 21
0 45 18
0 46 19
0 47 19
0 48 21
0 49 22
0 50 22
0 51 20
0 52 22
0 53 18
0 54 19
0 55 20
0 56 18
0 57 22
0 58 21
0 59 18
0 60 18
0 61 17
0 62 19
0 63 21
0 64 17
0 65 22
0 66 22
0 67 19
0 68 21
0 69 22
0 70 20
0 71 21
0 72 23
0 73 21
0 74 19
0 75 23
0 76 17
0 77 16
0 78 18
0 79 22
0 80 18
0 81 18
0 82 22
0 83 18
0 84 23
0 85 21
0 86 22
0 87 22
0 88 22
0 89 16
0 90 20
0 91 22
0 92 22
0 93 23
0 94 21
0 95 19
0 96 22
0 97 21
0 98 16
0 99 22
0 100 21
0 101 18
0 102 20
0 103 22
0 104 19
0 105 21
0 106 19
0 107 24
0 108 23
0 109 24
0 110 21
0 111 21
0 112 22
0 113 17
0 114 21
0 115 19
0 116 19
0 117 18
0 118 18
0 119 19
0 120 20
0 121 18
0 122 16
0 123 19
0 124 24
0 125 20
0 126 21
0 127 19
0 128 19
0 129 19
0 130 19
0 131 18
0 132 21
0 133 24
0 134 16
0 135 20
0 136 19
0 137 22
0 138 21
1 1 0
1 2 0
1 3 0
1 4 0
1 5 22
1 6 21
1 7 17
1 8 20
1 9 16
1 10 20
1 11 16
1 12 23
1 13 19
1 14 21
1 15 20
1 16 22
1 17 20
1 18 22
1 19 21
1 20 16
1 21 22
1 22 21
1 23 19
1 24 20
1 25 23
1 26 24
1 27 21
1 28 17
1 29 17
1 30 18
1 31 19
1 32 18
1 33 21
1 34 20
1 35 18
1 36 20
1 37 19
1 38 20
1 39 21
1 40 17
1 41 20
1 42 17
1 43 20
1 44 19
1 45 22
1 46 14
1 47 23
1 48 20
1 49 24
1 50 23
1 51 22
1 52 20
1 53 22
1 54 18
1 55 19
1 56 20
1 57 20
1 58 18
1 59 17
1 60 18
1 61 20
1 62 20
1 63 22
1 64 19
1 65 15
1 66 20
1 67 20
1 68 20
1 69 20
1 70 20
1 71 22
1 72 20
1 73 18
1 74 18
1 75 18
1 76 20
1 77 21
1 78 18
1 79 18
1 80 20
1 81 16
1 82 19
1 83 20
1 84 23
1 85 19
1 86 22
1 87 19
1 88 23
1 89 19
1 90 21
1 91 18
1 92 22
1 93 19
1 94 19
1 95 21
1 96 22
1 97 19
1 98 19
1 99 19
1 100 17
1 101 22
1 102 20
1 103 20
1 104 21
1 105 23
1 106 21
1 107 21
1 108 24
1 109 18
1 110 17
1 111 19
1 112 19
1 113 20
1 114 16
1 115 19
1 116 20
1 117 18
1 118 17
1 119 21
1 120 22
1 121 18
1 122 21
1 123 20
1 124 23
1 125 19
1 126 20
1 127 17
1 128 23
1 129 18
1 130 22
1 131 20
1 132 18
1 133 21
1 134 21
1 135 20
1 136 18
1 137 20
1 138 19
2 2 0
2 3 0
2 4 0
2 5 18
2 6 20
2 7 20
2 8 21
2 9 21
2 10 21
2 11 20
2 12 16
2 13 18
2 14 20
2 15 23
2 16 19
2 17 22
2 18 20
2 19 20
2 20 21
2 21 20
2 22 20
2 23 20
2 24 20
2 25 19
2 26 24
2 27 21
2 28 17
2 29 19
2 30 20
2 31 20
2 32 18
2 33 22
2 34 21
2 35 20
2 36 22
2 37 22
2 38 17
2 39 19
2 40 19
2 41 18
2 42 20
2 43 17
2 44 20
2 45 23
2 46 23
2 47 22
2 48 18
2 49 19
2 50 22
2 51 17
2 52 21
2 53 20
2 54 20
2 55 23
2 56 20
2 57 20
2 58 20
2 59 21
2 60 20
2 61 23
2 62 20
2 63 22
2 64 21
2 65 18
2 66 26
2 67 23
2 68 23
2 69 17
2 70 19
2 71 21
2 72 19
2 73 22
2 74 20
2 75 22
2 76 19
2 77 19
2 78 20
2 79 20
2 80 15
2 81 20
2 82 19
2 83 23
2 84 20
2 85 19
2 86 19
2 87 22
2 88 22
2 89 22
2 90 20
2 91 23
2 92 18
2 93 18
2 94 20
2 95 22
2 96 21
2 97 21
2 98 21
2 99 19
2 100 21
2 101 18
2 102 17
2 103 22
2 104 24
2 105 18
2 106 16
2 107 19
2 108 20
2 109 18
2 110 17
2 111 20
2 112 20
2 113 21
2 114 16
2 115 23
2 116 22
2 117 18
2 118 20
2 119 16
2 120 21
2 121 19
2 122 20
2 123 22
2 124 20
2 125 17
2 126 20
2 127 21
2 128 22
2 129 23
2 130 18
2 131 21
2 132 22
2 133 22
2 134 20
2 135 23
2 136 20
2 137 19
2 138 19
3 3 0
3 4 0
3 5 18
3 6 20
3 7 20
3 8 20
3 9 22
3 10 19
3 11 25
3 12 21
3 13 19
3 14 24
3 15 18
3 16 20
3 17 19
3 18 20
3 19 21
3 20 20
3 21 21
3 22 20
3 23 18
3 24 22
3 25 18
3 26 22
3 27 23
3 28 20
3 29 19
3 30 21
3 31 21
3 32 23
3 33 21
3 34 22
3 35 18
3 36 20
3 37 19
3 38 20
3 39 21
3 40 22
3 41 22
3 42 19
3 43 22
3 44 20
3 45 20
3 46 22
3 47 17
3 48 23
3 49 22
3 50 19
3 51 20
3 52 17
3 53 18
3 54 18
3 55 19
3 56 23
3 57 20
3 58 23
3 59 19
3 60 16
3 61 22
3 62 20
3 63 24
3 64 24
3 65 17
3 66 17
3 67 16
3 68 17
3 69 21
3 70 22
3 71 19
3 72 21
3 73 19
3 74 22
3 75 21
3 76 18
3 77 18
3 78 20
3 79 22
3 80 18
3 81 17
3 82 23
3 83 16
3 84 19
3 85 21
3 86 20
3 87 20
3 88 20
3 89 20
3 90 25
3 91 19
3 92 19
3 93 22
3 94 21
3 95 19
3 96 19
3 97 22
3 98 19
3 99 18
3 100 18
3 101 19
3 102 24
3 103 18
3 104 21
3 105 18
3 106 23
3 107 21
3 108 16
3 109 22
3 110 20
3 111 21
3 112 20
3 113 20
3 114 19
3 115 22
3 116 21
3 117 20
3 118 18
3 119 19
3 120 20
3 121 19
3 122 21
3 123 24
3 124 22
3 125 18
3 126 21
3 127 22
3 128 19
3 129 22
3 130 23
3 131 21
3 132 19
3 133 20
3 134 22
3 135 18
3 136 19
3 137 16
3 138 22
4 4 0
4 5 18
4 6 19
4 7 18
4 8 23
4 9 18
4 10 18
4 11 22
4 12 21
4 13 22
4 14 19
4 15 23
4 16 19
4 17 20
4 18 16
4 19 16
4 20 24
4 21 22
4 22 22
4 23 20
4 24 23
4 25 18
4 26 19
4 27 17
4 28 19
4 29 24
4 30 19
4 31 20
4 32 26
4 33 22
4 34 17
4 35 17
4 36 21
4 37 20
4 38 14
4 39 18
4 40 19
4 41 18
4 42 16
4 43 22
4 44 18
4 45 20
4 46 19
4 47 24
4 48 20
4 49 21
4 50 18
4 51 18
4 52 20
4 53 20
4 54 22
4 55 18
4 56 21
4 57 22
4 58 21
4 59 19
4 60 19
4 61 21
4 62 20
4 63 20
4 64 18
4 65 20
4 66 20
4 67 21
4 68 19
4 69 18
4 70 24
4 71 20
4 72 19
4 73 18
4 74 22
4 75 20
4 76 20
4 77 20
4 78 23
4 79 17
4 80 20
4 81 22
4 82 24
4 83 23
4 84 21
4 85 18
4 86 18
4 87 19
4 88 17
4 89 24
4 90 18
4 91 22
4 92 21
4 93 20
4 94 23
4 95 19
4 96 22
4 97 19
4 98 16
4 99 25
4 100 22
4 101 18
4 102 20
4 103 23
4 104 20
4 105 20
4 106 21
4 107 20
4 108 19
4 109 18
4 110 21
4 111 23
4 112 19
4 113 20
4 114 19
4 115 18
4 116 23
4 117 20
4 118 19
4 119 17
4 120 20
4 121 20
4 122 20
4 123 21
4 124 21
4 125 21
4 126 19
4 127 22
4 128 16
4 129 23
4 130 18
4 131 21
4 132 22
4 133 23
4 134 19
4 135 20
4 136 21
4 137 20
4 138 20
5 5 0
5 6 0
5 7 0
5 8 20
5 9 21
5 10 19
5 11 17
5 12 18
5 13 20
5 14 16
5 15 20
5 16 21
5 17 19
5 18 20
5 19 20
5 20 22
5 21 20
5 22 18
5 23 21
5 24 18
5 25 18
5 26 19
5 27 16
5 28 21
5 29 18
5 30 18
5 31 19
5 32 20
5 33 20
5 34 20
5 35 20
5 36 22
5 37 19
5 38 15
5 39 19
5 40 23
5 41 19
5 42 17
5 43 22
5 44 20
5 45 18
5 46 22
5 47 20
5 48 20
5 49 20
5 50 21
5 51 19
5 52 21
5 53 18
5 54 15
5 55 23
5 56 18
5 57 19
5 58 22
5 59 18
5 60 19
5 61 21
5 62 23
5 63 18
5 64 23
5 65 21
5 66 21
5 67 26
5 68 21
5 69 24
5 70 18
5 71 19
5 72 23
5 73 20
5 74 18
5 75 20
5 76 16
5 77 22
5 78 21
5 79 20
5 80 18
5 81 18
5 82 21
5 83 17
5 84 19
5 85 21
5 86 17
5 87 19
5 88 23
5 89 23
5 90 17
5 91 21
5 92 21
5 93 22
5 94 21
5 95 20
5 96 21
5 97 18
5 98 18
5 99 21
5 100 16
5 101 21
5 102 21
5 103 21
5 104 21
5 105 18
5 106 17
5 107 17
5 108 17
5 109 17
5 110 20
5 111 19
5 112 17
5 113 18
5 114 21
5 115 20
5 116 19
5 117 19
5 118 23
5 119 20
5 120 20
5 121 18
5 122 23
5 123 21
5 124 18
5 125 18
5 126 17
5 127 22
5 128 18
5 129 17
5 130 20
5 131 18
5 132 23
5 133 19
5 134 20
5 135 21
5 136 21
5 137 21
5 138 17
6 6 0
6 7 0
6 8 15
6 9 18
6 10 21
6 11 22
6 12 15
6 13 18
6 14 18
6 15 16
6 16 21
6 17 22
6 18 21
6 19 21
6 20 19
6 21 22
6 22 22
6 23 21
6 24 18
6 25 18
6 26 21
6 27 22
6 28 20
6 29 21
6 30 21
6 31 19
6 32 18
6 33 24
6 34 21
6 35 21
6 36 21
6 37 20
6 38 19
6 39 16
6 40 17
6 41 20
6 42 18
6 43 18
6 44 16
6 45 18
6 46 17
6 47 22
6 48 19
6 49 22
6 50 20
6 51 21
6 52 19
6 53 21
6 54 21
6 55 19
6 56 21
6 57 20
6 58 21
6 59 22
6 60 20
6 61 22
6 62 22
6 63 18
6 64 22
6 65 20
6 66 20
6 67 21
6 68 20
6 69 18
6 70 20
6 71 24
6 72 21
6 73 20
6 74 20
6 75 22
6 76 19
6 77 22
6 78 21
6 79 19
6 80 23
6 81 24
6 82 22
6 83 18
6 84 20
6 85 25
6 86 21
6 87 16
6 88 21
6 89 19
6 90 23
6 91 18
6 92 23
6 93 15
6 94 22
6 95 16
6 96 21
6 97 19
6 98 17
6 99 21
6 100 21
6 101 20
6 102 19
6 103 20
6 104 18
6 105 22
6 106 21
6 107 18
6 108 19
6 109 20
6 110 19
6 111 18
6 112 17
6 113 18
6 114 19
6 115 18
6 116 22
6 117 21
6 118 24
6 119 19
6 120 20
6 121 21
6 122 19
6 123 19
6 124 21
6 125 19
6 126 23
6 127 18
6 128 22
6 129 19
6 130 21
6 131 21
6 132 18
6 133 22
6 134 19
6 135 20
6 136 20
6 137 23
6 138 18
7 7 0
7 8 19
7 9 23
7 10 19
7 11 19
7 12 21
7 13 21
7 14 20
7 15 18
7 16 23
7 17 20
7 18 22
7 19 24
7 20 20
7 21 20
7 22 19
7 23 25
7 24 19
7 25 19
7 26 22
7 27 23
7 28 17
7 29 22
7 30 20
7 31 19
7 32 17
7 33 18
7 34 21
7 35 18
7 36 22
7 37 21
7 38 22
7 39 18
7 40 17
7 41 25
7 42 14
7 43 18
7 44 20
7 45 23
7 46 16
7 47 17
7 48 21
7 49 19
7 50 18
7 51 17
7 52 15
7 53 18
7 54 19
7 55 21
7 56 19
7 57 23
7 58 21
7 59 22
7 60 20
7 61 22
7 62 18
7 63 19
7 64 18
7 65 19
7 66 19
7 67 19
7 68 21
7 69 18
7 70 22
7 71 23
7 72 21
7 73 18
7 74 18
7 75 19
7 76 21
7 77 22
7 78 18
7 79 21
7 80 22
7 81 21
7 82 25
7 83 20
7 84 17
7 85 20
7 86 20
7 87 20
7 88 19
7 89 19
7 90 22
7 91 21
7 92 17
7 93 19
7 94 18
7 95 21
7 96 22
7 97 19
7 98 20
7 99 19
7 100 18
7 101 21
7 102 19
7 103 19
7 104 20
7 105 22
7 106 23
7 107 20
7 108 17
7 109 20
7 110 19
7 111 23
7 112 19
7 113 21
7 114 19
7 115 21
7 116 18
7 117 21
7 118 17
7 119 19
7 120 22
7 121 18
7 122 18
7 123 25
7 124 21
7 125 16
7 126 19
7 127 17
7 128 19
7 129 18
7 130 19
7 131 18
7 132 21
7 133 22
7 134 20
7 135 21
7 136 23
7 137 21
7 138 20
8 8 0
8 9 22
8 10 21
8 11 18
8 12 22
8 13 22
8 14 24
8 15 22
8 16 20
8 17 18
8 18 16
8 19 20
8 20 19
8 21 18
8 22 20
8 23 21
8 24 16
8 25 23
8 26 21
8 27 22
8 28 18
8 29 18
8 30 19
8 31 20
8 32 24
8 33 22
8 34 19
8 35 19
8 36 21
8 37 21
8 38 22
8 39 21
8 40 21
8 41 20
8 42 22
8 43 19
8 44 19
8 45 20
8 46 22
8 47 18
8 48 20
8 49 21
8 50 19
8 51 18
8 52 20
8 53 16
8 54 21
8 55 25
8 56 20
8 57 18
8 58 20
8 59 19
8 60 20
8 61 23
8 62 19
8 63 22
8 64 19
8 65 21
8 66 21
8 67 21
8 68 18
8 69 19
8 70 20
8 71 21
8 72 17
8 73 20
8 74 21
8 75 18
8 76 21
8 77 19
8 78 20
8 79 24
8 80 18
8 81 19
8 82 18
8 83 24
8 84 21
8 85 16
8 86 23
8 87 20
8 88 21
8 89 19
8 90 21
8 91 21
8 92 18
8 93 20
8 94 19
8 95 21
8 96 22
8 97 19
8 98 22
8 99 22
8 100 20
8 101 19
8 102 20
8 103 20
8 104 21
8 105 19
8 106 19
8 107 19
8 108 20
8 109 24
8 110 22
8 111 24
8 112 23
8 113 19
8 114 17
8 115 19
8 116 18
8 117 19
8 118 21
8 119 24
8 120 20
8 121 22
8 122 20
8 123 18
8 124 24
8 125 20
8 126 23
8 127 18
8 128 20
8 129 19
8 130 20
8 131 18
8 132 22
8 133 23
8 134 20
8 135 24
8 136 18
8 137 21
8 138 20
9 9 0
9 10 0
9 11 0
9 12 19
9 13 21
9 14 17
9 15 21
9 16 20
9 17 18
9 18 19
9 19 21
9 20 20
9 21 21
9 22 20
9 23 21
9 24 20
9 25 23
9 26 18
9 27 19
9 28 18
9 29 20
9 30 22
9 31 21
9 32 19
9 33 19
9 34 21
9 35 18
9 36 22
9 37 19
9 38 21
9 39 20
9 40 22
9 41 22
9 42 18
9 43 25
9 44 23
9 45 19
9 46 21
9 47 21
9 48 19
9 49 18
9 50 18
9 51 20
9 52 20
9 53 21
9 54 24
9 55 19
9 56 20
9 57 22
9 58 22
9 59 23
9 60 20
9 61 19
9 62 20
9 63 20
9 64 17
9 65 21
9 66 19
9 67 20
9 68 22
9 69 20
9 70 20
9 71 22
9 72 18
9 73 22
9 74 24
9 75 23
9 76 19
9 77 22
9 78 21
9 79 19
9 80 21
9 81 19
9 82 19
9 83 19
9 84 19
9 85 20
9 86 17
9 87 21
9 88 20
9 89 20
9 90 20
9 91 20
9 92 19
9 93 19
9 94 21
9 95 21
9 96 19
9 97 22
9 98 19
9 99 21
9 100 16
9 101 18
9 102 18
9 103 19
9 104 24
9 105 20
9 106 20
9 107 17
9 108 23
9 109 16
9 110 21
9 111 23
9 112 20
9 113 20
9 114 19
9 115 20
9 116 18
9 117 20
9 118 18
9 119 20
9 120 23
9 121 19
9 122 22
9 123 13
9 124 22
9 125 21
9 126 18
9 127 24
9 128 25
9 129 17
9 130 21
9 131 21
9 132 19
9 133 19
9 134 19
9 135 22
9 136 18
9 137 21
9 138 23
10 10 0
10 11 0
10 12 23
10 13 19
10 14 17
10 15 18
10 16 18
10 17 23
10 18 16
10 19 21
10 20 19
10 21 22
10 22 21
10 23 19
10 24 19
10 25 19
10 26 20
10 27 21
10 28 22
10 29 21
10 30 16
10 31 20
10 32 18
10 33 19
10 34 18
10 35 21
10 36 19
10 37 20
10 38 20
10 39 19
10 40 18
10 41 18
10 42 19
10 43 19
10 44 22
10 45 22
10 46 21
10 47 18
10 48 17
10 49 18
10 50 22
10 51 21
10 52 20
10 53 19
10 54 22
10 55 19
10 56 22
10 57 21
10 58 20
10 59 21
10 60 18
10 61 22
10 62 19
10 63 16
10 64 22
10 65 24
10 66 20
10 67 19
10 68 19
10 69 19
10 70 19
10 71 24
10 72 18
10 73 22
10 74 17
10 75 20
10 76 24
10 77 18
10 78 20
10 79 19
10 80 19
10 81 18
10 82 17
10 83 18
10 84 20
10 85 19
10 86 19
10 87 22
10 88 19
10 89 20
10 90 20
10 91 23
10 92 17
10 93 22
10 94 19
10 95 23
10 96 20
10 97 21
10 98 18
10 99 20
10 100 17
10 101 19
10 102 20
10 103 20
10 104 19
10 105 19
10 106 21
10 107 22
10 108 25
10 109 20
10 110 22
10 111 22
10 112 22
10 113 20
10 114 21
10 115 19
10 116 20
10 117 21
10 118 23
10 119 23
10 120 18
10 121 20
10 122 18
10 123 20
10 124 23
10 125 19
10 126 17
10 127 18
10 128 18
10 129 23
10 130 21
10 131 22
10 132 19
10 133 15
10 134 20
10 135 18
10 136 19
10 137 22
10 138 20
11 11 0
11 12 21
11 13 23
11 14 20
11 15 22
11 16 19
11 17 21
11 18 21
11 19 17
11 20 22
11 21 21
11 22 21
11 23 21
11 24 21
11 25 18
11 26 18
11 27 19
11 28 21
11 29 21
11 30 19
11 31 24
11 32 19
11 33 22
11 34 20
11 35 21
11 36 17
11 37 21
11 38 24
11 39 16
11 40 24
11 41 20
11 42 18
11 43 20
11 44 22
11 45 20
11 46 18
11 47 21
11 48 19
11 49 17
11 50 20
11 51 17
11 52 20
11 53 21
11 54 23
11 55 18
11 56 22
11 57 18
11 58 19
11 59 21
11 60 21
11 61 18
11 62 22
11 63 19
11 64 21
11 65 22
11 66 18
11 67 18
11 68 19
11 69 23
11 70 16
11 71 16
11 72 20
11 73 19
11 74 22
11 75 17
11 76 18
11 77 23
11 78 21
11 79 22
11 80 18
11 81 20
11 82 20
11 83 23
11 84 20
11 85 21
11 86 18
11 87 21
11 88 22
11 89 22
11 90 20
11 91 23
11 92 13
11 93 21
11 94 23
11 95 20
11 96 22
11 97 19
11 98 19
11 99 20
11 100 16
11 101 22
11 102 21
11 103 18
11 104 16
11 105 18
11 106 21
11 107 23
11 108 23
11 109 18
11 110 21
11 111 19
11 112 19
11 113 23
11 114 20
11 115 21
11 116 21
11 117 22
11 118 25
11 119 19
11 120 23
11 121 18
11 122 17
11 123 19
11 124 22
11 125 20
11 126 20
11 127 22
11 128 20
11 129 18
11 130 16
11 131 20
11 132 20
11 133 23
11 134 23
11 135 18
11 136 16
11 137 15
11 138 21
12 12 0
12 13 0
12 14 0
12 15 0
12 16 0
12 17 0
12 18 0
12 19 0
12 20 0
12 21 0
12 22 20
12 23 20
12 24 21
12 25 19
12 26 21
12 27 18
12 28 19
12 29 19
12 30 20
12 31 21
12 32 20
12 33 16
12 34 20
12 35 19
12 36 20
12 37 22
12 38 19
12 39 19
12 40 21
12 41 19
12 42 22
12 43 20
12 44 20
12 45 18
12 46 25
12 47 18
12 48 20
12 49 22
12 50 19
12 51 21
12 52 18
12 53 22
12 54 17
12 55 18
12 56 21
12 57 23
12 58 19
12 59 19
12 60 18
12 61 16
12 62 20
12 63 18
12 64 21
12 65 21
12 66 18
12 67 19
12 68 19
12 69 19
12 70 22
12 71 19
12 72 17
12 73 16
12 74 22
12 75 23
12 76 21
12 77 22
12 78 22
12 79 19
12 80 18
12 81 21
12 82 24
12 83 20
12 84 20
12 85 18
12 86 20
12 87 21
12 88 20
12 89 18
12 90 22
12 91 19
12 92 19
12 93 21
12 94 19
12 95 15
12 96 17
12 97 21
12 98 23
12 99 19
12 100 21
12 101 23
12 102 18
12 103 19
12 104 20
12 105 18
12 106 19
12 107 19
12 108 17
12 109 20
12 110 22
12 111 22
12 112 24
12 113 22
12 114 21
12 115 20
12 116 22
12 117 20
12 118 22
12 119 15
12 120 22
12 121 20
12 122 23
12 123 23
12 124 23
12 125 21
12 126 19
12 127 20
12 128 21
12 129 16
12 130 19
12 131 22
12 132 21
12 133 22
12 134 17
12 135 21
12 136 22
12 137 22
12 138 19
13 13 0
13 14 0
13 15 0
13 16 0
13 17 0
13 18 0
13 19 0
13 20 0
13 21 0
13 22 21
13 23 20
13 24 21
13 25 15
13 26 20
13 27 19
13 28 19
13 29 17
13 30 19
13 31 21
13 32 20
13 33 22
13 34 22
13 35 19
13 36 23
13 37 18
13 38 20
13 39 19
13 40 21
13 41 19
13 42 19
13 43 21
13 44 25
13 45 19
13 46 19
13 47 21
13 48 20
13 49 18
13 50 22
13 51 18
13 52 22
13 53 17
13 54 22
13 55 18
13 56 19
13 57 18
13 58 19
13 59 24
13 60 19
13 61 23
13 62 19
13 63 21
13 64 19
13 65 19
13 66 21
13 67 20
13 68 17
13 69 25
13 70 21
13 71 20
13 72 18
13 73 20
13 74 20
13 75 22
13 76 19
13 77 20
13 78 22
13 79 22
13 80 18
13 81 21
13 82 19
13 83 20
13 84 20
13 85 20
13 86 22
13 87 22
13 88 21
13 89 18
13 90 18
13 91 21
13 92 20
13 93 22
13 94 21
13 95 21
13 96 17
13 97 21
13 98 18
13 99 22
13 100 20
13 101 21
13 102 19
13 103 21
13 104 17
13 105 20
13 106 20
13 107 19
13 108 20
13 109 23
13 110 24
13 111 24
13 112 25
13 113 21
13 114 19
13 115 21
13 116 20
13 117 20
13 118 20
13 119 19
13 120 20
13 121 19
13 122 20
13 123 19
13 124 21
13 125 20
13 126 22
13 127 22
13 128 21
13 129 18
13 130 20
13 131 19
13 132 20
13 133 22
13 134 22
13 135 20
13 136 21
13 137 22
13 138 21
14 14 0
14 15 0
14 16 0
14 17 0
14 18 0
14 19 0
14 20 0
14 21 0
14 22 20
14 23 22
14 24 22
14 25 22
14 26 22
14 27 21
14 28 18
14 29 21
14 30 21
14 31 24
14 32 21
14 33 20
14 34 17
14 35 20
14 36 22
14 37 20
14 38 19
14 39 18
14 40 23
14 41 19
14 42 20
14 43 20
14 44 23
14 45 21
14 46 21
14 47 19
14 48 21
14 49 21
14 50 22
14 51 21
14 52 21
14 53 22
14 54 20
14 55 17
14 56 17
14 57 20
14 58 24
14 59 21
14 60 18
14 61 17
14 62 22
14 63 19
14 64 22
14 65 22
14 66 21
14 67 20
14 68 21
14 69 20
14 70 19
14 71 18
14 72 21
14 73 19
14 74 20
14 75 20
14 76 21
14 77 19
14 78 20
14 79 20
14 80 19
14 81 20
14 82 18
14 83 21
14 84 22
14 85 18
14 86 20
14 87 19
14 88 23
14 89 22
14 90 19
14 91 18
14 92 17
14 93 19
14 94 20
14 95 22
14 96 20
14 97 20
14 98 20
14 99 22
14 100 19
14 101 19
14 102 19
14 103 19
14 104 20
14 105 24
14 106 19
14 107 21
14 108 20
14 109 19
14 110 20
14 111 20
14 112 19
14 113 16
14 114 19
14 115 20
14 116 21
14 117 24
14 118 22
14 119 19
14 120 19
14 121 19
14 122 17
14 123 19
14 124 17
14 125 23
14 126 22
14 127 19
14 128 20
14 129 21
14 130 20
14 131 20
14 132 20
14 133 20
14 134 21
14 135 19
14 136 20
14 137 19
14 138 21
15 15 0
15 16 0
15 17 0
15 18 0
15 19 0
15 20 0
15 21 0
15 22 20
15 23 23
15 24 19
15 25 17
15 26 19
15 27 23
15 28 22
15 29 23
15 30 22
15 31 21
15 32 23
15 33 19
15 34 17
15 35 17
15 36 23
15 37 22
15 38 21
15 39 18
15 40 18
15 41 24
15 42 17
15 43 19
15 44 18
15 45 22
15 46 23
15 47 22
15 48 24
15 49 23
15 50 23
15 51 22
15 52 16
15 53 19
15 54 19
15 55 20
15 56 20
15 57 21
15 58 21
15 59 16
15 60 20
15 61 19
15 62 23
15 63 23
15 64 18
15 65 19
15 66 20
15 67 23
15 68 16
15 69 18
15 70 21
15 71 18
15 72 22
15 73 20
15 74 21
15 75 20
15 76 18
15 77 22
15 78 18
15 79 21
15 80 18
15 81 23
15 82 20
15 83 21
15 84 20
15 85 18
15 86 18
15 87 21
15 88 21
15 89 20
15 90 18
15 91 20
15 92 18
15 93 24
15 94 22
15 95 25
15 96 19
15 97 18
15 98 20
15 99 17
15 100 19
15 101 17
15 102 20
15 103 18
15 104 18
15 105 23
15 106 22
15 107 19
15 108 23
15 109 21
15 110 21
15 111 19
15 112 19
15 113 23
15 114 21
15 115 21
15 116 22
15 117 18
15 118 20
15 119 21
15 120 18
15 121 22
15 122 20
15 123 25
15 124 19
15 125 21
15 126 21
15 127 18
15 128 15
15 129 23
15 130 22
15 131 19
15 132 22
15 133 19
15 134 20
15 135 20
15 136 16
15 137 16
15 138 21
16 16 0
16 17 0
16 18 0
16 19 0
16 20 0
16 21 0
16 22 18
16 23 18
16 24 21
16 25 20
16 26 22
16 27 22
16 28 23
16 29 14
16 30 19
16 31 18
16 32 19
16 33 17
16 34 23
16 35 20
16 36 17
16 37 17
16 38 21
16 39 22
16 40 20
16 41 20
16 42 23
16 43 21
16 44 20
16 45 21
16 46 21
16 47 23
16 48 21
16 49 18
16 50 22
16 51 21
16 52 21
16 53 19
16 54 19
16 55 23
16 56 20
16 57 20
16 58 19
16 59 20
16 60 23
16 61 18
16 62 21
16 63 23
16 64 20
16 65 20
16 66 20
16 67 20
16 68 20
16 69 21
16 70 20
16 71 19
16 72 19
16 73 26
16 74 21
16 75 18
16 76 23
16 77 22
16 78 20
16 79 17
16 80 19
16 81 19
16 82 23
16 83 19
16 84 21
16 85 22
16 86 18
16 87 18
16 88 17
16 89 18
16 90 24
16 91 23
16 92 20
16 93 18
16 94 21
16 95 20
16 96 21
16 97 19
16 98 20
16 99 23
16 100 17
16 101 23
16 102 20
16 103 19
16 104 20
16 105 21
16 106 19
16 107 17
16 108 20
16 109 20
16 110 22
16 111 17
16 112 20
16 113 24
16 114 24
16 115 19
16 116 16
16 117 22
16 118 22
16 119 21
16 120 20
16 121 24
16 122 18
16 123 19
16 124 20
16 125 21
16 126 22
16 127 20
16 128 21
16 129 19
16 130 22
16 131 18
16 132 21
16 133 19
16 134 18
16 135 19
16 136 18
16 137 15
16 138 23
17 17 0
17 18 0
17 19 0
17 20 0
17 21 0
17 22 17
17 23 22
17 24 20
17 25 20
17 26 18
17 27 17
17 28 18
17 29 22
17 30 16
17 31 22
17 32 20
17 33 17
17 34 23
17 35 21
17 36 20
17 37 21
17 38 21
17 39 20
17 40 23
17 41 20
17 42 19
17 43 18
17 44 22
17 45 19
17 46 20
17 47 20
17 48 16
17 49 17
17 50 22
17 51 20
17 52 15
17 53 19
17 54 22
17 55 21
17 56 25
17 57 19
17 58 17
17 59 20
17 60 23
17 61 19
17 62 18
17 63 22
17 64 22
17 65 19
17 66 20
17 67 24
17 68 21
17 69 17
17 70 18
17 71 24
17 72 14
17 73 23
17 74 22
17 75 19
17 76 21
17 77 21
17 78 20
17 79 23
17 80 16
17 81 25
17 82 21
17 83 21
17 84 21
17 85 19
17 86 19
17 87 23
17 88 20
17 89 22
17 90 22
17 91 22
17 92 21
17 93 22
17 94 19
17 95 24
17 96 23
17 97 21
17 98 19
17 99 22
17 100 18
17 101 18
17 102 21
17 103 23
17 104 22
17 105 20
17 106 22
17 107 23
17 108 23
17 109 16
17 110 17
17 111 20
17 112 14
17 113 20
17 114 18
17 115 20
17 116 21
17 117 22
17 118 21
17 119 19
17 120 20
17 121 19
17 122 19
17 123 20
17 124 21
17 125 22
17 126 23
17 127 19
17 128 18
17 129 20
17 130 19
17 131 18
17 132 20
17 133 19
17 134 18
17 135 20
17 136 18
17 137 20
17 138 22
18 18 0
18 19 0
18 20 0
18 21 0
18 22 24
18 23 22
18 24 24
18 25 23
18 26 21
18 27 19
18 28 20
18 29 22
18 30 20
18 31 24
18 32 19
18 33 20
18 34 21
18 35 19
18 36 20
18 37 18
18 38 18
18 39 21
18 40 17
18 41 21
18 42 21
18 43 21
18 44 20
18 45 25
18 46 20
18 47 21
18 48 21
18 49 19
18 50 20
18 51 18
18 52 23
18 53 23
18 54 21
18 55 19
18 56 22
18 57 20
18 58 20
18 59 19
18 60 21
18 61 20
18 62 22
18 63 18
18 64 18
18 65 20
18 66 23
18 67 20
18 68 22
18 69 17
18 70 23
18 71 18
18 72 19
18 73 21
18 74 22
18 75 21
18 76 21
18 77 20
18 78 18
18 79 18
18 80 19
18 81 18
18 82 22
18 83 20
18 84 23
18 85 21
18 86 20
18 87 18
18 88 20
18 89 23
18 90 23
18 91 19
18 92 17
18 93 19
18 94 18
18 95 21
18 96 17
18 97 19
18 98 21
18 99 23
18 100 23
18 101 21
18 102 21
18 103 20
18 104 17
18 105 19
18 106 20
18 107 15
18 108 20
18 109 20
18 110 17
18 111 19
18 112 18
18 113 19
18 114 18
18 115 20
18 116 16
18 117 22
18 118 20
18 119 21
18 120 20
18 121 21
18 122 21
18 123 21
18 124 17
18 125 17
18 126 16
18 127 19
18 128 14
18 129 22
18 130 21
18 131 22
18 132 23
18 133 21
18 134 22
18 135 19
18 136 20
18 137 21
18 138 19
19 19 0
19 20 0
19 21 0
19 22 16
19 23 21
19 24 20
19 25 20
19 26 21
19 27 19
19 28 23
19 29 18
19 30 19
19 31 23
19 32 19
19 33 20
19 34 21
19 35 20
19 36 23
19 37 22
19 38 19
19 39 20
19 40 19
19 41 21
19 42 21
19 43 21
19 44 18
19 45 19
19 46 16
19 47 22
19 48 17
19 49 20
19 50 19
19 51 22
19 52 15
19 53 20
19 54 21
19 55 23
19 56 23
19 57 21
19 58 20
19 59 21
19 60 23
19 61 15
19 62 22
19 63 19
19 64 21
19 65 20
19 66 25
19 67 22
19 68 19
19 69 23
19 70 17
19 71 18
19 72 18
19 73 21
19 74 21
19 75 21
19 76 17
19 77 18
19 78 18
19 79 23
19 80 22
19 81 19
19 82 23
19 83 24
19 84 22
19 85 21
19 86 18
19 87 22
19 88 19
19 89 20
19 90 20
19 91 18
19 92 21
19 93 14
19 94 18
19 95 19
19 96 21
19 97 18
19 98 23
19 99 17
19 100 19
19 101 19
19 102 23
19 103 21
19 104 24
19 105 17
19 106 19
19 107 21
19 108 23
19 109 22
19 110 24
19 111 19
19 112 19
19 113 21
19 114 21
19 115 19
19 116 19
19 117 19
19 118 21
19 119 24
19 120 21
19 121 20
19 122 19
19 123 17
19 124 21
19 125 19
19 126 20
19 127 22
19 128 19
19 129 23
19 130 21
19 131 18
19 132 18
19 133 20
19 134 21
19 135 22
19 136 20
19 137 17
19 138 24
20 20 0
20 21 0
20 22 19
20 23 21
20 24 21
20 25 19
20 26 20
20 27 19
20 28 23
20 29 23
20 30 21
20 31 20
20 32 22
20 33 20
20 34 20
20 35 22
20 36 21
20 37 20
20 38 20
20 39 17
20 40 19
20 41 20
20 42 20
20 43 22
20 44 21
20 45 18
20 46 20
20 47 22
20 48 19
20 49 17
20 50 22
20 51 19
20 52 19
20 53 19
20 54 17
20 55 21
20 56 21
20 57 22
20 58 20
20 59 19
20 60 20
20 61 15
20 62 24
20 63 19
20 64 21
20 65 19
20 66 20
20 67 20
20 68 19
20 69 20
20 70 21
20 71 22
20 72 21
20 73 21
20 74 20
20 75 22
20 76 20
20 77 19
20 78 24
20 79 19
20 80 19
20 81 19
20 82 21
20 83 17
20 84 19
20 85 19
20 86 20
20 87 19
20 88 22
20 89 25
20 90 18
20 91 22
20 92 20
20 93 23
20 94 23
20 95 19
20 96 17
20 97 19
20 98 19
20 99 21
20 100 17
20 101 20
20 102 20
20 103 21
20 104 23
20 105 21
20 106 21
20 107 22
20 108 18
20 109 17
20 110 19
20 111 22
20 112 24
20 113 16
20 114 21
20 115 20
20 116 19
20 117 20
20 118 18
20 119 18
20 120 24
20 121 19
20 122 23
20 123 21
20 124 19
20 125 23
20 126 20
20 127 22
20 128 21
20 129 19
20 130 21
20 131 18
20 132 20
20 133 21
20 134 21
20 135 21
20 136 21
20 137 20
20 138 20
21 21 0
21 22 23
21 23 20
21 24 19
21 25 21
21 26 19
21 27 19
21 28 19
21 29 19
21 30 21
21 31 22
21 32 22
21 33 16
21 34 19
21 35 24
21 36 19
21 37 19
21 38 19
21 39 20
21 40 20
21 41 22
21 42 20
21 43 17
21 44 20
21 45 22
21 46 20
21 47 23
21 48 20
21 49 21
21 50 21
21 51 22
21 52 20
21 53 20
21 54 16
21 55 17
21 56 24
21 57 22
21 58 18
21 59 19
21 60 20
21 61 23
21 62 19
21 63 20
21 64 24
21 65 17
21 66 21
21 67 17
21 68 20
21 69 22
21 70 21
21 71 23
21 72 20
21 73 19
21 74 21
21 75 21
21 76 18
21 77 19
21 78 20
21 79 17
21 80 19
21 81 18
21 82 19
21 83 20
21 84 24
21 85 21
21 86 19
21 87 19
21 88 19
21 89 18
21 90 16
21 91 20
21 92 17
21 93 19
21 94 19
21 95 20
21 96 20
21 97 23
21 98 23
21 99 22
21 100 20
21 101 22
21 102 19
21 103 22
21 104 22
21 105 21
21 106 24
21 107 15
21 108 19
21 109 18
21 110 20
21 111 18
21 112 24
21 113 20
21 114 20
21 115 21
21 116 20
21 117 20
21 118 23
21 119 20
21 120 19
21 121 19
21 122 22
21 123 19
21 124 18
21 125 22
21 126 17
21 127 24
21 128 20
21 129 18
21 130 20
21 131 21
21 132 22
21 133 17
21 134 18
21 135 15
21 136 21
21 137 21
21 138 16
22 22 0
22 23 0
22 24 0
22 25 19
22 26 21
22 27 19
22 28 20
22 29 22
22 30 22
22 31 20
22 32 22
22 33 21
22 34 20
22 35 21
22 36 22
22 37 19
22 38 21
22 39 20
22 40 19
22 41 21
22 42 20
22 43 20
22 44 21
22 45 16
22 46 20
22 47 21
22 48 19
22 49 22
22 50 24
22 51 21
22 52 21
22 53 19
22 54 22
22 55 21
22 56 19
22 57 20
22 58 16
22 59 20
22 60 21
22 61 19
22 62 21
22 63 19
22 64 20
22 65 23
22 66 20
22 67 17
22 68 21
22 69 20
22 70 20
22 71 20
22 72 21
22 73 17
22 74 23
22 75 20
22 76 23
22 77 21
22 78 18
22 79 18
22 80 20
22 81 19
22 82 16
22 83 22
22 84 18
22 85 23
22 86 22
22 87 22
22 88 21
22 89 22
22 90 18
22 91 23
22 92 19
22 93 20
22 94 17
22 95 16
22 96 20
22 97 17
22 98 21
22 99 22
22 100 22
22 101 21
22 102 22
22 103 19
22 104 23
22 105 21
22 106 22
22 107 16
22 108 21
22 109 21
22 110 19
22 111 23
22 112 21
22 113 18
22 114 20
22 115 19
22 116 19
22 117 16
22 118 21
22 119 21
22 120 20
22 121 17
22 122 23
22 123 15
22 124 21
22 125 19
22 126 20
22 127 20
22 128 25
22 129 23
22 130 21
22 131 19
22 132 20
22 133 18
22 134 21
22 135 21
22 136 21
22 137 17
22 138 20
23 23 0
23 24 0
23 25 18
23 26 17
23 27 21
23 28 22
23 29 18
23 30 19
23 31 18
23 32 22
23 33 18
23 34 21
23 35 18
23 36 18
23 37 18
23 38 24
23 39 19
23 40 18
23 41 22
23 42 22
23 43 22
23 44 18
23 45 20
23 46 18
23 47 23
23 48 21
23 49 21
23 50 20
23 51 21
23 52 19
23 53 20
23 54 21
23 55 20
23 56 21
23 57 19
23 58 17
23 59 20
23 60 20
23 61 17
23 62 19
23 63 19
23 64 24
23 65 20
23 66 22
23 67 20
23 68 17
23 69 17
23 70 21
23 71 20
23 72 20
23 73 19
23 74 18
23 75 19
23 76 20
23 77 23
23 78 19
23 79 22
23 80 22
23 81 24
23 82 20
23 83 20
23 84 20
23 85 21
23 86 19
23 87 15
23 88 22
23 89 17
23 90 21
23 91 20
23 92 21
23 93 23
23 94 22
23 95 19
23 96 20
23 97 19
23 98 20
23 99 20
23 100 16
23 101 18
23 102 19
23 103 22
23 104 17
23 105 18
23 106 23
23 107 18
23 108 19
23 109 18
23 110 19
23 111 17
23 112 22
23 113 22
23 114 17
23 115 20
23 116 18
23 117 24
23 118 22
23 119 18
23 120 24
23 121 18
23 122 21
23 123 20
23 124 20
23 125 21
23 126 20
23 127 23
23 128 20
23 129 22
23 130 22
23 131 22
23 132 20
23 133 20
23 134 21
23 135 19
23 136 21
23 137 19
23 138 20
24 24 0
24 25 19
24 26 16
24 27 19
24 28 20
24 29 21
24 30 20
24 31 19
24 32 16
24 33 22
24 34 17
24 35 20
24 36 16
24 37 16
24 38 19
24 39 19
24 40 20
24 41 21
24 42 22
24 43 22
24 44 19
24 45 21
24 46 20
24 47 18
24 48 20
24 49 18
24 50 20
24 51 20
24 52 18
24 53 19
24 54 22
24 55 25
24 56 18
24 57 18
24 58 20
24 59 18
24 60 19
24 61 20
24 62 21
24 63 20
24 64 21
24 65 21
24 66 21
24 67 20
24 68 20
24 69 21
24 70 22
24 71 19
24 72 23
24 73 18
24 74 20
24 75 22
24 76 17
24 77 22
24 78 21
24 79 21
24 80 19
24 81 21
24 82 21
24 83 21
24 84 20
24 85 20
24 86 21
24 87 22
24 88 19
24 89 21
24 90 20
24 91 22
24 92 20
24 93 23
24 94 17
24 95 21
24 96 20
24 97 23
24 98 19
24 99 19
24 100 18
24 101 21
24 102 20
24 103 17
24 104 20
24 105 18
24 106 19
24 107 21
24 108 19
24 109 20
24 110 22
24 111 20
24 112 18
24 113 23
24 114 15
24 115 21
24 116 22
24 117 21
24 118 22
24 119 20
24 120 21
24 121 20
24 122 21
24 123 17
24 124 21
24 125 21
24 126 19
24 127 19
24 128 21
24 129 21
24 130 21
24 131 18
24 132 17
24 133 21
24 134 18
24 135 23
24 136 17
24 137 20
24 138 19
25 25 0
25 26 0
25 27 0
25 28 20
25 29 22
25 30 23
25 31 17
25 32 18
25 33 18
25 34 22
25 35 19
25 36 21
25 37 22
25 38 21
25 39 20
25 40 20
25 41 18
25 42 16
25 43 20
25 44 20
25 45 22
25 46 18
25 47 15
25 48 18
25 49 18
25 50 22
25 51 20
25 52 21
25 53 24
25 54 21
25 55 18
25 56 19
25 57 20
25 58 20
25 59 23
25 60 18
25 61 23
25 62 21
25 63 19
25 64 19
25 65 20
25 66 19
25 67 21
25 68 17
25 69 22
25 70 21
25 71 22
25 72 16
25 73 21
25 74 21
25 75 20
25 76 22
25 77 18
25 78 22
25 79 20
25 80 21
25 81 20
25 82 22
25 83 19
25 84 15
25 85 21
25 86 23
25 87 23
25 88 15
25 89 22
25 90 19
25 91 20
25 92 20
25 93 23
25 94 21
25 95 21
25 96 24
25 97 20
25 98 21
25 99 19
25 100 19
25 101 22
25 102 20
25 103 19
25 104 19
25 105 20
25 106 22
25 107 19
25 108 21
25 109 18
25 110 23
25 111 20
25 112 20
25 113 22
25 114 15
25 115 18
25 116 20
25 117 21
25 118 19
25 119 16
25 120 17
25 121 24
25 122 22
25 123 20
25 124 20
25 125 19
25 126 20
25 127 16
25 128 18
25 129 18
25 130 21
25 131 17
25 132 21
25 133 20
25 134 21
25 135 22
25 136 17
25 137 21
25 138 21
26 26 0
26 27 0
26 28 20
26 29 17
26 30 16
26 31 22
26 32 21
26 33 23
26 34 22
26 35 19
26 36 17
26 37 19
26 38 19
26 39 15
26 40 23
26 41 21
26 42 19
26 43 21
26 44 17
26 45 20
26 46 21
26 47 20
26 48 21
26 49 21
26 50 21
26 51 20
26 52 18
26 53 17
26 54 18
26 55 20
26 56 20
26 57 21
26 58 17
26 59 22
26 60 16
26 61 21
26 62 19
26 63 20
26 64 19
26 65 17
26 66 23
26 67 20
26 68 21
26 69 19
26 70 19
26 71 20
26 72 22
26 73 23
26 74 21
26 75 22
26 76 22
26 77 22
26 78 21
26 79 23
26 80 17
26 81 19
26 82 19
26 83 23
26 84 18
26 85 22
26 86 20
26 87 21
26 88 23
26 89 21
26 90 21
26 91 19
26 92 20
26 93 23
26 94 24
26 95 20
26 96 22
26 97 20
26 98 22
26 99 21
26 100 22
26 101 16
26 102 18
26 103 19
26 104 17
26 105 20
26 106 19
26 107 19
26 108 21
26 109 21
26 110 21
26 111 25
26 112 19
26 113 19
26 114 21
26 115 17
26 116 19
26 117 20
26 118 20
26 119 21
26 120 21
26 121 16
26 122 20
26 123 19
26 124 20
26 125 21
26 126 19
26 127 19
26 128 18
26 129 20
26 130 18
26 131 21
26 132 20
26 133 21
26 134 20
26 135 19
26 136 18
26 137 17
26 138 16
27 27 0
27 28 20
27 29 20
27 30 19
27 31 18
27 32 21
27 33 27
27 34 25
27 35 22
27 36 21
27 37 22
27 38 19
27 39 20
27 40 20
27 41 20
27 42 19
27 43 21
27 44 23
27 45 19
27 46 23
27 47 22
27 48 20
27 49 20
27 50 20
27 51 18
27 52 19
27 53 21
27 54 18
27 55 14
27 56 16
27 57 22
27 58 18
27 59 23
27 60 17
27 61 22
27 62 21
27 63 20
27 64 21
27 65 22
27 66 24
27 67 18
27 68 19
27 69 20
27 70 20
27 71 22
27 72 22
27 73 17
27 74 20
27 75 19
27 76 22
27 77 21
27 78 18
27 79 19
27 80 21
27 81 21
27 82 18
27 83 20
27 84 20
27 85 19
27 86 13
27 87 19
27 88 18
27 89 21
27 90 18
27 91 19
27 92 19
27 93 20
27 94 21
27 95 19
27 96 20
27 97 23
27 98 20
27 99 22
27 100 20
27 101 21
27 102 22
27 103 23
27 104 17
27 105 19
27 106 23
27 107 22
27 108 18
27 109 22
27 110 19
27 111 22
27 112 19
27 113 22
27 114 18
27 115 18
27 116 20
27 117 19
27 118 20
27 119 18
27 120 19
27 121 20
27 122 18
27 123 23
27 124 19
27 125 20
27 126 17
27 127 17
27 128 19
27 129 24
27 130 21
27 131 22
27 132 20
27 133 21
27 134 19
27 135 20
27 136 21
27 137 23
27 138 17
28 28 0
28 29 20
28 30 19
28 31 19
28 32 18
28 33 20
28 34 19
28 35 19
28 36 21
28 37 25
28 38 23
28 39 21
28 40 21
28 41 22
28 42 19
28 43 23
28 44 22
28 45 22
28 46 20
28 47 22
28 48 21
28 49 18
28 50 20
28 51 19
28 52 19
28 53 22
28 54 24
28 55 21
28 56 18
28 57 22
28 58 23
28 59 18
28 60 19
28 61 19
28 62 22
28 63 18
28 64 22
28 65 20
28 66 16
28 67 22
28 68 22
28 69 20
28 70 21
28 71 21
28 72 18
28 73 20
28 74 20
28 75 22
28 76 21
28 77 22
28 78 18
28 79 21
28 80 21
28 81 23
28 82 23
28 83 21
28 84 18
28 85 20
28 86 23
28 87 19
28 88 20
28 89 21
28 90 17
28 91 21
28 92 19
28 93 20
28 94 18
28 95 19
28 96 19
28 97 20
28 98 19
28 99 22
28 100 19
28 101 25
28 102 18
28 103 18
28 104 21
28 105 18
28 106 19
28 107 22
28 108 20
28 109 19
28 110 16
28 111 19
28 112 23
28 113 18
28 114 22
28 115 18
28 116 21
28 117 19
28 118 17
28 119 19
28 120 22
28 121 22
28 122 16
28 123 20
28 124 20
28 125 21
28 126 20
28 127 19
28 128 18
28 129 20
28 130 18
28 131 20
28 132 20
28 133 18
28 134 18
28 135 22
28 136 22
28 137 17
28 138 23
29 29 0
29 30 0
29 31 21
29 32 20
29 33 22
29 34 23
29 35 21
29 36 20
29 37 20
29 38 20
29 39 26
29 40 19
29 41 18
29 42 21
29 43 21
29 44 24
29 45 21
29 46 19
29 47 21
29 48 18
29 49 20
29 50 19
29 51 20
29 52 24
29 53 18
29 54 21
29 55 19
29 56 20
29 57 18
29 58 14
29 59 19
29 60 20
29 61 20
29 62 18
29 63 19
29 64 22
29 65 26
29 66 19
29 67 22
29 68 19
29 69 21
29 70 17
29 71 20
29 72 19
29 73 23
29 74 18
29 75 21
29 76 22
29 77 20
29 78 19
29 79 20
29 80 23
29 81 22
29 82 23
29 83 21
29 84 20
29 85 19
29 86 19
29 87 20
29 88 20
29 89 20
29 90 19
29 91 18
29 92 20
29 93 21
29 94 21
29 95 21
29 96 19
29 97 17
29 98 24
29 99 15
29 100 19
29 101 16
29 102 22
29 103 20
29 104 16
29 105 21
29 106 20
29 107 18
29 108 21
29 109 18
29 110 19
29 111 23
29 112 23
29 113 20
29 114 19
29 115 17
29 116 21
29 117 22
29 118 18
29 119 18
29 120 18
29 121 17
29 122 14
29 123 20
29 124 19
29 125 19
29 126 20
29 127 20
29 128 20
29 129 20
29 130 20
29 131 20
29 132 22
29 133 16
29 134 19
29 135 22
29 136 18
29 137 20
29 138 18
30 30 0
30 31 18
30 32 21
30 33 20
30 34 18
30 35 21
30 36 22
30 37 21
30 38 20
30 39 21
30 40 18
30 41 23
30 42 14
30 43 15
30 44 18
30 45 20
30 46 22
30 47 22
30 48 20
30 49 25
30 50 20
30 51 21
30 52 20
30 53 21
30 54 22
30 55 18
30 56 22
30 57 21
30 58 19
30 59 22
30 60 20
30 61 16
30 62 19
30 63 20
30 64 18
30 65 24
30 66 18
30 67 16
30 68 21
30 69 26
30 70 22
30 71 19
30 72 21
30 73 23
30 74 18
30 75 20
30 76 18
30 77 21
30 78 20
30 79 18
30 80 22
30 81 22
30 82 20
30 83 21
30 84 20
30 85 21
30 86 23
30 87 20
30 88 15
30 89 19
30 90 21
30 91 22
30 92 19
30 93 20
30 94 19
30 95 19
30 96 23
30 97 20
30 98 20
30 99 19
30 100 22
30 101 20
30 102 21
30 103 20
30 104 19
30 105 23
30 106 18
30 107 19
30 108 25
30 109 19
30 110 20
30 111 20
30 112 18
30 113 24
30 114 18
30 115 24
30 116 21
30 117 22
30 118 21
30 119 17
30 120 18
30 121 18
30 122 20
30 123 23
30 124 23
30 125 24
30 126 21
30 127 23
30 128 24
30 129 18
30 130 21
30 131 17
30 132 20
30 133 18
30 134 15
30 135 19
30 136 23
30 137 20
30 138 21
31 31 0
31 32 0
31 33 0
31 34 0
31 35 0
31 36 0
31 37 0
31 38 0
31 39 0
31 40 0
31 41 16
31 42 20
31 43 20
31 44 20
31 45 20
31 46 20
31 47 18
31 48 17
31 49 18
31 50 18
31 51 21
31 52 19
31 53 19
31 54 19
31 55 21
31 56 21
31 57 20
31 58 18
31 59 23
31 60 21
31 61 20
31 62 21
31 63 21
31 64 20
31 65 20
31 66 21
31 67 17
31 68 23
31 69 24
31 70 19
31 71 16
31 72 18
31 73 19
31 74 17
31 75 22
31 76 19
31 77 17
31 78 20
31 79 18
31 80 18
31 81 26
31 82 17
31 83 20
31 84 17
31 85 22
31 86 21
31 87 21
31 88 20
31 89 20
31 90 22
31 91 21
31 92 21
31 93 21
31 94 18
31 95 23
31 96 17
31 97 21
31 98 22
31 99 20
31 100 21
31 101 18
31 102 21
31 103 21
31 104 21
31 105 18
31 106 20
31 107 17
31 108 19
31 109 21
31 110 23
31 111 20
31 112 21
31 113 24
31 114 20
31 115 22
31 116 20
31 117 17
31 118 18
31 119 19
31 120 20
31 121 22
31 122 21
31 123 19
31 124 17
31 125 20
31 126 21
31 127 17
31 128 21
31 129 16
31 130 18
31 131 18
31 132 20
31 133 22
31 134 20
31 135 19
31 136 19
31 137 18
31 138 21
32 32 0
32 33 0
32 34 0
32 35 0
32 36 0
32 37 0
32 38 0
32 39 0
32 40 0
32 41 18
32 42 22
32 43 19
32 44 19
32 45 20
32 46 18
32 47 20
32 48 19
32 49 21
32 50 19
32 51 19
32 52 19
32 53 22
32 54 21
32 55 20
32 56 21
32 57 19
32 58 20
32 59 19
32 60 21
32 61 21
32 62 19
32 63 20
32 64 18
32 65 24
32 66 22
32 67 17
32 68 20
32 69 20
32 70 19
32 71 22
32 72 19
32 73 17
32 74 19
32 75 26
32 76 22
32 77 20
32 78 17
32 79 20
32 80 21
32 81 21
32 82 22
32 83 20
32 84 23
32 85 20
32 86 18
32 87 19
32 88 19
32 89 21
32 90 20
32 91 21
32 92 20
32 93 17
32 94 20
32 95 21
32 96 23
32 97 20
32 98 22
32 99 18
32 100 21
32 101 19
32 102 22
32 103 18
32 104 21
32 105 19
32 106 19
32 107 21
32 108 22
32 109 15
32 110 20
32 111 22
32 112 18
32 113 21
32 114 22
32 115 18
32 116 19
32 117 15
32 118 21
32 119 23
32 120 20
32 121 21
32 122 18
32 123 19
32 124 15
32 125 22
32 126 19
32 127 20
32 128 22
32 129 21
32 130 22
32 131 18
32 132 23
32 133 21
32 134 17
32 135 19
32 136 19
32 137 18
32 138 16
33 33 0
33 34 0
33 35 0
33 36 0
33 37 0
33 38 0
33 39 0
33 40 0
33 41 19
33 42 20
33 43 20
33 44 21
33 45 21
33 46 21
33 47 23
33 48 21
33 49 18
33 50 23
33 51 20
33 52 18
33 53 20
33 54 21
33 55 18
33 56 17
33 57 22
33 58 20
33 59 20
33 60 22
33 61 18
33 62 18
33 63 18
33 64 18
33 65 19
33 66 20
33 67 20
33 68 20
33 69 18
33 70 20
33 71 16
33 72 18
33 73 21
33 74 22
33 75 23
33 76 18
33 77 21
33 78 24
33 79 17
33 80 21
33 81 21
33 82 19
33 83 20
33 84 19
33 85 16
33 86 19
33 87 19
33 88 21
33 89 16
33 90 21
33 91 22
33 92 21
33 93 20
33 94 20
33 95 20
33 96 19
33 97 18
33 98 21
33 99 18
33 100 19
33 101 24
33 102 19
33 103 23
33 104 21
33 105 22
33 106 20
33 107 22
33 108 18
33 109 23
33 110 21
33 111 23
33 112 18
33 113 19
33 114 20
33 115 18
33 116 18
33 117 16
33 118 19
33 119 21
33 120 18
33 121 20
33 122 19
33 123 21
33 124 20
33 125 21
33 126 22
33 127 22
33 128 20
33 129 19
33 130 17
33 131 20
33 132 20
33 133 20
33 134 22
33 135 20
33 136 21
33 137 19
33 138 22
34 34 0
34 35 0
34 36 0
34 37 0
34 38 0
34 39 0
34 40 0
34 41 18
34 42 20
34 43 18
34 44 19
34 45 20
34 46 23
34 47 18
34 48 20
34 49 22
34 50 21
34 51 20
34 52 22
34 53 19
34 54 23
34 55 15
34 56 18
34 57 21
34 58 20
34 59 21
34 60 20
34 61 21
34 62 22
34 63 19
34 64 17
34 65 20
34 66 18
34 67 20
34 68 20
34 69 17
34 70 20
34 71 21
34 72 22
34 73 17
34 74 20
34 75 21
34 76 19
34 77 23
34 78 19
34 79 23
34 80 22
34 81 21
34 82 19
34 83 19
34 84 20
34 85 21
34 86 19
34 87 16
34 88 19
34 89 16
34 90 20
34 91 16
34 92 19
34 93 20
34 94 20
34 95 22
34 96 18
34 97 19
34 98 24
34 99 22
34 100 20
34 101 20
34 102 22
34 103 16
34 104 21
34 105 17
34 106 22
34 107 21
34 108 21
34 109 23
34 110 18
34 111 22
34 112 22
34 113 24
34 114 22
34 115 21
34 116 22
34 117 14
34 118 16
34 119 20
34 120 22
34 121 18
34 122 18
34 123 18
34 124 21
34 125 19
34 126 23
34 127 21
34 128 23
34 129 22
34 130 24
34 131 22
34 132 20
34 133 22
34 134 18
34 135 22
34 136 20
34 137 19
34 138 22
35 35 0
35 36 0
35 37 0
35 38 0
35 39 0
35 40 0
35 41 26
35 42 21
35 43 19
35 44 18
35 45 21
35 46 22
35 47 21
35 48 21
35 49 22
35 50 21
35 51 18
35 52 18
35 53 16
35 54 20
35 55 20
35 56 18
35 57 20
35 58 19
35 59 20
35 60 19
35 61 17
35 62 23
35 63 19
35 64 22
35 65 21
35 66 21
35 67 21
35 68 21
35 69 21
35 70 16
35 71 15
35 72 23
35 73 22
35 74 22
35 75 19
35 76 18
35 77 18
35 78 18
35 79 18
35 80 18
35 81 19
35 82 19
35 83 22
35 84 20
35 85 18
35 86 22
35 87 20
35 88 21
35 89 19
35 90 19
35 91 21
35 92 21
35 93 20
35 94 20
35 95 18
35 96 20
35 97 24
35 98 18
35 99 19
35 100 24
35 101 18
35 102 20
35 103 18
35 104 20
35 105 17
35 106 22
35 107 20
35 108 18
35 109 20
35 110 21
35 111 20
35 112 19
35 113 19
35 114 21
35 115 21
35 116 20
35 117 19
35 118 22
35 119 18
35 120 18
35 121 21
35 122 21
35 123 20
35 124 16
35 125 20
35 126 18
35 127 23
35 128 19
35 129 15
35 130 18
35 131 21
35 132 19
35 133 19
35 134 20
35 135 20
35 136 17
35 137 24
35 138 22
36 36 0
36 37 0
36 38 0
36 39 0
36 40 0
36 41 17
36 42 22
36 43 25
36 44 21
36 45 17
36 46 19
36 47 22
36 48 20
36 49 18
36 50 23
36 51 18
36 52 19
36 53 20
36 54 19
36 55 23
36 56 19
36 57 19
36 58 20
36 59 21
36 60 23
36 61 22
36 62 20
36 63 20
36 64 19
36 65 19
36 66 19
36 67 19
36 68 17
36 69 22
36 70 21
36 71 21
36 72 22
36 73 20
36 74 19
36 75 21
36 76 17
36 77 22
36 78 21
36 79 18
36 80 19
36 81 22
36 82 21
36 83 19
36 84 17
36 85 23
36 86 21
36 87 18
36 88 21
36 89 20
36 90 21
36 91 23
36 92 22
36 93 19
36 94 19
36 95 24
36 96 21
36 97 22
36 98 19
36 99 21
36 100 21
36 101 20
36 102 22
36 103 19
36 104 19
36 105 20
36 106 21
36 107 21
36 108 21
36 109 18
36 110 22
36 111 21
36 112 22
36 113 20
36 114 18
36 115 21
36 116 22
36 117 23
36 118 19
36 119 17
36 120 19
36 121 22
36 122 18
36 123 22
36 124 18
36 125 23
36 126 20
36 127 19
36 128 20
36 129 17
36 130 17
36 131 19
36 132 16
36 133 23
36 134 22
36 135 20
36 136 17
36 137 21
36 138 22
37 37 0
37 38 0
37 39 0
37 40 0
37 41 19
37 42 21
37 43 22
37 44 25
37 45 19
37 46 21
37 47 21
37 48 23
37 49 22
37 50 20
37 51 20
37 52 22
37 53 22
37 54 13
37 55 15
37 56 21
37 57 25
37 58 24
37 59 18
37 60 21
37 61 20
37 62 23
37 63 15
37 64 23
37 65 20
37 66 21
37 67 17
37 68 17
37 69 23
37 70 22
37 71 18
37 72 21
37 73 21
37 74 25
37 75 21
37 76 18
37 77 23
37 78 21
37 79 18
37 80 20
37 81 19
37 82 21
37 83 20
37 84 19
37 85 17
37 86 22
37 87 19
37 88 19
37 89 18
37 90 20
37 91 19
37 92 19
37 93 21
37 94 21
37 95 22
37 96 21
37 97 19
37 98 24
37 99 19
37 100 22
37 101 21
37 102 19
37 103 19
37 104 21
37 105 22
37 106 15
37 107 21
37 108 21
37 109 19
37 110 25
37 111 18
37 112 18
37 113 15
37 114 23
37 115 19
37 116 19
37 117 20
37 118 18
37 119 18
37 120 19
37 121 23
37 122 20
37 123 20
37 124 22
37 125 26
37 126 20
37 127 21
37 128 21
37 129 21
37 130 18
37 131 20
37 132 20
37 133 16
37 134 21
37 135 22
37 136 18
37 137 21
37 138 19
38 38 0
38 39 0
38 40 0
38 41 21
38 42 18
38 43 20
38 44 19
38 45 17
38 46 16
38 47 17
38 48 18
38 49 17
38 50 21
38 51 19
38 52 17
38 53 18
38 54 21
38 55 20
38 56 20
38 57 20
38 58 22
38 59 19
38 60 15
38 61 21
38 62 20
38 63 17
38 64 22
38 65 20
38 66 18
38 67 18
38 68 22
38 69 20
38 70 22
38 71 20
38 72 23
38 73 17
38 74 22
38 75 14
38 76 18
38 77 20
38 78 18
38 79 22
38 80 19
38 81 20
38 82 20
38 83 16
38 84 20
38 85 22
38 86 23
38 87 22
38 88 20
38 89 18
38 90 18
38 91 22
38 92 16
38 93 22
38 94 18
38 95 21
38 96 23
38 97 19
38 98 23
38 99 21
38 100 21
38 101 19
38 102 20
38 103 23
38 104 19
38 105 22
38 106 21
38 107 22
38 108 18
38 109 23
38 110 20
38 111 20
38 112 17
38 113 21
38 114 19
38 115 18
38 116 22
38 117 16
38 118 18
38 119 25
38 120 16
38 121 20
38 122 21
38 123 21
38 124 20
38 125 22
38 126 20
38 127 21
38 128 20
38 129 22
38 130 19
38 131 19
38 132 20
38 133 23
38 134 22
38 135 22
38 136 21
38 137 21
38 138 19
39 39 0
39 40 0
39 41 16
39 42 18
39 43 20
39 44 21
39 45 19
39 46 19
39 47 21
39 48 22
39 49 18
39 50 23
39 51 26
39 52 19
39 53 22
39 54 16
39 55 18
39 56 19
39 57 21
39 58 22
39 59 23
39 60 21
39 61 23
39 62 19
39 63 21
39 64 19
39 65 18
39 66 19
39 67 17
39 68 20
39 69 23
39 70 22
39 71 21
39 72 19
39 73 22
39 74 16
39 75 24
39 76 18
39 77 18
39 78 20
39 79 23
39 80 20
39 81 20
39 82 20
39 83 20
39 84 21
39 85 20
39 86 19
39 87 20
39 88 22
39 89 20
39 90 20
39 91 20
39 92 20
39 93 21
39 94 17
39 95 20
39 96 20
39 97 20
39 98 16
39 99 17
39 100 18
39 101 21
39 102 18
39 103 14
39 104 23
39 105 22
39 106 16
39 107 22
39 108 23
39 109 19
39 110 19
39 111 19
39 112 22
39 113 18
39 114 21
39 115 22
39 116 17
39 117 18
39 118 20
39 119 19
39 120 18
39 121 22
39 122 19
39 123 20
39 124 17
39 125 19
39 126 20
39 127 16
39 128 23
39 129 23
39 130 22
39 131 20
39 132 21
39 133 21
39 134 18
39 135 17
39 136 19
39 137 20
39 138 17
40 40 0
40 41 21
40 42 20
40 43 23
40 44 21
40 45 20
40 46 18
40 47 19
40 48 19
40 49 20
40 50 21
40 51 20
40 52 23
40 53 23
40 54 20
40 55 23
40 56 20
40 57 20
40 58 20
40 59 19
40 60 20
40 61 21
40 62 18
40 63 21
40 64 24
40 65 19
40 66 20
40 67 23
40 68 22
40 69 21
40 70 21
40 71 19
40 72 22
40 73 20
40 74 18
40 75 23
40 76 22
40 77 19
40 78 22
40 79 19
40 80 21
40 81 21
40 82 17
40 83 24
40 84 20
40 85 15
40 86 17
40 87 19
40 88 18
40 89 20
40 90 21
40 91 20
40 92 16
40 93 22
40 94 19
40 95 18
40 96 20
40 97 20
40 98 23
40 99 18
40 100 18
40 101 20
40 102 18
40 103 17
40 104 17
40 105 21
40 106 18
40 107 17
40 108 23
40 109 18
40 110 19
40 111 21
40 112 19
40 113 20
40 114 23
40 115 23
40 116 19
40 117 17
40 118 22
40 119 19
40 120 25
40 121 22
40 122 18
40 123 18
40 124 19
40 125 21
40 126 18
40 127 19
40 128 21
40 129 22
40 130 22
40 131 20
40 132 20
40 133 22
40 134 17
40 135 14
40 136 23
40 137 19
40 138 20
41 41 0
41 42 0
41 43 0
41 44 0
41 45 0
41 46 0
41 47 20
41 48 24
41 49 20
41 50 18
41 51 17
41 52 16
41 53 20
41 54 18
41 55 24
41 56 20
41 57 20
41 58 22
41 59 22
41 60 18
41 61 19
41 62 19
41 63 20
41 64 20
41 65 15
41 66 17
41 67 21
41 68 20
41 69 21
41 70 21
41 71 18
41 72 19
41 73 21
41 74 20
41 75 16
41 76 21
41 77 20
41 78 18
41 79 22
41 80 18
41 81 21
41 82 22
41 83 21
41 84 20
41 85 19
41 86 17
41 87 20
41 88 16
41 89 23
41 90 19
41 91 19
41 92 22
41 93 22
41 94 22
41 95 20
41 96 20
41 97 22
41 98 21
41 99 20
41 100 21
41 101 19
41 102 20
41 103 21
41 104 25
41 105 23
41 106 17
41 107 20
41 108 20
41 109 19
41 110 17
41 111 17
41 112 19
41 113 24
41 114 21
41 115 19
41 116 24
41 117 22
41 118 22
41 119 23
41 120 15
41 121 23
41 122 21
41 123 19
41 124 17
41 125 16
41 126 19
41 127 18
41 128 20
41 129 20
41 130 25
41 131 19
41 132 18
41 133 18
41 134 19
41 135 24
41 136 18
41 137 19
41 138 24
42 42 0
42 43 0
42 44 0
42 45 0
42 46 0
42 47 22
42 48 21
42 49 19
42 50 19
42 51 16
42 52 24
42 53 18
42 54 15
42 55 18
42 56 23
42 57 23
42 58 18
42 59 20
42 60 22
42 61 22
42 62 22
42 63 23
42 64 24
42 65 22
42 66 21
42 67 23
42 68 21
42 69 21
42 70 21
42 71 22
42 72 21
42 73 22
42 74 17
42 75 15
42 76 19
42 77 15
42 78 21
42 79 19
42 80 20
42 81 19
42 82 22
42 83 22
42 84 19
42 85 22
42 86 22
42 87 18
42 88 21
42 89 20
42 90 20
42 91 20
42 92 21
42 93 22
42 94 24
42 95 23
42 96 16
42 97 20
42 98 23
42 99 22
42 100 18
42 101 21
42 102 18
42 103 21
42 104 22
42 105 16
42 106 17
42 107 22
42 108 21
42 109 21
42 110 21
42 111 20
42 112 17
42 113 22
42 114 18
42 115 20
42 116 15
42 117 18
42 118 19
42 119 15
42 120 19
42 121 21
42 122 22
42 123 19
42 124 21
42 125 21
42 126 20
42 127 22
42 128 21
42 129 19
42 130 20
42 131 18
42 132 21
42 133 18
42 134 17
42 135 15
42 136 18
42 137 13
42 138 19
43 43 0
43 44 0
43 45 0
43 46 0
43 47 19
43 48 20
43 49 20
43 50 24
43 51 18
43 52 21
43 53 14
43 54 20
43 55 19
43 56 20
43 57 22
43 58 22
43 59 21
43 60 25
43 61 23
43 62 22
43 63 15
43 64 19
43 65 22
43 66 21
43 67 22
43 68 21
43 69 19
43 70 20
43 71 22
43 72 18
43 73 19
43 74 20
43 75 20
43 76 21
43 77 19
43 78 23
43 79 22
43 80 18
43 81 20
43 82 22
43 83 19
43 84 18
43 85 19
43 86 19
43 87 17
43 88 19
43 89 18
43 90 18
43 91 21
43 92 21
43 93 21
43 94 22
43 95 21
43 96 19
43 97 21
43 98 19
43 99 19
43 100 19
43 101 21
43 102 14
43 103 20
43 104 22
43 105 20
43 106 21
43 107 22
43 108 22
43 109 23
43 110 19
43 111 21
43 112 25
43 113 20
43 114 19
43 115 22
43 116 18
43 117 20
43 118 16
43 119 21
43 120 16
43 121 18
43 122 22
43 123 18
43 124 17
43 125 19
43 126 17
43 127 17
43 128 16
43 129 17
43 130 20
43 131 21
43 132 21
43 133 22
43 134 19
43 135 23
43 136 22
43 137 19
43 138 21
44 44 0
44 45 0
44 46 0
44 47 23
44 48 21
44 49 21
44 50 19
44 51 24
44 52 20
44 53 18
44 54 20
44 55 17
44 56 18
44 57 19
44 58 19
44 59 21
44 60 21
44 61 18
44 62 16
44 63 21
44 64 20
44 65 21
44 66 21
44 67 21
44 68 20
44 69 18
44 70 21
44 71 15
44 72 18
44 73 22
44 74 19
44 75 21
44 76 22
44 77 21
44 78 19
44 79 21
44 80 23
44 81 21
44 82 18
44 83 22
44 84 18
44 85 23
44 86 24
44 87 18
44 88 21
44 89 20
44 90 22
44 91 21
44 92 20
44 93 20
44 94 22
44 95 14
44 96 19
44 97 25
44 98 18
44 99 19
44 100 21
44 101 21
44 102 19
44 103 19
44 104 18
44 105 21
44 106 20
44 107 22
44 108 18
44 109 19
44 110 22
44 111 21
44 112 17
44 113 19
44 114 23
44 115 25
44 116 22
44 117 20
44 118 20
44 119 23
44 120 22
44 121 23
44 122 22
44 123 21
44 124 22
44 125 19
44 126 21
44 127 17
44 128 19
44 129 19
44 130 20
44 131 20
44 132 21
44 133 20
44 134 21
44 135 20
44 136 21
44 137 21
44 138 19
45 45 0
45 46 0
45 47 21
45 48 18
45 49 25
45 50 21
45 51 22
45 52 20
45 53 19
45 54 18
45 55 21
45 56 17
45 57 20
45 58 18
45 59 18
45 60 23
45 61 21
45 62 22
45 63 19
45 64 16
45 65 22
45 66 18
45 67 19
45 68 18
45 69 20
45 70 19
45 71 21
45 72 20
45 73 20
45 74 20
45 75 21
45 76 19
45 77 19
45 78 24
45 79 21
45 80 20
45 81 18
45 82 22
45 83 18
45 84 22
45 85 15
45 86 21
45 87 17
45 88 24
45 89 20
45 90 20
45 91 23
45 92 25
45 93 21
45 94 21
45 95 22
45 96 23
45 97 23
45 98 17
45 99 18
45 100 20
45 101 13
45 102 20
45 103 19
45 104 21
45 105 18
45 106 20
45 107 15
45 108 21
45 109 25
45 110 20
45 111 20
45 112 19
45 113 22
45 114 23
45 115 18
45 116 18
45 117 18
45 118 22
45 119 16
45 120 24
45 121 19
45 122 18
45 123 21
45 124 21
45 125 22
45 126 22
45 127 20
45 128 15
45 129 20
45 130 19
45 131 19
45 132 18
45 133 20
45 134 20
45 135 19
45 136 24
45 137 26
45 138 17
46 46 0
46 47 18
46 48 18
46 49 20
46 50 22
46 51 23
46 52 22
46 53 21
46 54 19
46 55 22
46 56 19
46 57 20
46 58 20
46 59 23
46 60 18
46 61 18
46 62 15
46 63 21
46 64 19
46 65 20
46 66 22
46 67 22
46 68 19
46 69 20
46 70 19
46 71 19
46 72 16
46 73 18
46 74 21
46 75 20
46 76 20
46 77 22
46 78 18
46 79 23
46 80 21
46 81 23
46 82 22
46 83 22
46 84 19
46 85 19
46 86 23
46 87 19
46 88 17
46 89 22
46 90 21
46 91 20
46 92 21
46 93 21
46 94 20
46 95 18
46 96 21
46 97 22
46 98 21
46 99 20
46 100 20
46 101 19
46 102 16
46 103 19
46 104 18
46 105 19
46 106 18
46 107 19
46 108 22
46 109 16
46 110 18
46 111 20
46 112 23
46 113 20
46 114 21
46 115 20
46 116 22
46 117 19
46 118 20
46 119 20
46 120 21
46 121 21
46 122 21
46 123 21
46 124 18
46 125 21
46 126 20
46 127 23
46 128 19
46 129 21
46 130 18
46 131 19
46 132 21
46 133 16
46 134 20
46 135 22
46 136 18
46 137 19
46 138 20
47 47 0
47 48 0
47 49 20
47 50 21
47 51 19
47 52 19
47 53 21
47 54 20
47 55 19
47 56 20
47 57 19
47 58 24
47 59 20
47 60 21
47 61 19
47 62 22
47 63 20
47 64 20
47 65 22
47 66 23
47 67 20
47 68 23
47 69 24
47 70 19
47 71 20
47 72 19
47 73 19
47 74 19
47 75 21
47 76 19
47 77 19
47 78 20
47 79 18
47 80 21
47 81 20
47 82 20
47 83 20
47 84 19
47 85 18
47 86 18
47 87 19
47 88 20
47 89 22
47 90 23
47 91 26
47 92 20
47 93 23
47 94 25
47 95 19
47 96 18
47 97 23
47 98 21
47 99 18
47 100 23
47 101 25
47 102 17
47 103 18
47 104 23
47 105 18
47 106 24
47 107 23
47 108 19
47 109 18
47 110 17
47 111 20
47 112 20
47 113 20
47 114 19
47 115 24
47 116 22
47 117 20
47 118 17
47 119 21
47 120 21
47 121 23
47 122 20
47 123 18
47 124 19
47 125 22
47 126 22
47 127 19
47 128 18
47 129 20
47 130 23
47 131 19
47 132 19
47 133 21
47 134 19
47 135 19
47 136 21
47 137 21
47 138 22
48 48 0
48 49 18
48 50 19
48 51 21
48 52 22
48 53 15
48 54 17
48 55 21
48 56 18
48 57 22
48 58 23
48 59 22
48 60 20
48 61 16
48 62 19
48 63 22
48 64 15
48 65 24
48 66 19
48 67 21
48 68 20
48 69 20
48 70 18
48 71 17
48 72 19
48 73 20
48 74 18
48 75 18
48 76 18
48 77 20
48 78 21
48 79 18
48 80 18
48 81 21
48 82 21
48 83 20
48 84 18
48 85 22
48 86 19
48 87 21
48 88 24
48 89 19
48 90 16
48 91 20
48 92 20
48 93 16
48 94 20
48 95 23
48 96 22
48 97 20
48 98 22
48 99 22
48 100 15
48 101 24
48 102 20
48 103 21
48 104 20
48 105 18
48 106 20
48 107 21
48 108 23
48 109 19
48 110 20
48 111 21
48 112 21
48 113 19
48 114 23
48 115 21
48 116 17
48 117 20
48 118 15
48 119 20
48 120 19
48 121 18
48 122 17
48 123 24
48 124 20
48 125 18
48 126 22
48 127 19
48 128 16
48 129 17
48 130 19
48 131 20
48 132 21
48 133 21
48 134 22
48 135 19
48 136 21
48 137 20
48 138 21
49 49 0
49 50 0
49 51 0
49 52 0
49 53 0
49 54 0
49 55 0
49 56 0
49 57 0
49 58 20
49 59 17
49 60 20
49 61 22
49 62 19
49 63 20
49 64 19
49 65 21
49 66 20
49 67 23
49 68 18
49 69 19
49 70 20
49 71 19
49 72 22
49 73 20
49 74 24
49 75 22
49 76 22
49 77 21
49 78 19
49 79 19
49 80 22
49 81 21
49 82 21
49 83 19
49 84 21
49 85 19
49 86 21
49 87 20
49 88 20
49 89 22
49 90 20
49 91 21
49 92 22
49 93 20
49 94 17
49 95 17
49 96 20
49 97 17
49 98 19
49 99 20
49 100 19
49 101 21
49 102 20
49 103 22
49 104 23
49 105 20
49 106 21
49 107 21
49 108 20
49 109 19
49 110 24
49 111 14
49 112 19
49 113 20
49 114 23
49 115 22
49 116 21
49 117 20
49 118 21
49 119 18
49 120 18
49 121 22
49 122 19
49 123 21
49 124 19
49 125 20
49 126 17
49 127 19
49 128 19
49 129 19
49 130 20
49 131 16
49 132 24
49 133 20
49 134 24
49 135 17
49 136 20
49 137 19
49 138 17
50 50 0
50 51 0
50 52 0
50 53 0
50 54 0
50 55 0
50 56 0
50 57 0
50 58 19
50 59 20
50 60 21
50 61 22
50 62 17
50 63 20
50 64 19
50 65 17
50 66 19
50 67 19
50 68 20
50 69 19
50 70 21
50 71 18
50 72 18
50 73 20
50 74 24
50 75 19
50 76 21
50 77 19
50 78 18
50 79 20
50 80 24
50 81 19
50 82 18
50 83 20
50 84 19
50 85 22
50 86 17
50 87 20
50 88 20
50 89 20
50 90 20
50 91 21
50 92 18
50 93 21
50 94 21
50 95 17
50 96 22
50 97 20
50 98 23
50 99 17
50 100 16
50 101 19
50 102 20
50 103 18
50 104 16
50 105 18
50 106 21
50 107 22
50 108 17
50 109 20
50 110 20
50 111 23
50 112 20
50 113 19
50 114 19
50 115 18
50 116 18
50 117 22
50 118 18
50 119 22
50 120 22
50 121 18
50 122 19
50 123 20
50 124 20
50 125 24
50 126 22
50 127 20
50 128 20
50 129 21
50 130 20
50 131 22
50 132 20
50 133 24
50 134 22
50 135 20
50 136 23
50 137 18
50 138 20
51 51 0
51 52 0
51 53 0
51 54 0
51 55 0
51 56 0
51 57 0
51 58 20
51 59 20
51 60 26
51 61 22
51 62 24
51 63 21
51 64 18
51 65 16
51 66 22
51 67 19
51 68 17
51 69 19
51 70 22
51 71 17
51 72 15
51 73 19
51 74 21
51 75 22
51 76 21
51 77 20
51 78 18
51 79 19
51 80 19
51 81 20
51 82 22
51 83 21
51 84 18
51 85 19
51 86 21
51 87 21
51 88 20
51 89 17
51 90 19
51 91 21
51 92 25
51 93 21
51 94 21
51 95 19
51 96 20
51 97 18
51 98 17
51 99 17
51 100 19
51 101 23
51 102 21
51 103 18
51 104 20
51 105 21
51 106 21
51 107 17
51 108 19
51 109 20
51 110 22
51 111 20
51 112 19
51 113 22
51 114 21
51 115 18
51 116 23
51 117 21
51 118 22
51 119 21
51 120 20
51 121 21
51 122 20
51 123 20
51 124 19
51 125 19
51 126 20
51 127 21
51 128 21
51 129 24
51 130 24
51 131 22
51 132 21
51 133 20
51 134 20
51 135 20
51 136 19
51 137 21
51 138 20
52 52 0
52 53 0
52 54 0
52 55 0
52 56 0
52 57 0
52 58 22
52 59 21
52 60 23
52 61 18
52 62 18
52 63 17
52 64 22
52 65 20
52 66 19
52 67 17
52 68 20
52 69 20
52 70 18
52 71 20
52 72 21
52 73 21
52 74 16
52 75 21
52 76 24
52 77 23
52 78 21
52 79 21
52 80 20
52 81 18
52 82 17
52 83 21
52 84 21
52 85 18
52 86 19
52 87 20
52 88 18
52 89 20
52 90 22
52 91 19
52 92 19
52 93 24
52 94 20
52 95 19
52 96 19
52 97 19
52 98 18
52 99 17
52 100 23
52 101 18
52 102 20
52 103 16
52 104 17
52 105 21
52 106 23
52 107 23
52 108 21
52 109 21
52 110 18
52 111 22
52 112 25
52 113 19
52 114 22
52 115 19
52 116 21
52 117 19
52 118 17
52 119 18
52 120 23
52 121 21
52 122 20
52 123 20
52 124 21
52 125 24
52 126 21
52 127 21
52 128 20
52 129 21
52 130 23
52 131 18
52 132 18
52 133 20
52 134 18
52 135 17
52 136 20
52 137 21
52 138 15
53 53 0
53 54 0
53 55 0
53 56 0
53 57 0
53 58 19
53 59 18
53 60 21
53 61 20
53 62 19
53 63 19
53 64 20
53 65 23
53 66 21
53 67 21
53 68 21
53 69 21
53 70 20
53 71 20
53 72 20
53 73 24
53 74 15
53 75 19
53 76 17
53 77 21
53 78 17
53 79 17
53 80 19
53 81 19
53 82 20
53 83 24
53 84 20
53 85 19
53 86 18
53 87 21
53 88 19
53 89 23
53 90 17
53 91 21
53 92 22
53 93 20
53 94 15
53 95 20
53 96 23
53 97 21
53 98 25
53 99 19
53 100 16
53 101 22
53 102 21
53 103 16
53 104 21
53 105 20
53 106 22
53 107 17
53 108 17
53 109 20
53 110 23
53 111 22
53 112 15
53 113 18
53 114 21
53 115 16
53 116 16
53 117 19
53 118 22
53 119 20
53 120 18
53 121 18
53 122 20
53 123 21
53 124 21
53 125 24
53 126 20
53 127 21
53 128 20
53 129 20
53 130 18
53 131 21
53 132 21
53 133 19
53 134 18
53 135 22
53 136 21
53 137 19
53 138 20
54 54 0
54 55 0
54 56 0
54 57 0
54 58 21
54 59 17
54 60 19
54 61 19
54 62 19
54 63 22
54 64 22
54 65 20
54 66 20
54 67 21
54 68 20
54 69 19
54 70 20
54 71 20
54 72 18
54 73 20
54 74 22
54 75 19
54 76 20
54 77 18
54 78 21
54 79 21
54 80 20
54 81 14
54 82 19
54 83 17
54 84 20
54 85 18
54 86 17
54 87 22
54 88 19
54 89 19
54 90 21
54 91 15
54 92 17
54 93 20
54 94 22
54 95 20
54 96 20
54 97 18
54 98 19
54 99 18
54 100 18
54 101 18
54 102 17
54 103 21
54 104 20
54 105 23
54 106 17
54 107 21
54 108 21
54 109 20
54 110 22
54 111 19
54 112 17
54 113 21
54 114 18
54 115 19
54 116 23
54 117 22
54 118 22
54 119 16
54 120 20
54 121 19
54 122 18
54 123 23
54 124 20
54 125 22
54 126 22
54 127 20
54 128 19
54 129 22
54 130 22
54 131 22
54 132 20
54 133 21
54 134 20
54 135 20
54 136 22
54 137 18
54 138 22
55 55 0
55 56 0
55 57 0
55 58 21
55 59 16
55 60 19
55 61 20
55 62 22
55 63 18
55 64 18
55 65 20
55 66 22
55 67 19
55 68 20
55 69 22
55 70 18
55 71 20
55 72 19
55 73 21
55 74 22
55 75 17
55 76 21
55 77 18
55 78 21
55 79 19
55 80 20
55 81 21
55 82 18
55 83 19
55 84 22
55 85 23
55 86 21
55 87 20
55 88 19
55 89 17
55 90 18
55 91 18
55 92 20
55 93 21
55 94 20
55 95 20
55 96 18
55 97 22
55 98 22
55 99 19
55 100 20
55 101 19
55 102 20
55 103 17
55 104 22
55 105 22
55 106 27
55 107 22
55 108 21
55 109 20
55 110 20
55 111 21
55 112 19
55 113 21
55 114 20
55 115 22
55 116 21
55 117 22
55 118 19
55 119 19
55 120 25
55 121 20
55 122 23
55 123 19
55 124 24
55 125 22
55 126 21
55 127 23
55 128 20
55 129 23
55 130 21
55 131 20
55 132 19
55 133 21
55 134 20
55 135 22
55 136 20
55 137 19
55 138 16
56 56 0
56 57 0
56 58 21
56 59 18
56 60 17
56 61 22
56 62 18
56 63 21
56 64 20
56 65 21
56 66 21
56 67 19
56 68 21
56 69 21
56 70 19
56 71 20
56 72 16
56 73 20
56 74 18
56 75 20
56 76 23
56 77 19
56 78 17
56 79 16
56 80 19
56 81 20
56 82 17
56 83 21
56 84 21
56 85 20
56 86 22
56 87 24
56 88 20
56 89 19
56 90 18
56 91 23
56 92 19
56 93 17
56 94 21
56 95 17
56 96 18
56 97 20
56 98 22
56 99 23
56 100 22
56 101 17
56 102 18
56 103 16
56 104 22
56 105 20
56 106 17
56 107 22
56 108 21
56 109 19
56 110 21
56 111 21
56 112 20
56 113 18
56 114 21
56 115 21
56 116 20
56 117 21
56 118 25
56 119 19
56 120 20
56 121 16
56 122 21
56 123 18
56 124 21
56 125 19
56 126 22
56 127 21
56 128 21
56 129 18
56 130 20
56 131 20
56 132 17
56 133 23
56 134 23
56 135 19
56 136 19
56 137 22
56 138 20
57 57 0
57 58 18
57 59 18
57 60 23
57 61 20
57 62 19
57 63 17
57 64 19
57 65 19
57 66 23
57 67 20
57 68 21
57 69 20
57 70 19
57 71 22
57 72 22
57 73 18
57 74 22
57 75 23
57 76 19
57 77 19
57 78 19
57 79 17
57 80 18
57 81 23
57 82 19
57 83 23
57 84 19
57 85 17
57 86 20
57 87 24
57 88 19
57 89 21
57 90 24
57 91 16
57 92 22
57 93 19
57 94 17
57 95 17
57 96 21
57 97 19
57 98 22
57 99 21
57 100 17
57 101 20
57 102 22
57 103 22
57 104 21
57 105 19
57 106 21
57 107 23
57 108 15
57 109 22
57 110 23
57 111 23
57 112 19
57 113 19
57 114 15
57 115 19
57 116 20
57 117 19
57 118 22
57 119 22
57 120 20
57 121 19
57 122 18
57 123 22
57 124 22
57 125 20
57 126 21
57 127 18
57 128 20
57 129 22
57 130 18
57 131 18
57 132 23
57 133 17
57 134 19
57 135 19
57 136 22
57 137 23
57 138 18
58 58 0
58 59 0
58 60 0
58 61 0
58 62 0
58 63 0
58 64 0
58 65 0
58 66 0
58 67 20
58 68 19
58 69 20
58 70 17
58 71 24
58 72 24
58 73 18
58 74 19
58 75 22
58 76 19
58 77 20
58 78 18
58 79 24
58 80 19
58 81 22
58 82 22
58 83 23
58 84 20
58 85 19
58 86 22
58 87 23
58 88 22
58 89 23
58 90 25
58 91 18
58 92 21
58 93 20
58 94 17
58 95 20
58 96 21
58 97 21
58 98 14
58 99 20
58 100 19
58 101 22
58 102 18
58 103 22
58 104 18
58 105 20
58 106 25
58 107 24
58 108 17
58 109 21
58 110 18
58 111 21
58 112 18
58 113 19
58 114 21
58 115 17
58 116 19
58 117 18
58 118 22
58 119 22
58 120 17
58 121 20
58 122 22
58 123 22
58 124 19
58 125 19
58 126 16
58 127 22
58 128 21
58 129 24
58 130 15
58 131 22
58 132 20
58 133 23
58 134 21
58 135 19
58 136 20
58 137 21
58 138 23
59 59 0
59 60 0
59 61 0
59 62 0
59 63 0
59 64 0
59 65 0
59 66 0
59 67 20
59 68 21
59 69 19
59 70 23
59 71 22
59 72 23
59 73 21
59 74 21
59 75 19
59 76 18
59 77 19
59 78 16
59 79 21
59 80 18
59 81 19
59 82 20
59 83 19
59 84 20
59 85 20
59 86 20
59 87 21
59 88 20
59 89 18
59 90 20
59 91 20
59 92 20
59 93 24
59 94 19
59 95 21
59 96 19
59 97 22
59 98 19
59 99 18
59 100 21
59 101 17
59 102 23
59 103 21
59 104 21
59 105 25
59 106 18
59 107 17
59 108 19
59 109 23
59 110 19
59 111 20
59 112 26
59 113 21
59 114 19
59 115 20
59 116 22
59 117 21
59 118 19
59 119 17
59 120 21
59 121 21
59 122 15
59 123 17
59 124 20
59 125 19
59 126 21
59 127 21
59 128 20
59 129 19
59 130 20
59 131 21
59 132 21
59 133 22
59 134 23
59 135 23
59 136 19
59 137 18
59 138 22
60 60 0
60 61 0
60 62 0
60 63 0
60 64 0
60 65 0
60 66 0
60 67 18
60 68 19
60 69 19
60 70 20
60 71 21
60 72 20
60 73 20
60 74 20
60 75 22
60 76 23
60 77 20
60 78 24
60 79 21
60 80 23
60 81 23
60 82 21
60 83 22
60 84 18
60 85 19
60 86 19
60 87 21
60 88 20
60 89 21
60 90 18
60 91 19
60 92 21
60 93 19
60 94 21
60 95 20
60 96 20
60 97 19
60 98 22
60 99 18
60 100 21
60 101 22
60 102 21
60 103 22
60 104 22
60 105 24
60 106 20
60 107 20
60 108 19
60 109 20
60 110 22
60 111 25
60 112 20
60 113 21
60 114 17
60 115 19
60 116 18
60 117 19
60 118 20
60 119 23
60 120 22
60 121 23
60 122 19
60 123 20
60 124 18
60 125 20
60 126 24
60 127 16
60 128 20
60 129 18
60 130 20
60 131 19
60 132 26
60 133 19
60 134 22
60 135 20
60 136 18
60 137 19
60 138 20
61 61 0
61 62 0
61 63 0
61 64 0
61 65 0
61 66 0
61 67 22
61 68 22
61 69 17
61 70 20
61 71 20
61 72 21
61 73 22
61 74 19
61 75 19
61 76 21
61 77 21
61 78 21
61 79 22
61 80 17
61 81 18
61 82 23
61 83 22
61 84 22
61 85 24
61 86 17
61 87 23
61 88 19
61 89 19
61 90 15
61 91 20
61 92 20
61 93 22
61 94 22
61 95 19
61 96 19
61 97 21
61 98 21
61 99 22
61 100 20
61 101 16
61 102 18
61 103 20
61 104 21
61 105 18
61 106 17
61 107 19
61 108 18
61 109 19
61 110 19
61 111 19
61 112 21
61 113 19
61 114 20
61 115 19
61 116 18
61 117 18
61 118 24
61 119 16
61 120 20
61 121 19
61 122 17
61 123 24
61 124 17
61 125 22
61 126 21
61 127 22
61 128 21
61 129 20
61 130 18
61 131 21
61 132 20
61 133 24
61 134 19
61 135 21
61 136 19
61 137 16
61 138 15
62 62 0
62 63 0
62 64 0
62 65 0
62 66 0
62 67 17
62 68 18
62 69 19
62 70 22
62 71 21
62 72 20
62 73 18
62 74 25
62 75 18
62 76 19
62 77 19
62 78 24
62 79 23
62 80 24
62 81 22
62 82 19
62 83 20
62 84 19
62 85 22
62 86 17
62 87 20
62 88 21
62 89 21
62 90 20
62 91 22
62 92 21
62 93 19
62 94 21
62 95 20
62 96 21
62 97 18
62 98 20
62 99 19
62 100 24
62 101 22
62 102 16
62 103 19
62 104 20
62 105 20
62 106 20
62 107 18
62 108 21
62 109 18
62 110 21
62 111 21
62 112 25
62 113 18
62 114 22
62 115 18
62 116 23
62 117 20
62 118 20
62 119 21
62 120 22
62 121 16
62 122 17
62 123 21
62 124 21
62 125 24
62 126 23
62 127 22
62 128 18
62 129 19
62 130 19
62 131 15
62 132 17
62 133 21
62 134 19
62 135 20
62 136 20
62 137 19
62 138 18
63 63 0
63 64 0
63 65 0
63 66 0
63 67 22
63 68 20
63 69 20
63 70 20
63 71 23
63 72 20
63 73 21
63 74 22
63 75 23
63 76 18
63 77 20
63 78 20
63 79 21
63 80 23
63 81 18
63 82 20
63 83 19
63 84 16
63 85 19
63 86 22
63 87 21
63 88 25
63 89 19
63 90 20
63 91 20
63 92 19
63 93 19
63 94 21
63 95 21
63 96 21
63 97 19
63 98 22
63 99 23
63 100 18
63 101 16
63 102 19
63 103 23
63 104 22
63 105 18
63 106 18
63 107 18
63 108 20
63 109 17
63 110 17
63 111 18
63 112 23
63 113 22
63 114 19
63 115 18
63 116 21
63 117 19
63 118 22
63 119 18
63 120 20
63 121 20
63 122 22
63 123 23
63 124 20
63 125 19
63 126 18
63 127 21
63 128 19
63 129 20
63 130 18
63 131 23
63 132 20
63 133 23
63 134 19
63 135 22
63 136 18
63 137 20
63 138 20
64 64 0
64 65 0
64 66 0
64 67 20
64 68 20
64 69 19
64 70 20
64 71 19
64 72 20
64 73 18
64 74 26
64 75 19
64 76 23
64 77 16
64 78 18
64 79 19
64 80 20
64 81 20
64 82 18
64 83 24
64 84 22
64 85 21
64 86 19
64 87 20
64 88 22
64 89 18
64 90 18
64 91 19
64 92 17
64 93 18
64 94 18
64 95 20
64 96 20
64 97 21
64 98 18
64 99 17
64 100 19
64 101 19
64 102 21
64 103 21
64 104 19
64 105 24
64 106 20
64 107 16
64 108 16
64 109 17
64 110 21
64 111 24
64 112 20
64 113 22
64 114 19
64 115 18
64 116 20
64 117 23
64 118 25
64 119 20
64 120 16
64 121 19
64 122 19
64 123 17
64 124 21
64 125 18
64 126 19
64 127 20
64 128 20
64 129 17
64 130 21
64 131 18
64 132 23
64 133 19
64 134 19
64 135 21
64 136 18
64 137 19
64 138 20
65 65 0
65 66 0
65 67 20
65 68 19
65 69 19
65 70 21
65 71 19
65 72 23
65 73 19
65 74 18
65 75 18
65 76 18
65 77 20
65 78 22
65 79 21
65 80 20
65 81 23
65 82 22
65 83 21
65 84 18
65 85 21
65 86 18
65 87 24
65 88 22
65 89 18
65 90 23
65 91 20
65 92 21
65 93 16
65 94 22
65 95 20
65 96 19
65 97 20
65 98 21
65 99 21
65 100 24
65 101 22
65 102 20
65 103 24
65 104 21
65 105 20
65 106 21
65 107 19
65 108 23
65 109 21
65 110 19
65 111 19
65 112 16
65 113 19
65 114 22
65 115 19
65 116 21
65 117 23
65 118 17
65 119 20
65 120 20
65 121 20
65 122 20
65 123 21
65 124 19
65 125 20
65 126 21
65 127 18
65 128 21
65 129 18
65 130 18
65 131 15
65 132 19
65 133 22
65 134 21
65 135 22
65 136 21
65 137 17
65 138 19
66 66 0
66 67 18
66 68 20
66 69 18
66 70 19
66 71 17
66 72 19
66 73 17
66 74 20
66 75 21
66 76 19
66 77 23
66 78 24
66 79 20
66 80 26
66 81 18
66 82 22
66 83 17
66 84 22
66 85 21
66 86 20
66 87 20
66 88 21
66 89 19
66 90 17
66 91 22
66 92 23
66 93 18
66 94 17
66 95 19
66 96 18
66 97 19
66 98 18
66 99 17
66 100 19
66 101 20
66 102 23
66 103 16
66 104 17
66 105 21
66 106 19
66 107 22
66 108 21
66 109 20
66 110 22
66 111 21
66 112 21
66 113 17
66 114 21
66 115 20
66 116 21
66 117 19
66 118 23
66 119 19
66 120 17
66 121 21
66 122 22
66 123 22
66 124 19
66 125 21
66 126 23
66 127 20
66 128 18
66 129 20
66 130 20
66 131 22
66 132 20
66 133 22
66 134 19
66 135 21
66 136 19
66 137 20
66 138 21
67 67 0
67 68 0
67 69 0
67 70 22
67 71 18
67 72 19
67 73 19
67 74 21
67 75 21
67 76 19
67 77 20
67 78 22
67 79 20
67 80 20
67 81 17
67 82 20
67 83 27
67 84 19
67 85 26
67 86 18
67 87 20
67 88 20
67 89 23
67 90 19
67 91 21
67 92 21
67 93 21
67 94 17
67 95 22
67 96 19
67 97 20
67 98 21
67 99 19
67 100 22
67 101 23
67 102 18
67 103 17
67 104 21
67 105 19
67 106 15
67 107 16
67 108 22
67 109 20
67 110 20
67 111 22
67 112 18
67 113 23
67 114 17
67 115 19
67 116 20
67 117 17
67 118 18
67 119 21
67 120 21
67 121 21
67 122 18
67 123 17
67 124 22
67 125 18
67 126 20
67 127 25
67 128 18
67 129 20
67 130 21
67 131 21
67 132 20
67 133 19
67 134 22
67 135 23
67 136 20
67 137 21
67 138 23
68 68 0
68 69 0
68 70 19
68 71 25
68 72 21
68 73 21
68 74 20
68 75 16
68 76 22
68 77 18
68 78 21
68 79 18
68 80 20
68 81 18
68 82 19
68 83 19
68 84 17
68 85 19
68 86 20
68 87 21
68 88 20
68 89 17
68 90 22
68 91 22
68 92 23
68 93 17
68 94 20
68 95 19
68 96 21
68 97 21
68 98 22
68 99 18
68 100 18
68 101 21
68 102 21
68 103 19
68 104 19
68 105 19
68 106 23
68 107 22
68 108 22
68 109 18
68 110 19
68 111 21
68 112 22
68 113 22
68 114 22
68 115 22
68 116 18
68 117 19
68 118 18
68 119 20
68 120 19
68 121 18
68 122 20
68 123 19
68 124 19
68 125 17
68 126 20
68 127 19
68 128 20
68 129 20
68 130 18
68 131 20
68 132 17
68 133 22
68 134 24
68 135 19
68 136 22
68 137 20
68 138 21
69 69 0
69 70 22
69 71 17
69 72 23
69 73 21
69 74 24
69 75 18
69 76 18
69 77 21
69 78 23
69 79 17
69 80 18
69 81 21
69 82 20
69 83 21
69 84 19
69 85 22
69 86 20
69 87 18
69 88 21
69 89 19
69 90 23
69 91 18
69 92 20
69 93 23
69 94 20
69 95 22
69 96 23
69 97 18
69 98 19
69 99 17
69 100 20
69 101 21
69 102 23
69 103 19
69 104 18
69 105 20
69 106 19
69 107 23
69 108 19
69 109 23
69 110 22
69 111 21
69 112 18
69 113 21
69 114 21
69 115 19
69 116 19
69 117 19
69 118 21
69 119 20
69 120 19
69 121 20
69 122 20
69 123 20
69 124 21
69 125 21
69 126 19
69 127 20
69 128 21
69 129 17
69 130 24
69 131 19
69 132 17
69 133 19
69 134 21
69 135 21
69 136 23
69 137 21
69 138 18
70 70 0
70 71 0
70 72 18
70 73 20
70 74 21
70 75 23
70 76 20
70 77 21
70 78 20
70 79 21
70 80 20
70 81 20
70 82 18
70 83 24
70 84 23
70 85 20
70 86 20
70 87 22
70 88 23
70 89 21
70 90 20
70 91 19
70 92 19
70 93 19
70 94 19
70 95 16
70 96 20
70 97 20
70 98 21
70 99 24
70 100 23
70 101 19
70 102 23
70 103 19
70 104 18
70 105 17
70 106 22
70 107 22
70 108 21
70 109 20
70 110 21
70 111 19
70 112 20
70 113 16
70 114 22
70 115 22
70 116 17
70 117 17
70 118 20
70 119 18
70 120 17
70 121 22
70 122 24
70 123 21
70 124 17
70 125 23
70 126 18
70 127 21
70 128 22
70 129 19
70 130 21
70 131 16
70 132 17
70 133 18
70 134 18
70 135 19
70 136 19
70 137 18
70 138 19
71 71 0
71 72 21
71 73 21
71 74 22
71 75 22
71 76 24
71 77 21
71 78 20
71 79 20
71 80 19
71 81 19
71 82 22
71 83 18
71 84 20
71 85 19
71 86 17
71 87 20
71 88 20
71 89 22
71 90 15
71 91 20
71 92 22
71 93 20
71 94 21
71 95 22
71 96 21
71 97 20
71 98 17
71 99 17
71 100 20
71 101 18
71 102 22
71 103 19
71 104 19
71 105 21
71 106 17
71 107 20
71 108 20
71 109 18
71 110 24
71 111 15
71 112 20
71 113 19
71 114 18
71 115 20
71 116 19
71 117 18
71 118 22
71 119 23
71 120 20
71 121 18
71 122 18
71 123 19
71 124 20
71 125 20
71 126 21
71 127 25
71 128 19
71 129 21
71 130 20
71 131 18
71 132 21
71 133 22
71 134 22
71 135 17
71 136 21
71 137 22
71 138 23
72 72 0
72 73 0
72 74 0
72 75 0
72 76 0
72 77 0
72 78 0
72 79 0
72 80 20
72 81 19
72 82 21
72 83 21
72 84 20
72 85 21
72 86 22
72 87 18
72 88 19
72 89 17
72 90 25
72 91 21
72 92 19
72 93 17
72 94 21
72 95 22
72 96 20
72 97 24
72 98 19
72 99 21
72 100 19
72 101 19
72 102 23
72 103 21
72 104 20
72 105 21
72 106 18
72 107 20
72 108 19
72 109 22
72 110 20
72 111 20
72 112 22
72 113 20
72 114 20
72 115 22
72 116 21
72 117 17
72 118 24
72 119 17
72 120 23
72 121 19
72 122 20
72 123 21
72 124 19
72 125 22
72 126 20
72 127 20
72 128 20
72 129 23
72 130 18
72 131 18
72 132 22
72 133 21
72 134 16
72 135 23
72 136 17
72 137 21
72 138 19
73 73 0
73 74 0
73 75 0
73 76 0
73 77 0
73 78 0
73 79 0
73 80 21
73 81 24
73 82 22
73 83 16
73 84 17
73 85 18
73 86 19
73 87 22
73 88 20
73 89 20
73 90 17
73 91 18
73 92 21
73 93 21
73 94 21
73 95 24
73 96 21
73 97 19
73 98 19
73 99 20
73 100 18
73 101 19
73 102 27
73 103 18
73 104 20
73 105 22
73 106 18
73 107 18
73 108 19
73 109 21
73 110 18
73 111 21
73 112 23
73 113 22
73 114 20
73 115 21
73 116 20
73 117 21
73 118 20
73 119 19
73 120 16
73 121 16
73 122 17
73 123 18
73 124 20
73 125 17
73 126 20
73 127 20
73 128 20
73 129 25
73 130 20
73 131 21
73 132 18
73 133 18
73 134 20
73 135 18
73 136 24
73 137 23
73 138 21
74 74 0
74 75 0
74 76 0
74 77 0
74 78 0
74 79 0
74 80 21
74 81 21
74 82 17
74 83 20
74 84 18
74 85 17
74 86 18
74 87 23
74 88 19
74 89 21
74 90 21
74 91 22
74 92 24
74 93 21
74 94 17
74 95 20
74 96 19
74 97 23
74 98 17
74 99 22
74 100 20
74 101 22
74 102 18
74 103 19
74 104 20
74 105 18
74 106 17
74 107 19
74 108 19
74 109 21
74 110 25
74 111 22
74 112 18
74 113 20
74 114 21
74 115 25
74 116 19
74 117 20
74 118 19
74 119 19
74 120 21
74 121 21
74 122 21
74 123 22
74 124 18
74 125 21
74 126 21
74 127 20
74 128 20
74 129 21
74 130 20
74 131 18
74 132 21
74 133 21
74 134 17
74 135 20
74 136 21
74 137 19
74 138 23
75 75 0
75 76 0
75 77 0
75 78 0
75 79 0
75 80 21
75 81 20
75 82 24
75 83 19
75 84 24
75 85 21
75 86 19
75 87 19
75 88 23
75 89 16
75 90 20
75 91 19
75 92 18
75 93 22
75 94 20
75 95 22
75 96 21
75 97 21
75 98 20
75 99 18
75 100 17
75 101 18
75 102 21
75 103 22
75 104 23
75 105 21
75 106 19
75 107 18
75 108 21
75 109 21
75 110 20
75 111 20
75 112 18
75 113 17
75 114 19
75 115 20
75 116 21
75 117 19
75 118 23
75 119 23
75 120 16
75 121 20
75 122 20
75 123 23
75 124 21
75 125 21
75 126 22
75 127 22
75 128 18
75 129 20
75 130 17
75 131 22
75 132 20
75 133 20
75 134 23
75 135 24
75 136 21
75 137 19
75 138 21
76 76 0
76 77 0
76 78 0
76 79 0
76 80 22
76 81 19
76 82 25
76 83 22
76 84 19
76 85 22
76 86 21
76 87 21
76 88 17
76 89 20
76 90 20
76 91 18
76 92 22
76 93 20
76 94 19
76 95 16
76 96 22
76 97 23
76 98 24
76 99 20
76 100 19
76 101 21
76 102 19
76 103 18
76 104 22
76 105 21
76 106 20
76 107 22
76 108 23
76 109 20
76 110 19
76 111 15
76 112 19
76 113 18
76 114 19
76 115 19
76 116 22
76 117 22
76 118 20
76 119 19
76 120 19
76 121 21
76 122 16
76 123 22
76 124 22
76 125 20
76 126 19
76 127 17
76 128 19
76 129 21
76 130 21
76 131 16
76 132 23
76 133 19
76 134 23
76 135 20
76 136 19
76 137 19
76 138 21
77 77 0
77 78 0
77 79 0
77 80 21
77 81 22
77 82 20
77 83 18
77 84 21
77 85 18
77 86 18
77 87 21
77 88 21
77 89 17
77 90 19
77 91 20
77 92 23
77 93 19
77 94 19
77 95 22
77 96 21
77 97 19
77 98 17
77 99 21
77 100 22
77 101 17
77 102 20
77 103 19
77 104 19
77 105 17
77 106 23
77 107 21
77 108 22
77 109 19
77 110 21
77 111 19
77 112 19
77 113 19
77 114 22
77 115 23
77 116 19
77 117 18
77 118 22
77 119 20
77 120 22
77 121 22
77 122 21
77 123 21
77 124 23
77 125 20
77 126 22
77 127 20
77 128 21
77 129 18
77 130 21
77 131 23
77 132 20
77 133 20
77 134 23
77 135 19
77 136 22
77 137 20
77 138 20
78 78 0
78 79 0
78 80 22
78 81 21
78 82 21
78 83 20
78 84 16
78 85 18
78 86 19
78 87 20
78 88 16
78 89 21
78 90 18
78 91 20
78 92 18
78 93 18
78 94 18
78 95 23
78 96 20
78 97 19
78 98 23
78 99 19
78 100 17
78 101 20
78 102 21
78 103 20
78 104 19
78 105 22
78 106 20
78 107 13
78 108 19
78 109 19
78 110 18
78 111 20
78 112 22
78 113 19
78 114 20
78 115 17
78 116 21
78 117 18
78 118 19
78 119 17
78 120 21
78 121 18
78 122 18
78 123 21
78 124 21
78 125 19
78 126 18
78 127 22
78 128 18
78 129 19
78 130 20
78 131 19
78 132 22
78 133 20
78 134 20
78 135 22
78 136 19
78 137 19
78 138 21
79 79 0
79 80 21
79 81 18
79 82 19
79 83 19
79 84 21
79 85 19
79 86 21
79 87 22
79 88 22
79 89 19
79 90 19
79 91 20
79 92 17
79 93 21
79 94 20
79 95 21
79 96 21
79 97 21
79 98 18
79 99 21
79 100 17
79 101 18
79 102 19
79 103 20
79 104 17
79 105 18
79 106 20
79 107 17
79 108 20
79 109 19
79 110 18
79 111 19
79 112 19
79 113 21
79 114 21
79 115 18
79 116 20
79 117 17
79 118 20
79 119 19
79 120 17
79 121 23
79 122 20
79 123 22
79 124 19
79 125 21
79 126 18
79 127 17
79 128 17
79 129 20
79 130 19
79 131 20
79 132 18
79 133 21
79 134 21
79 135 23
79 136 17
79 137 22
79 138 17
80 80 0
80 81 0
80 82 0
80 83 19
80 84 18
80 85 20
80 86 20
80 87 18
80 88 22
80 89 22
80 90 18
80 91 23
80 92 21
80 93 19
80 94 18
80 95 22
80 96 21
80 97 23
80 98 17
80 99 22
80 100 18
80 101 20
80 102 18
80 103 16
80 104 17
80 105 21
80 106 23
80 107 17
80 108 17
80 109 21
80 110 21
80 111 19
80 112 20
80 113 20
80 114 20
80 115 18
80 116 20
80 117 23
80 118 23
80 119 19
80 120 21
80 121 20
80 122 18
80 123 21
80 124 18
80 125 18
80 126 22
80 127 22
80 128 19
80 129 19
80 130 22
80 131 23
80 132 22
80 133 19
80 134 18
80 135 19
80 136 19
80 137 21
80 138 20
81 81 0
81 82 0
81 83 19
81 84 18
81 85 17
81 86 21
81 87 19
81 88 22
81 89 20
81 90 26
81 91 18
81 92 22
81 93 19
81 94 21
81 95 22
81 96 23
81 97 21
81 98 21
81 99 21
81 100 21
81 101 24
81 102 21
81 103 14
81 104 17
81 105 18
81 106 18
81 107 21
81 108 16
81 109 20
81 110 18
81 111 20
81 112 18
81 113 23
81 114 21
81 115 19
81 116 21
81 117 23
81 118 22
81 119 21
81 120 18
81 121 19
81 122 20
81 123 21
81 124 17
81 125 19
81 126 21
81 127 20
81 128 21
81 129 21
81 130 19
81 131 19
81 132 19
81 133 22
81 134 19
81 135 20
81 136 18
81 137 19
81 138 22
82 82 0
82 83 19
82 84 19
82 85 19
82 86 19
82 87 18
82 88 19
82 89 24
82 90 23
82 91 20
82 92 16
82 93 22
82 94 18
82 95 18
82 96 22
82 97 20
82 98 20
82 99 19
82 100 19
82 101 20
82 102 20
82 103 16
82 104 21
82 105 19
82 106 22
82 107 20
82 108 22
82 109 24
82 110 22
82 111 17
82 112 17
82 113 18
82 114 20
82 115 20
82 116 20
82 117 23
82 118 19
82 119 21
82 120 21
82 121 16
82 122 16
82 123 21
82 124 19
82 125 15
82 126 20
82 127 19
82 128 21
82 129 20
82 130 21
82 131 19
82 132 20
82 133 19
82 134 20
82 135 18
82 136 19
82 137 18
82 138 19
83 83 0
83 84 0
83 85 0
83 86 0
83 87 0
83 88 0
83 89 0
83 90 0
83 91 22
83 92 22
83 93 18
83 94 18
83 95 22
83 96 21
83 97 19
83 98 15
83 99 19
83 100 18
83 101 21
83 102 21
83 103 22
83 104 18
83 105 17
83 106 18
83 107 20
83 108 21
83 109 20
83 110 16
83 111 18
83 112 22
83 113 21
83 114 20
83 115 20
83 116 22
83 117 19
83 118 21
83 119 16
83 120 19
83 121 25
83 122 18
83 123 23
83 124 19
83 125 21
83 126 19
83 127 21
83 128 21
83 129 22
83 130 19
83 131 19
83 132 20
83 133 21
83 134 19
83 135 26
83 136 19
83 137 19
83 138 21
84 84 0
84 85 0
84 86 0
84 87 0
84 88 0
84 89 0
84 90 0
84 91 19
84 92 20
84 93 18
84 94 20
84 95 23
84 96 21
84 97 19
84 98 19
84 99 19
84 100 19
84 101 23
84 102 17
84 103 22
84 104 19
84 105 17
84 106 18
84 107 19
84 108 22
84 109 20
84 110 19
84 111 23
84 112 23
84 113 18
84 114 22
84 115 23
84 116 16
84 117 17
84 118 23
84 119 23
84 120 20
84 121 18
84 122 21
84 123 21
84 124 17
84 125 19
84 126 22
84 127 22
84 128 18
84 129 21
84 130 18
84 131 24
84 132 20
84 133 18
84 134 17
84 135 17
84 136 18
84 137 20
84 138 17
85 85 0
85 86 0
85 87 0
85 88 0
85 89 0
85 90 0
85 91 22
85 92 21
85 93 19
85 94 21
85 95 20
85 96 22
85 97 18
85 98 22
85 99 19
85 100 22
85 101 22
85 102 16
85 103 25
85 104 20
85 105 18
85 106 20
85 107 21
85 108 23
85 109 20
85 110 20
85 111 21
85 112 19
85 113 20
85 114 15
85 115 21
85 116 20
85 117 18
85 118 21
85 119 19
85 120 18
85 121 24
85 122 19
85 123 20
85 124 19
85 125 20
85 126 24
85 127 18
85 128 17
85 129 21
85 130 22
85 131 25
85 132 20
85 133 18
85 134 20
85 135 17
85 136 22
85 137 22
85 138 24
86 86 0
86 87 0
86 88 0
86 89 0
86 90 0
86 91 21
86 92 21
86 93 23
86 94 21
86 95 18
86 96 22
86 97 19
86 98 22
86 99 20
86 100 18
86 101 20
86 102 23
86 103 22
86 104 21
86 105 24
86 106 16
86 107 22
86 108 19
86 109 22
86 110 22
86 111 20
86 112 20
86 113 21
86 114 16
86 115 21
86 116 18
86 117 17
86 118 21
86 119 21
86 120 19
86 121 21
86 122 24
86 123 19
86 124 22
86 125 20
86 126 22
86 127 21
86 128 19
86 129 18
86 130 20
86 131 19
86 132 22
86 133 20
86 134 21
86 135 20
86 136 21
86 137 23
86 138 21
87 87 0
87 88 0
87 89 0
87 90 0
87 91 18
87 92 22
87 93 22
87 94 20
87 95 20
87 96 17
87 97 22
87 98 23
87 99 19
87 100 18
87 101 21
87 102 22
87 103 17
87 104 20
87 105 20
87 106 20
87 107 15
87 108 18
87 109 19
87 110 19
87 111 19
87 112 18
87 113 22
87 114 22
87 115 18
87 116 21
87 117 22
87 118 19
87 119 21
87 120 21
87 121 22
87 122 19
87 123 22
87 124 20
87 125 16
87 126 20
87 127 20
87 128 19
87 129 17
87 130 23
87 131 19
87 132 19
87 133 21
87 134 20
87 135 21
87 136 18
87 137 21
87 138 18
88 88 0
88 89 0
88 90 0
88 91 18
88 92 16
88 93 21
88 94 23
88 95 20
88 96 19
88 97 21
88 98 19
88 99 20
88 100 17
88 101 18
88 102 15
88 103 16
88 104 18
88 105 21
88 106 21
88 107 20
88 108 18
88 109 22
88 110 18
88 111 20
88 112 19
88 113 19
88 114 24
88 115 19
88 116 21
88 117 23
88 118 19
88 119 21
88 120 21
88 121 20
88 122 20
88 123 21
88 124 18
88 125 17
88 126 20
88 127 15
88 128 18
88 129 20
88 130 22
88 131 17
88 132 20
88 133 22
88 134 23
88 135 18
88 136 19
88 137 23
88 138 18
89 89 0
89 90 0
89 91 17
89 92 17
89 93 20
89 94 20
89 95 20
89 96 20
89 97 20
89 98 21
89 99 22
89 100 21
89 101 18
89 102 20
89 103 18
89 104 23
89 105 21
89 106 20
89 107 20
89 108 22
89 109 18
89 110 22
89 111 18
89 112 18
89 113 21
89 114 18
89 115 23
89 116 19
89 117 18
89 118 19
89 119 23
89 120 23
89 121 22
89 122 22
89 123 22
89 124 21
89 125 18
89 126 20
89 127 21
89 128 18
89 129 20
89 130 13
89 131 20
89 132 20
89 133 19
89 134 20
89 135 21
89 136 18
89 137 19
89 138 20
90 90 0
90 91 19
90 92 26
90 93 19
90 94 21
90 95 20
90 96 19
90 97 21
90 98 22
90 99 18
90 100 20
90 101 21
90 102 19
90 103 20
90 104 19
90 105 22
90 106 21
90 107 19
90 108 25
90 109 23
90 110 19
90 111 18
90 112 20
90 113 21
90 114 19
90 115 20
90 116 17
90 117 18
90 118 18
90 119 25
90 120 22
90 121 17
90 122 21
90 123 21
90 124 23
90 125 17
90 126 20
90 127 18
90 128 17
90 129 21
90 130 19
90 131 20
90 132 22
90 133 20
90 134 21
90 135 21
90 136 17
90 137 22
90 138 26
91 91 0
91 92 0
91 93 0
91 94 0
91 95 0
91 96 0
91 97 19
91 98 21
91 99 24
91 100 20
91 101 23
91 102 21
91 103 20
91 104 19
91 105 18
91 106 19
91 107 19
91 108 23
91 109 20
91 110 20
91 111 21
91 112 21
91 113 20
91 114 23
91 115 22
91 116 20
91 117 20
91 118 21
91 119 21
91 120 21
91 121 19
91 122 16
91 123 20
91 124 23
91 125 17
91 126 25
91 127 21
91 128 18
91 129 15
91 130 15
91 131 18
91 132 20
91 133 19
91 134 17
91 135 24
91 136 23
91 137 19
91 138 20
92 92 0
92 93 0
92 94 0
92 95 0
92 96 0
92 97 22
92 98 19
92 99 17
92 100 21
92 101 23
92 102 20
92 103 18
92 104 22
92 105 22
92 106 17
92 107 18
92 108 17
92 109 18
92 110 22
92 111 18
92 112 22
92 113 20
92 114 20
92 115 19
92 116 22
92 117 19
92 118 19
92 119 20
92 120 22
92 121 17
92 122 17
92 123 20
92 124 19
92 125 18
92 126 19
92 127 20
92 128 17
92 129 21
92 130 20
92 131 20
92 132 19
92 133 18
92 134 22
92 135 20
92 136 17
92 137 20
92 138 19
93 93 0
93 94 0
93 95 0
93 96 0
93 97 19
93 98 20
93 99 19
93 100 24
93 101 21
93 102 21
93 103 18
93 104 18
93 105 23
93 106 22
93 107 17
93 108 19
93 109 18
93 110 24
93 111 21
93 112 18
93 113 22
93 114 22
93 115 20
93 116 17
93 117 22
93 118 21
93 119 19
93 120 20
93 121 18
93 122 21
93 123 18
93 124 23
93 125 22
93 126 19
93 127 26
93 128 20
93 129 19
93 130 21
93 131 19
93 132 18
93 133 18
93 134 20
93 135 20
93 136 19
93 137 21
93 138 19
94 94 0
94 95 0
94 96 0
94 97 21
94 98 21
94 99 24
94 100 17
94 101 17
94 102 20
94 103 21
94 104 19
94 105 18
94 106 22
94 107 20
94 108 22
94 109 23
94 110 18
94 111 23
94 112 18
94 113 21
94 114 18
94 115 15
94 116 20
94 117 19
94 118 19
94 119 19
94 120 17
94 121 18
94 122 21
94 123 19
94 124 24
94 125 20
94 126 21
94 127 18
94 128 19
94 129 21
94 130 15
94 131 19
94 132 19
94 133 23
94 134 19
94 135 22
94 136 14
94 137 21
94 138 20
95 95 0
95 96 0
95 97 21
95 98 20
95 99 20
95 100 17
95 101 21
95 102 20
95 103 20
95 104 19
95 105 23
95 106 23
95 107 22
95 108 25
95 109 17
95 110 19
95 111 18
95 112 24
95 113 21
95 114 18
95 115 22
95 116 19
95 117 19
95 118 19
95 119 18
95 120 22
95 121 21
95 122 24
95 123 19
95 124 14
95 125 19
95 126 24
95 127 18
95 128 22
95 129 20
95 130 21
95 131 19
95 132 21
95 133 20
95 134 19
95 135 19
95 136 18
95 137 21
95 138 17
96 96 0
96 97 20
96 98 25
96 99 21
96 100 18
96 101 18
96 102 19
96 103 19
96 104 22
96 105 21
96 106 18
96 107 16
96 108 21
96 109 21
96 110 21
96 111 21
96 112 20
96 113 24
96 114 20
96 115 22
96 116 21
96 117 20
96 118 22
96 119 17
96 120 23
96 121 21
96 122 18
96 123 20
96 124 19
96 125 20
96 126 21
96 127 19
96 128 14
96 129 21
96 130 16
96 131 17
96 132 19
96 133 20
96 134 16
96 135 20
96 136 20
96 137 16
96 138 22
97 97 0
97 98 0
97 99 22
97 100 20
97 101 24
97 102 22
97 103 19
97 104 15
97 105 17
97 106 21
97 107 17
97 108 25
97 109 18
97 110 18
97 111 20
97 112 22
97 113 18
97 114 19
97 115 20
97 116 19
97 117 22
97 118 19
97 119 20
97 120 21
97 121 19
97 122 23
97 123 23
97 124 17
97 125 23
97 126 20
97 127 21
97 128 20
97 129 21
97 130 21
97 131 19
97 132 23
97 133 20
97 134 19
97 135 21
97 136 18
97 137 23
97 138 20
98 98 0
98 99 20
98 100 20
98 101 19
98 102 24
98 103 20
98 104 25
98 105 21
98 106 24
98 107 19
98 108 17
98 109 18
98 110 21
98 111 21
98 112 24
98 113 20
98 114 18
98 115 18
98 116 22
98 117 18
98 118 23
98 119 23
98 120 22
98 121 18
98 122 19
98 123 18
98 124 23
98 125 19
98 126 17
98 127 19
98 128 19
98 129 22
98 130 17
98 131 18
98 132 20
98 133 18
98 134 19
98 135 19
98 136 20
98 137 19
98 138 18
99 99 0
99 100 20
99 101 22
99 102 22
99 103 17
99 104 16
99 105 20
99 106 19
99 107 19
99 108 21
99 109 21
99 110 19
99 111 20
99 112 20
99 113 22
99 114 21
99 115 18
99 116 24
99 117 18
99 118 20
99 119 18
99 120 23
99 121 21
99 122 22
99 123 21
99 124 22
99 125 21
99 126 23
99 127 21
99 128 17
99 129 18
99 130 22
99 131 23
99 132 19
99 133 20
99 134 19
99 135 21
99 136 20
99 137 20
99 138 20
100 100 0
100 101 0
100 102 20
100 103 21
100 104 18
100 105 20
100 106 22
100 107 19
100 108 22
100 109 17
100 110 24
100 111 22
100 112 21
100 113 18
100 114 20
100 115 21
100 116 20
100 117 21
100 118 19
100 119 21
100 120 20
100 121 21
100 122 21
100 123 21
100 124 22
100 125 17
100 126 20
100 127 22
100 128 19
100 129 18
100 130 20
100 131 20
100 132 18
100 133 19
100 134 21
100 135 17
100 136 20
100 137 21
100 138 18
101 101 0
101 102 17
101 103 21
101 104 22
101 105 21
101 106 21
101 107 20
101 108 22
101 109 23
101 110 19
101 111 20
101 112 19
101 113 21
101 114 21
101 115 19
101 116 21
101 117 19
101 118 18
101 119 19
101 120 21
101 121 20
101 122 20
101 123 20
101 124 16
101 125 21
101 126 23
101 127 20
101 128 20
101 129 20
101 130 19
101 131 23
101 132 22
101 133 22
101 134 22
101 135 23
101 136 22
101 137 23
101 138 16
102 102 0
102 103 0
102 104 0
102 105 20
102 106 20
102 107 21
102 108 21
102 109 19
102 110 21
102 111 18
102 112 19
102 113 19
102 114 19
102 115 20
102 116 20
102 117 20
102 118 18
102 119 20
102 120 21
102 121 17
102 122 19
102 123 21
102 124 19
102 125 19
102 126 21
102 127 19
102 128 21
102 129 19
102 130 21
102 131 24
102 132 18
102 133 19
102 134 23
102 135 21
102 136 18
102 137 20
102 138 20
103 103 0
103 104 0
103 105 25
103 106 22
103 107 17
103 108 25
103 109 24
103 110 18
103 111 23
103 112 19
103 113 21
103 114 21
103 115 25
103 116 22
103 117 21
103 118 22
103 119 23
103 120 22
103 121 18
103 122 23
103 123 20
103 124 21
103 125 21
103 126 20
103 127 20
103 128 19
103 129 17
103 130 18
103 131 22
103 132 22
103 133 20
103 134 18
103 135 19
103 136 19
103 137 19
103 138 17
104 104 0
104 105 19
104 106 22
104 107 20
104 108 21
104 109 19
104 110 23
104 111 19
104 112 22
104 113 19
104 114 17
104 115 21
104 116 20
104 117 21
104 118 22
104 119 19
104 120 20
104 121 20
104 122 23
104 123 19
104 124 21
104 125 18
104 126 20
104 127 21
104 128 17
104 129 19
104 130 20
104 131 22
104 132 23
104 133 22
104 134 20
104 135 16
104 136 19
104 137 19
104 138 18
105 105 0
105 106 0
105 107 20
105 108 21
105 109 20
105 110 20
105 111 18
105 112 20
105 113 26
105 114 17
105 115 17
105 116 20
105 117 21
105 118 19
105 119 19
105 120 21
105 121 15
105 122 18
105 123 16
105 124 20
105 125 19
105 126 17
105 127 24
105 128 21
105 129 20
105 130 22
105 131 20
105 132 18
105 133 23
105 134 22
105 135 17
105 136 19
105 137 23
105 138 21
106 106 0
106 107 19
106 108 19
106 109 21
106 110 17
106 111 21
106 112 19
106 113 19
106 114 19
106 115 19
106 116 18
106 117 20
106 118 20
106 119 22
106 120 19
106 121 16
106 122 19
106 123 18
106 124 18
106 125 20
106 126 21
106 127 20
106 128 20
106 129 22
106 130 18
106 131 20
106 132 22
106 133 21
106 134 20
106 135 18
106 136 23
106 137 20
106 138 21
107 107 0
107 108 21
107 109 20
107 110 24
107 111 20
107 112 16
107 113 25
107 114 22
107 115 16
107 116 19
107 117 23
107 118 22
107 119 20
107 120 21
107 121 22
107 122 22
107 123 21
107 124 22
107 125 16
107 126 20
107 127 20
107 128 20
107 129 18
107 130 21
107 131 20
107 132 21
107 133 21
107 134 20
107 135 19
107 136 20
107 137 15
107 138 18
108 108 0
108 109 0
108 110 0
108 111 0
108 112 0
108 113 0
108 114 18
108 115 21
108 116 21
108 117 18
108 118 22
108 119 22
108 120 17
108 121 19
108 122 23
108 123 22
108 124 17
108 125 19
108 126 23
108 127 22
108 128 20
108 129 20
108 130 20
108 131 20
108 132 19
108 133 21
108 134 23
108 135 22
108 136 17
108 137 22
108 138 24
109 109 0
109 110 0
109 111 0
109 112 0
109 113 0
109 114 18
109 115 19
109 116 19
109 117 18
109 118 25
109 119 21
109 120 21
109 121 20
109 122 19
109 123 18
109 124 19
109 125 19
109 126 20
109 127 24
109 128 21
109 129 19
109 130 21
109 131 19
109 132 22
109 133 25
109 134 17
109 135 20
109 136 17
109 137 20
109 138 19
110 110 0
110 111 0
110 112 0
110 113 0
110 114 19
110 115 23
110 116 19
110 117 20
110 118 21
110 119 23
110 120 20
110 121 19
110 122 20
110 123 20
110 124 19
110 125 19
110 126 23
110 127 19
110 128 19
110 129 19
110 130 19
110 131 23
110 132 22
110 133 22
110 134 20
110 135 20
110 136 20
110 137 22
110 138 17
111 111 0
111 112 0
111 113 0
111 114 20
111 115 20
111 116 18
111 117 19
111 118 22
111 119 19
111 120 18
111 121 18
111 122 21
111 123 20
111 124 16
111 125 21
111 126 21
111 127 20
111 128 20
111 129 18
111 130 18
111 131 18
111 132 20
111 133 20
111 134 23
111 135 23
111 136 23
111 137 21
111 138 20
112 112 0
112 113 0
112 114 21
112 115 18
112 116 18
112 117 19
112 118 22
112 119 22
112 120 20
112 121 21
112 122 23
112 123 21
112 124 19
112 125 21
112 126 19
112 127 25
112 128 19
112 129 20
112 130 19
112 131 17
112 132 19
112 133 23
112 134 18
112 135 20
112 136 18
112 137 19
112 138 21
113 113 0
113 114 21
113 115 21
113 116 18
113 117 17
113 118 19
113 119 23
113 120 21
113 121 19
113 122 20
113 123 19
113 124 24
113 125 18
113 126 17
113 127 17
113 128 20
113 129 22
113 130 19
113 131 25
113 132 22
113 133 16
113 134 24
113 135 16
113 136 22
113 137 21
113 138 24
114 114 0
114 115 0
114 116 0
114 117 0
114 118 0
114 119 0
114 120 0
114 121 0
114 122 0
114 123 22
114 124 15
114 125 21
114 126 21
114 127 21
114 128 23
114 129 20
114 130 23
114 131 17
114 132 19
114 133 17
114 134 21
114 135 20
114 136 18
114 137 20
114 138 21
115 115 0
115 116 0
115 117 0
115 118 0
115 119 0
115 120 0
115 121 0
115 122 0
115 123 20
115 124 21
115 125 21
115 126 20
115 127 22
115 128 21
115 129 19
115 130 18
115 131 19
115 132 22
115 133 21
115 134 15
115 135 21
115 136 20
115 137 14
115 138 20
116 116 0
116 117 0
116 118 0
116 119 0
116 120 0
116 121 0
116 122 0
116 123 18
116 124 21
116 125 24
116 126 24
116 127 17
116 128 21
116 129 21
116 130 21
116 131 18
116 132 21
116 133 22
116 134 21
116 135 25
116 136 22
116 137 20
116 138 21
117 117 0
117 118 0
117 119 0
117 120 0
117 121 0
117 122 0
117 123 21
117 124 21
117 125 20
117 126 20
117 127 17
117 128 22
117 129 18
117 130 17
117 131 23
117 132 17
117 133 24
117 134 19
117 135 19
117 136 17
117 137 23
117 138 20
118 118 0
118 119 0
118 120 0
118 121 0
118 122 0
118 123 20
118 124 21
118 125 20
118 126 24
118 127 22
118 128 21
118 129 20
118 130 19
118 131 20
118 132 20
118 133 20
118 134 20
118 135 20
118 136 20
118 137 20
118 138 16
119 119 0
119 120 0
119 121 0
119 122 0
119 123 22
119 124 22
119 125 18
119 126 18
119 127 24
119 128 23
119 129 19
119 130 21
119 131 21
119 132 20
119 133 21
119 134 16
119 135 16
119 136 23
119 137 20
119 138 20
120 120 0
120 121 0
120 122 0
120 123 18
120 124 21
120 125 20
120 126 19
120 127 23
120 128 21
120 129 18
120 130 19
120 131 20
120 132 20
120 133 19
120 134 19
120 135 20
120 136 22
120 137 21
120 138 21
121 121 0
121 122 0
121 123 21
121 124 20
121 125 19
121 126 23
121 127 23
121 128 24
121 129 20
121 130 21
121 131 19
121 132 18
121 133 16
121 134 19
121 135 22
121 136 19
121 137 21
121 138 20
122 122 0
122 123 18
122 124 17
122 125 23
122 126 20
122 127 19
122 128 18
122 129 23
122 130 19
122 131 21
122 132 19
122 133 22
122 134 19
122 135 21
122 136 23
122 137 20
122 138 20
123 123 0
123 124 0
123 125 0
123 126 0
123 127 0
123 128 0
123 129 0
123 130 0
123 131 0
123 132 18
123 133 21
123 134 20
123 135 18
123 136 24
123 137 20
123 138 21
124 124 0
124 125 0
124 126 0
124 127 0
124 128 0
124 129 0
124 130 0
124 131 0
124 132 21
124 133 19
124 134 23
124 135 21
124 136 21
124 137 18
124 138 19
125 125 0
125 126 0
125 127 0
125 128 0
125 129 0
125 130 0
125 131 0
125 132 17
125 133 18
125 134 21
125 135 17
125 136 22
125 137 22
125 138 23
126 126 0
126 127 0
126 128 0
126 129 0
126 130 0
126 131 0
126 132 23
126 133 19
126 134 20
126 135 17
126 136 24
126 137 19
126 138 21
127 127 0
127 128 0
127 129 0
127 130 0
127 131 0
127 132 19
127 133 23
127 134 20
127 135 20
127 136 22
127 137 19
127 138 21
128 128 0
128 129 0
128 130 0
128 131 0
128 132 18
128 133 20
128 134 20
128 135 21
128 136 18
128 137 23
128 138 23
129 129 0
129 130 0
129 131 0
129 132 20
129 133 19
129 134 22
129 135 20
129 136 21
129 137 20
129 138 17
130 130 0
130 131 0
130 132 20
130 133 20
130 134 19
130 135 20
130 136 18
130 137 20
130 138 17
131 131 0
131 132 22
131 133 21
131 134 22
131 135 23
131 136 16
131 137 21
131 138 17
132 132 0
132 133 0
132 134 0
132 135 0
132 136 0
132 137 0
132 138 0
133 133 0
133 134 0
133 135 0
133 136 0
133 137 0
133 138 0
134 134 0
134 135 0
134 136 0
134 137 0
134 138 0
135 135 0
135 136 0
135 137 0
135 138 0
136 136 0
136 137 0
136 138 0
137 137 0
137 138 0
138 138 0
