5
4
8
3
6
3
0 0 0
0 1 0
0 2 0
0 3 0
0 4 8
0 5 5
0 6 17
0 7 12
0 8 4
0 9 4
0 10 15
0 11 2
0 12 6
0 13 10
0 14 5
0 15 11
0 16 5
0 17 11
0 18 14
0 19 8
0 20 8
0 21 5
0 22 13
0 23 26
1 1 0
1 2 0
1 3 0
1 4 14
1 5 12
1 6 8
1 7 10
1 8 15
1 9 1
1 10 12
1 11 15
1 12 11
1 13 10
1 14 8
1 15 9
1 16 17
1 17 8
1 18 16
1 19 1
1 20 11
1 21 12
1 22 12
1 23 9
2 2 0
2 3 0
2 4 13
2 5 14
2 6 12
2 7 5
2 8 10
2 9 9
2 10 9
2 11 14
2 12 15
2 13 10
2 14 28
2 15 3
2 16 6
2 17 17
2 18 14
2 19 0
2 20 4
2 21 15
2 22 14
2 23 2
3 3 0
3 4 12
3 5 4
3 6 14
3 7 11
3 8 10
3 9 10
3 10 7
3 11 24
3 12 17
3 13 11
3 14 11
3 15 10
3 16 12
3 17 13
3 18 12
3 19 5
3 20 -3
3 21 10
3 22 4
3 23 14
4 4 0
4 5 0
4 6 0
4 7 0
4 8 0
4 9 0
4 10 0
4 11 0
4 12 9
4 13 10
4 14 11
4 15 1
4 16 10
4 17 7
4 18 11
4 19 5
4 20 10
4 21 10
4 22 2
4 23 10
5 5 0
5 6 0
5 7 0
5 8 0
5 9 0
5 10 0
5 11 0
5 12 12
5 13 0
5 14 11
5 15 3
5 16 -1
5 17 9
5 18 13
5 19 11
5 20 7
5 21 13
5 22 8
5 23 16
6 6 0
6 7 0
6 8 0
6 9 0
6 10 0
6 11 0
6 12 19
6 13 11
6 14 8
6 15 9
6 16 16
6 17 12
6 18 1
6 19 -1
6 20 11
6 21 15
6 22 16
6 23 20
7 7 0
7 8 0
7 9 0
7 10 0
7 11 0
7 12 12
7 13 7
7 14 3
7 15 11
7 16 10
7 17 5
7 18 6
7 19 10
7 20 15
7 21 19
7 22 9
7 23 12
8 8 0
8 9 0
8 10 0
8 11 0
8 12 -4
8 13 9
8 14 9
8 15 15
8 16 8
8 17 4
8 18 10
8 19 7
8 20 8
8 21 12
8 22 9
8 23 11
9 9 0
9 10 0
9 11 0
9 12 4
9 13 13
9 14 18
9 15 -2
9 16 7
9 17 13
9 18 8
9 19 17
9 20 13
9 21 22
9 22 11
9 23 7
10 10 0
10 11 0
10 12 16
10 13 0
10 14 12
10 15 26
10 16 21
10 17 4
10 18 4
10 19 23
10 20 14
10 21 12
10 22 6
10 23 11
11 11 0
11 12 4
11 13 12
11 14 10
11 15 18
11 16 8
11 17 20
11 18 10
11 19 13
11 20 -3
11 21 14
11 22 12
11 23 2
12 12 0
12 13 0
12 14 0
12 15 7
12 16 9
12 17 6
12 18 2
12 19 5
12 20 15
12 21 23
12 22 12
12 23 13
13 13 0
13 14 0
13 15 3
13 16 20
13 17 10
13 18 3
13 19 13
13 20 15
13 21 9
13 22 13
13 23 14
14 14 0
14 15 8
14 16 8
14 17 2
14 18 14
14 19 9
14 20 3
14 21 11
14 22 10
14 23 11
15 15 0
15 16 0
15 17 0
15 18 0
15 19 0
15 20 0
15 21 4
15 22 20
15 23 24
16 16 0
16 17 0
16 18 0
16 19 0
16 20 0
16 21 8
16 22 12
16 23 12
17 17 0
17 18 0
17 19 0
17 20 0
17 21 18
17 22 4
17 23 13
18 18 0
18 19 0
18 20 0
18 21 18
18 22 11
18 23 6
19 19 0
19 20 0
19 21 6
19 22 6
19 23 14
20 20 0
20 21 7
20 22 13
20 23 7
21 21 0
21 22 0
21 23 0
22 22 0
22 23 0
23 23 0
