10
1
2
7
8
2
1
4
8
1
1
0 0 0
0 1 4
0 2 4
0 3 6
0 4 8
0 5 8
0 6 6
0 7 1
0 8 1
0 9 2
0 10 7
0 11 4
0 12 6
0 13 3
0 14 5
0 15 6
0 16 5
0 17 1
0 18 8
0 19 7
0 20 5
0 21 2
0 22 6
0 23 4
0 24 3
0 25 4
0 26 2
0 27 3
0 28 3
0 29 2
0 30 1
0 31 1
0 32 1
0 33 6
0 34 5
1 1 0
1 2 0
1 3 7
1 4 8
1 5 1
1 6 5
1 7 2
1 8 1
1 9 8
1 10 6
1 11 5
1 12 2
1 13 4
1 14 5
1 15 8
1 16 5
1 17 1
1 18 3
1 19 4
1 20 1
1 21 3
1 22 1
1 23 1
1 24 4
1 25 2
1 26 2
1 27 1
1 28 5
1 29 1
1 30 2
1 31 5
1 32 4
1 33 6
1 34 6
2 2 0
2 3 4
2 4 2
2 5 4
2 6 5
2 7 7
2 8 5
2 9 8
2 10 8
2 11 3
2 12 8
2 13 5
2 14 1
2 15 6
2 16 7
2 17 2
2 18 3
2 19 2
2 20 1
2 21 5
2 22 6
2 23 1
2 24 1
2 25 5
2 26 4
2 27 1
2 28 2
2 29 4
2 30 2
2 31 8
2 32 7
2 33 1
2 34 1
3 3 0
3 4 0
3 5 0
3 6 0
3 7 0
3 8 0
3 9 0
3 10 1
3 11 4
3 12 2
3 13 8
3 14 7
3 15 5
3 16 6
3 17 7
3 18 2
3 19 3
3 20 7
3 21 1
3 22 1
3 23 8
3 24 5
3 25 4
3 26 1
3 27 3
3 28 4
3 29 2
3 30 3
3 31 2
3 32 7
3 33 7
3 34 2
4 4 0
4 5 0
4 6 0
4 7 0
4 8 0
4 9 0
4 10 4
4 11 5
4 12 4
4 13 7
4 14 2
4 15 8
4 16 3
4 17 7
4 18 6
4 19 5
4 20 6
4 21 7
4 22 1
4 23 5
4 24 1
4 25 2
4 26 5
4 27 7
4 28 6
4 29 6
4 30 4
4 31 3
4 32 2
4 33 7
4 34 8
5 5 0
5 6 0
5 7 0
5 8 0
5 9 0
5 10 4
5 11 1
5 12 3
5 13 3
5 14 4
5 15 7
5 16 6
5 17 5
5 18 5
5 19 2
5 20 2
5 21 5
5 22 5
5 23 3
5 24 5
5 25 1
5 26 8
5 27 2
5 28 5
5 29 4
5 30 1
5 31 3
5 32 7
5 33 6
5 34 4
6 6 0
6 7 0
6 8 0
6 9 0
6 10 5
6 11 6
6 12 1
6 13 2
6 14 6
6 15 8
6 16 5
6 17 4
6 18 1
6 19 7
6 20 5
6 21 6
6 22 7
6 23 4
6 24 2
6 25 6
6 26 2
6 27 5
6 28 6
6 29 1
6 30 1
6 31 6
6 32 8
6 33 7
6 34 5
7 7 0
7 8 0
7 9 0
7 10 8
7 11 8
7 12 1
7 13 5
7 14 1
7 15 3
7 16 2
7 17 4
7 18 8
7 19 8
7 20 3
7 21 8
7 22 4
7 23 2
7 24 7
7 25 8
7 26 1
7 27 8
7 28 5
7 29 6
7 30 7
7 31 7
7 32 8
7 33 2
7 34 3
8 8 0
8 9 0
8 10 5
8 11 1
8 12 3
8 13 6
8 14 6
8 15 2
8 16 3
8 17 4
8 18 8
8 19 1
8 20 8
8 21 1
8 22 7
8 23 1
8 24 8
8 25 6
8 26 6
8 27 5
8 28 2
8 29 6
8 30 3
8 31 6
8 32 4
8 33 1
8 34 3
9 9 0
9 10 8
9 11 5
9 12 4
9 13 7
9 14 7
9 15 4
9 16 2
9 17 7
9 18 4
9 19 8
9 20 1
9 21 2
9 22 2
9 23 3
9 24 5
9 25 7
9 26 4
9 27 5
9 28 5
9 29 6
9 30 2
9 31 8
9 32 7
9 33 8
9 34 3
10 10 0
10 11 0
10 12 0
10 13 0
10 14 0
10 15 0
10 16 0
10 17 0
10 18 6
10 19 8
10 20 3
10 21 1
10 22 8
10 23 3
10 24 4
10 25 5
10 26 7
10 27 7
10 28 7
10 29 8
10 30 4
10 31 6
10 32 4
10 33 5
10 34 8
11 11 0
11 12 0
11 13 0
11 14 0
11 15 0
11 16 0
11 17 0
11 18 7
11 19 1
11 20 5
11 21 4
11 22 8
11 23 8
11 24 2
11 25 8
11 26 5
11 27 5
11 28 1
11 29 1
11 30 8
11 31 1
11 32 1
11 33 7
11 34 6
12 12 0
12 13 0
12 14 0
12 15 0
12 16 0
12 17 0
12 18 8
12 19 2
12 20 4
12 21 2
12 22 5
12 23 5
12 24 6
12 25 6
12 26 3
12 27 5
12 28 4
12 29 5
12 30 6
12 31 7
12 32 5
12 33 2
12 34 8
13 13 0
13 14 0
13 15 0
13 16 0
13 17 0
13 18 8
13 19 7
13 20 2
13 21 4
13 22 1
13 23 4
13 24 3
13 25 1
13 26 8
13 27 8
13 28 2
13 29 6
13 30 6
13 31 6
13 32 2
13 33 4
13 34 4
14 14 0
14 15 0
14 16 0
14 17 0
14 18 5
14 19 1
14 20 7
14 21 2
14 22 3
14 23 2
14 24 8
14 25 4
14 26 8
14 27 7
14 28 2
14 29 5
14 30 4
14 31 5
14 32 8
14 33 5
14 34 5
15 15 0
15 16 0
15 17 0
15 18 1
15 19 7
15 20 3
15 21 1
15 22 4
15 23 4
15 24 8
15 25 1
15 26 4
15 27 4
15 28 2
15 29 8
15 30 2
15 31 2
15 32 7
15 33 3
15 34 3
16 16 0
16 17 0
16 18 8
16 19 1
16 20 5
16 21 3
16 22 8
16 23 6
16 24 7
16 25 8
16 26 7
16 27 1
16 28 3
16 29 6
16 30 3
16 31 3
16 32 7
16 33 1
16 34 7
17 17 0
17 18 6
17 19 8
17 20 2
17 21 1
17 22 1
17 23 8
17 24 7
17 25 7
17 26 1
17 27 2
17 28 5
17 29 7
17 30 8
17 31 5
17 32 4
17 33 8
17 34 1
18 18 0
18 19 0
18 20 3
18 21 6
18 22 5
18 23 2
18 24 7
18 25 7
18 26 6
18 27 4
18 28 7
18 29 3
18 30 7
18 31 3
18 32 2
18 33 7
18 34 6
19 19 0
19 20 6
19 21 7
19 22 1
19 23 8
19 24 2
19 25 4
19 26 4
19 27 5
19 28 2
19 29 3
19 30 6
19 31 4
19 32 4
19 33 7
19 34 5
20 20 0
20 21 6
20 22 2
20 23 4
20 24 3
20 25 5
20 26 3
20 27 7
20 28 2
20 29 5
20 30 5
20 31 5
20 32 8
20 33 5
20 34 1
21 21 0
21 22 0
21 23 0
21 24 0
21 25 6
21 26 1
21 27 1
21 28 3
21 29 4
21 30 6
21 31 1
21 32 1
21 33 6
21 34 5
22 22 0
22 23 0
22 24 0
22 25 3
22 26 6
22 27 5
22 28 7
22 29 6
22 30 4
22 31 2
22 32 3
22 33 1
22 34 7
23 23 0
23 24 0
23 25 5
23 26 3
23 27 5
23 28 5
23 29 5
23 30 6
23 31 2
23 32 5
23 33 1
23 34 3
24 24 0
24 25 8
24 26 7
24 27 4
24 28 1
24 29 5
24 30 4
24 31 8
24 32 2
24 33 4
24 34 6
25 25 0
25 26 0
25 27 0
25 28 0
25 29 0
25 30 0
25 31 0
25 32 0
25 33 5
25 34 2
26 26 0
26 27 0
26 28 0
26 29 0
26 30 0
26 31 0
26 32 0
26 33 3
26 34 8
27 27 0
27 28 0
27 29 0
27 30 0
27 31 0
27 32 0
27 33 7
27 34 1
28 28 0
28 29 0
28 30 0
28 31 0
28 32 0
28 33 1
28 34 5
29 29 0
29 30 0
29 31 0
29 32 0
29 33 5
29 34 1
30 30 0
30 31 0
30 32 0
30 33 8
30 34 1
31 31 0
31 32 0
31 33 8
31 34 6
32 32 0
32 33 7
32 34 4
33 33 0
33 34 5
34 34 0
