20
10
1
3
3
8
5
7
5
1
4
3
8
3
8
1
4
2
8
10
3
0 0 0
0 1 0
0 2 0
0 3 0
0 4 0
0 5 0
0 6 0
0 7 0
0 8 0
0 9 0
0 10 97
0 11 99
0 12 99
0 13 99
0 14 98
0 15 103
0 16 99
0 17 96
0 18 102
0 19 95
0 20 101
0 21 101
0 22 99
0 23 101
0 24 98
0 25 95
0 26 100
0 27 100
0 28 98
0 29 99
0 30 99
0 31 98
0 32 101
0 33 100
0 34 97
0 35 104
0 36 100
0 37 98
0 38 103
0 39 101
0 40 102
0 41 100
0 42 103
0 43 99
0 44 101
0 45 101
0 46 102
0 47 101
0 48 99
0 49 100
0 50 100
0 51 99
0 52 101
0 53 101
0 54 102
0 55 100
0 56 101
0 57 102
0 58 97
0 59 101
0 60 98
0 61 100
0 62 97
0 63 100
0 64 96
0 65 99
0 66 100
0 67 101
0 68 103
0 69 102
0 70 103
0 71 100
0 72 103
0 73 100
0 74 101
0 75 104
0 76 99
0 77 100
0 78 98
0 79 102
0 80 103
0 81 97
0 82 101
0 83 102
0 84 98
0 85 99
0 86 103
0 87 100
0 88 99
0 89 101
0 90 95
0 91 98
0 92 102
0 93 104
0 94 100
0 95 102
0 96 99
1 1 0
1 2 0
1 3 0
1 4 0
1 5 0
1 6 0
1 7 0
1 8 0
1 9 0
1 10 97
1 11 98
1 12 99
1 13 96
1 14 102
1 15 101
1 16 101
1 17 102
1 18 99
1 19 101
1 20 97
1 21 101
1 22 103
1 23 98
1 24 103
1 25 100
1 26 100
1 27 102
1 28 102
1 29 97
1 30 105
1 31 102
1 32 99
1 33 102
1 34 102
1 35 99
1 36 99
1 37 101
1 38 100
1 39 95
1 40 99
1 41 102
1 42 102
1 43 104
1 44 100
1 45 99
1 46 100
1 47 101
1 48 102
1 49 101
1 50 101
1 51 101
1 52 100
1 53 103
1 54 101
1 55 99
1 56 100
1 57 104
1 58 102
1 59 97
1 60 102
1 61 99
1 62 102
1 63 103
1 64 98
1 65 99
1 66 102
1 67 99
1 68 101
1 69 98
1 70 98
1 71 100
1 72 98
1 73 100
1 74 99
1 75 102
1 76 100
1 77 99
1 78 97
1 79 101
1 80 99
1 81 100
1 82 102
1 83 99
1 84 105
1 85 99
1 86 103
1 87 102
1 88 100
1 89 100
1 90 101
1 91 101
1 92 102
1 93 99
1 94 103
1 95 98
1 96 101
2 2 0
2 3 0
2 4 0
2 5 0
2 6 0
2 7 0
2 8 0
2 9 0
2 10 98
2 11 102
2 12 102
2 13 100
2 14 99
2 15 101
2 16 100
2 17 102
2 18 102
2 19 98
2 20 98
2 21 99
2 22 102
2 23 105
2 24 99
2 25 102
2 26 101
2 27 100
2 28 99
2 29 100
2 30 104
2 31 101
2 32 95
2 33 101
2 34 101
2 35 100
2 36 101
2 37 99
2 38 100
2 39 101
2 40 100
2 41 97
2 42 102
2 43 97
2 44 101
2 45 100
2 46 103
2 47 103
2 48 98
2 49 101
2 50 97
2 51 98
2 52 101
2 53 102
2 54 101
2 55 102
2 56 102
2 57 101
2 58 100
2 59 100
2 60 98
2 61 100
2 62 96
2 63 101
2 64 98
2 65 98
2 66 98
2 67 100
2 68 98
2 69 102
2 70 98
2 71 102
2 72 102
2 73 101
2 74 95
2 75 101
2 76 99
2 77 104
2 78 97
2 79 102
2 80 102
2 81 100
2 82 100
2 83 98
2 84 103
2 85 99
2 86 101
2 87 96
2 88 100
2 89 96
2 90 101
2 91 97
2 92 98
2 93 103
2 94 100
2 95 98
2 96 101
3 3 0
3 4 0
3 5 0
3 6 0
3 7 0
3 8 0
3 9 0
3 10 100
3 11 98
3 12 99
3 13 99
3 14 101
3 15 101
3 16 100
3 17 101
3 18 99
3 19 102
3 20 102
3 21 104
3 22 100
3 23 102
3 24 100
3 25 101
3 26 102
3 27 102
3 28 99
3 29 101
3 30 100
3 31 105
3 32 102
3 33 99
3 34 99
3 35 100
3 36 102
3 37 99
3 38 102
3 39 99
3 40 101
3 41 100
3 42 98
3 43 102
3 44 100
3 45 101
3 46 101
3 47 99
3 48 102
3 49 97
3 50 99
3 51 98
3 52 102
3 53 98
3 54 104
3 55 103
3 56 100
3 57 100
3 58 100
3 59 105
3 60 100
3 61 101
3 62 99
3 63 97
3 64 99
3 65 98
3 66 97
3 67 100
3 68 99
3 69 99
3 70 100
3 71 101
3 72 97
3 73 102
3 74 101
3 75 101
3 76 101
3 77 101
3 78 99
3 79 99
3 80 100
3 81 100
3 82 98
3 83 99
3 84 102
3 85 100
3 86 99
3 87 98
3 88 101
3 89 101
3 90 100
3 91 100
3 92 99
3 93 102
3 94 100
3 95 102
3 96 100
4 4 0
4 5 0
4 6 0
4 7 0
4 8 0
4 9 0
4 10 101
4 11 99
4 12 101
4 13 101
4 14 102
4 15 99
4 16 98
4 17 99
4 18 100
4 19 106
4 20 99
4 21 98
4 22 101
4 23 103
4 24 99
4 25 101
4 26 101
4 27 100
4 28 97
4 29 103
4 30 99
4 31 101
4 32 99
4 33 100
4 34 103
4 35 99
4 36 98
4 37 99
4 38 101
4 39 99
4 40 98
4 41 103
4 42 106
4 43 99
4 44 104
4 45 99
4 46 100
4 47 99
4 48 100
4 49 100
4 50 101
4 51 99
4 52 99
4 53 100
4 54 100
4 55 102
4 56 96
4 57 101
4 58 102
4 59 102
4 60 98
4 61 102
4 62 97
4 63 93
4 64 100
4 65 99
4 66 96
4 67 102
4 68 104
4 69 99
4 70 102
4 71 101
4 72 102
4 73 101
4 74 97
4 75 100
4 76 98
4 77 96
4 78 98
4 79 99
4 80 100
4 81 99
4 82 104
4 83 101
4 84 99
4 85 104
4 86 100
4 87 103
4 88 103
4 89 98
4 90 100
4 91 97
4 92 102
4 93 103
4 94 99
4 95 103
4 96 104
5 5 0
5 6 0
5 7 0
5 8 0
5 9 0
5 10 100
5 11 100
5 12 102
5 13 100
5 14 101
5 15 105
5 16 103
5 17 99
5 18 99
5 19 97
5 20 96
5 21 97
5 22 100
5 23 101
5 24 102
5 25 100
5 26 99
5 27 100
5 28 102
5 29 101
5 30 98
5 31 101
5 32 98
5 33 100
5 34 100
5 35 101
5 36 99
5 37 98
5 38 97
5 39 103
5 40 106
5 41 103
5 42 100
5 43 99
5 44 100
5 45 98
5 46 97
5 47 102
5 48 99
5 49 100
5 50 101
5 51 101
5 52 101
5 53 99
5 54 97
5 55 100
5 56 100
5 57 97
5 58 99
5 59 97
5 60 102
5 61 102
5 62 103
5 63 103
5 64 104
5 65 100
5 66 98
5 67 103
5 68 95
5 69 102
5 70 100
5 71 100
5 72 99
5 73 97
5 74 97
5 75 99
5 76 101
5 77 101
5 78 99
5 79 100
5 80 97
5 81 105
5 82 100
5 83 98
5 84 99
5 85 100
5 86 97
5 87 100
5 88 98
5 89 102
5 90 99
5 91 103
5 92 100
5 93 101
5 94 100
5 95 98
5 96 100
6 6 0
6 7 0
6 8 0
6 9 0
6 10 98
6 11 100
6 12 98
6 13 100
6 14 98
6 15 102
6 16 100
6 17 102
6 18 100
6 19 99
6 20 103
6 21 98
6 22 101
6 23 103
6 24 102
6 25 98
6 26 96
6 27 101
6 28 100
6 29 98
6 30 104
6 31 97
6 32 97
6 33 99
6 34 102
6 35 98
6 36 98
6 37 99
6 38 99
6 39 100
6 40 99
6 41 99
6 42 99
6 43 103
6 44 103
6 45 98
6 46 95
6 47 100
6 48 101
6 49 100
6 50 101
6 51 103
6 52 94
6 53 101
6 54 97
6 55 103
6 56 99
6 57 100
6 58 95
6 59 102
6 60 97
6 61 99
6 62 99
6 63 97
6 64 100
6 65 99
6 66 101
6 67 104
6 68 102
6 69 100
6 70 99
6 71 103
6 72 100
6 73 98
6 74 101
6 75 103
6 76 101
6 77 103
6 78 95
6 79 102
6 80 101
6 81 103
6 82 98
6 83 102
6 84 100
6 85 100
6 86 101
6 87 102
6 88 100
6 89 99
6 90 99
6 91 97
6 92 99
6 93 100
6 94 101
6 95 101
6 96 100
7 7 0
7 8 0
7 9 0
7 10 101
7 11 100
7 12 97
7 13 99
7 14 102
7 15 99
7 16 101
7 17 103
7 18 102
7 19 100
7 20 100
7 21 100
7 22 103
7 23 99
7 24 99
7 25 100
7 26 101
7 27 98
7 28 100
7 29 100
7 30 99
7 31 103
7 32 101
7 33 101
7 34 103
7 35 100
7 36 101
7 37 101
7 38 103
7 39 103
7 40 100
7 41 102
7 42 100
7 43 101
7 44 100
7 45 99
7 46 101
7 47 102
7 48 100
7 49 102
7 50 99
7 51 102
7 52 99
7 53 101
7 54 100
7 55 100
7 56 99
7 57 98
7 58 99
7 59 98
7 60 99
7 61 100
7 62 100
7 63 101
7 64 100
7 65 101
7 66 100
7 67 103
7 68 100
7 69 102
7 70 98
7 71 98
7 72 102
7 73 102
7 74 100
7 75 101
7 76 98
7 77 101
7 78 103
7 79 101
7 80 95
7 81 99
7 82 102
7 83 100
7 84 102
7 85 100
7 86 99
7 87 103
7 88 100
7 89 98
7 90 103
7 91 101
7 92 100
7 93 99
7 94 103
7 95 99
7 96 100
8 8 0
8 9 0
8 10 105
8 11 100
8 12 102
8 13 101
8 14 100
8 15 101
8 16 101
8 17 102
8 18 101
8 19 98
8 20 102
8 21 104
8 22 95
8 23 96
8 24 94
8 25 100
8 26 102
8 27 99
8 28 93
8 29 98
8 30 101
8 31 97
8 32 102
8 33 100
8 34 97
8 35 97
8 36 101
8 37 102
8 38 101
8 39 101
8 40 101
8 41 97
8 42 99
8 43 97
8 44 104
8 45 103
8 46 101
8 47 97
8 48 101
8 49 98
8 50 97
8 51 96
8 52 101
8 53 101
8 54 99
8 55 101
8 56 101
8 57 99
8 58 99
8 59 99
8 60 101
8 61 99
8 62 99
8 63 97
8 64 99
8 65 99
8 66 102
8 67 101
8 68 102
8 69 102
8 70 104
8 71 104
8 72 100
8 73 99
8 74 102
8 75 99
8 76 100
8 77 99
8 78 100
8 79 101
8 80 100
8 81 98
8 82 98
8 83 99
8 84 104
8 85 101
8 86 101
8 87 97
8 88 103
8 89 99
8 90 101
8 91 97
8 92 100
8 93 100
8 94 101
8 95 99
8 96 103
9 9 0
9 10 101
9 11 100
9 12 98
9 13 100
9 14 99
9 15 99
9 16 101
9 17 96
9 18 97
9 19 98
9 20 96
9 21 100
9 22 94
9 23 99
9 24 98
9 25 99
9 26 102
9 27 100
9 28 104
9 29 103
9 30 100
9 31 99
9 32 98
9 33 101
9 34 100
9 35 102
9 36 99
9 37 97
9 38 102
9 39 106
9 40 101
9 41 99
9 42 103
9 43 100
9 44 103
9 45 98
9 46 102
9 47 102
9 48 96
9 49 101
9 50 98
9 51 103
9 52 102
9 53 101
9 54 96
9 55 98
9 56 97
9 57 99
9 58 103
9 59 99
9 60 99
9 61 104
9 62 99
9 63 102
9 64 98
9 65 101
9 66 101
9 67 97
9 68 100
9 69 101
9 70 102
9 71 102
9 72 97
9 73 103
9 74 103
9 75 102
9 76 99
9 77 101
9 78 102
9 79 102
9 80 97
9 81 100
9 82 100
9 83 98
9 84 102
9 85 98
9 86 98
9 87 101
9 88 98
9 89 99
9 90 98
9 91 102
9 92 101
9 93 101
9 94 99
9 95 102
9 96 100
10 10 0
10 11 98
10 12 98
10 13 102
10 14 96
10 15 101
10 16 103
10 17 102
10 18 102
10 19 102
10 20 98
10 21 101
10 22 99
10 23 98
10 24 100
10 25 100
10 26 100
10 27 100
10 28 99
10 29 99
10 30 102
10 31 98
10 32 101
10 33 104
10 34 101
10 35 103
10 36 101
10 37 100
10 38 103
10 39 98
10 40 99
10 41 99
10 42 98
10 43 99
10 44 101
10 45 101
10 46 99
10 47 97
10 48 98
10 49 100
10 50 101
10 51 101
10 52 101
10 53 96
10 54 97
10 55 99
10 56 105
10 57 101
10 58 99
10 59 100
10 60 100
10 61 100
10 62 102
10 63 100
10 64 98
10 65 103
10 66 101
10 67 103
10 68 102
10 69 102
10 70 100
10 71 100
10 72 99
10 73 99
10 74 99
10 75 96
10 76 100
10 77 102
10 78 97
10 79 103
10 80 102
10 81 98
10 82 100
10 83 101
10 84 102
10 85 103
10 86 99
10 87 101
10 88 98
10 89 101
10 90 99
10 91 100
10 92 104
10 93 98
10 94 98
10 95 98
10 96 103
11 11 0
11 12 0
11 13 0
11 14 95
11 15 95
11 16 102
11 17 97
11 18 100
11 19 99
11 20 102
11 21 100
11 22 102
11 23 98
11 24 100
11 25 98
11 26 103
11 27 103
11 28 99
11 29 101
11 30 101
11 31 98
11 32 101
11 33 102
11 34 100
11 35 101
11 36 100
11 37 99
11 38 98
11 39 96
11 40 102
11 41 102
11 42 100
11 43 102
11 44 101
11 45 100
11 46 98
11 47 99
11 48 103
11 49 98
11 50 100
11 51 100
11 52 96
11 53 101
11 54 99
11 55 97
11 56 94
11 57 104
11 58 99
11 59 103
11 60 99
11 61 101
11 62 96
11 63 100
11 64 100
11 65 99
11 66 100
11 67 97
11 68 98
11 69 99
11 70 103
11 71 100
11 72 103
11 73 99
11 74 102
11 75 98
11 76 102
11 77 103
11 78 96
11 79 101
11 80 98
11 81 98
11 82 100
11 83 101
11 84 102
11 85 100
11 86 97
11 87 99
11 88 102
11 89 102
11 90 100
11 91 102
11 92 101
11 93 100
11 94 100
11 95 102
11 96 101
12 12 0
12 13 0
12 14 102
12 15 98
12 16 101
12 17 104
12 18 101
12 19 97
12 20 98
12 21 101
12 22 100
12 23 99
12 24 98
12 25 104
12 26 103
12 27 100
12 28 100
12 29 98
12 30 98
12 31 102
12 32 102
12 33 97
12 34 97
12 35 99
12 36 103
12 37 101
12 38 97
12 39 99
12 40 100
12 41 98
12 42 101
12 43 100
12 44 97
12 45 102
12 46 101
12 47 97
12 48 99
12 49 101
12 50 102
12 51 104
12 52 100
12 53 97
12 54 103
12 55 97
12 56 102
12 57 100
12 58 98
12 59 99
12 60 99
12 61 101
12 62 98
12 63 99
12 64 101
12 65 100
12 66 103
12 67 101
12 68 98
12 69 99
12 70 101
12 71 100
12 72 102
12 73 99
12 74 100
12 75 102
12 76 96
12 77 102
12 78 102
12 79 100
12 80 98
12 81 99
12 82 98
12 83 99
12 84 102
12 85 98
12 86 103
12 87 97
12 88 100
12 89 97
12 90 101
12 91 102
12 92 98
12 93 100
12 94 101
12 95 98
12 96 99
13 13 0
13 14 98
13 15 99
13 16 101
13 17 100
13 18 102
13 19 99
13 20 102
13 21 98
13 22 99
13 23 100
13 24 103
13 25 99
13 26 99
13 27 102
13 28 99
13 29 101
13 30 104
13 31 99
13 32 101
13 33 102
13 34 98
13 35 99
13 36 100
13 37 97
13 38 101
13 39 102
13 40 100
13 41 99
13 42 100
13 43 98
13 44 97
13 45 101
13 46 99
13 47 101
13 48 100
13 49 101
13 50 99
13 51 99
13 52 100
13 53 100
13 54 98
13 55 101
13 56 100
13 57 98
13 58 99
13 59 102
13 60 101
13 61 97
13 62 99
13 63 98
13 64 98
13 65 102
13 66 101
13 67 104
13 68 96
13 69 99
13 70 99
13 71 99
13 72 94
13 73 99
13 74 98
13 75 105
13 76 101
13 77 101
13 78 103
13 79 101
13 80 100
13 81 99
13 82 99
13 83 102
13 84 100
13 85 102
13 86 101
13 87 103
13 88 95
13 89 101
13 90 99
13 91 100
13 92 100
13 93 100
13 94 98
13 95 100
13 96 99
14 14 0
14 15 0
14 16 0
14 17 104
14 18 98
14 19 98
14 20 102
14 21 101
14 22 103
14 23 100
14 24 97
14 25 98
14 26 99
14 27 97
14 28 104
14 29 99
14 30 101
14 31 100
14 32 101
14 33 105
14 34 104
14 35 103
14 36 101
14 37 99
14 38 97
14 39 102
14 40 100
14 41 102
14 42 99
14 43 100
14 44 99
14 45 104
14 46 102
14 47 103
14 48 99
14 49 98
14 50 102
14 51 100
14 52 100
14 53 99
14 54 101
14 55 98
14 56 99
14 57 99
14 58 100
14 59 104
14 60 103
14 61 101
14 62 99
14 63 100
14 64 101
14 65 99
14 66 101
14 67 100
14 68 100
14 69 99
14 70 100
14 71 96
14 72 102
14 73 98
14 74 98
14 75 98
14 76 101
14 77 102
14 78 97
14 79 100
14 80 101
14 81 99
14 82 100
14 83 97
14 84 101
14 85 100
14 86 102
14 87 99
14 88 98
14 89 103
14 90 98
14 91 102
14 92 101
14 93 98
14 94 101
14 95 99
14 96 100
15 15 0
15 16 0
15 17 101
15 18 102
15 19 101
15 20 98
15 21 101
15 22 100
15 23 98
15 24 99
15 25 97
15 26 99
15 27 103
15 28 102
15 29 98
15 30 98
15 31 100
15 32 97
15 33 98
15 34 103
15 35 100
15 36 98
15 37 98
15 38 101
15 39 98
15 40 98
15 41 100
15 42 103
15 43 95
15 44 101
15 45 101
15 46 101
15 47 102
15 48 100
15 49 100
15 50 102
15 51 102
15 52 99
15 53 101
15 54 102
15 55 100
15 56 96
15 57 101
15 58 100
15 59 98
15 60 98
15 61 98
15 62 100
15 63 98
15 64 98
15 65 101
15 66 101
15 67 101
15 68 103
15 69 102
15 70 105
15 71 101
15 72 99
15 73 100
15 74 101
15 75 104
15 76 98
15 77 102
15 78 96
15 79 99
15 80 100
15 81 102
15 82 101
15 83 102
15 84 100
15 85 99
15 86 101
15 87 99
15 88 100
15 89 97
15 90 101
15 91 98
15 92 102
15 93 99
15 94 98
15 95 100
15 96 98
16 16 0
16 17 103
16 18 100
16 19 96
16 20 99
16 21 102
16 22 100
16 23 101
16 24 104
16 25 100
16 26 103
16 27 99
16 28 99
16 29 99
16 30 96
16 31 103
16 32 99
16 33 101
16 34 100
16 35 96
16 36 101
16 37 103
16 38 100
16 39 102
16 40 98
16 41 101
16 42 100
16 43 97
16 44 101
16 45 101
16 46 98
16 47 100
16 48 100
16 49 101
16 50 99
16 51 100
16 52 100
16 53 96
16 54 100
16 55 99
16 56 101
16 57 99
16 58 101
16 59 99
16 60 103
16 61 101
16 62 102
16 63 99
16 64 102
16 65 100
16 66 99
16 67 98
16 68 101
16 69 101
16 70 100
16 71 102
16 72 96
16 73 101
16 74 97
16 75 100
16 76 99
16 77 98
16 78 100
16 79 100
16 80 100
16 81 103
16 82 102
16 83 95
16 84 100
16 85 98
16 86 101
16 87 100
16 88 102
16 89 99
16 90 100
16 91 99
16 92 99
16 93 98
16 94 100
16 95 99
16 96 102
17 17 0
17 18 0
17 19 0
17 20 0
17 21 0
17 22 0
17 23 0
17 24 0
17 25 97
17 26 100
17 27 99
17 28 106
17 29 101
17 30 99
17 31 98
17 32 100
17 33 100
17 34 103
17 35 103
17 36 98
17 37 101
17 38 102
17 39 99
17 40 99
17 41 99
17 42 101
17 43 100
17 44 100
17 45 96
17 46 98
17 47 102
17 48 98
17 49 98
17 50 97
17 51 101
17 52 100
17 53 101
17 54 100
17 55 100
17 56 98
17 57 104
17 58 98
17 59 101
17 60 102
17 61 95
17 62 98
17 63 101
17 64 101
17 65 101
17 66 101
17 67 101
17 68 96
17 69 101
17 70 98
17 71 101
17 72 101
17 73 102
17 74 99
17 75 100
17 76 98
17 77 103
17 78 96
17 79 101
17 80 98
17 81 98
17 82 99
17 83 100
17 84 101
17 85 101
17 86 99
17 87 97
17 88 101
17 89 103
17 90 100
17 91 101
17 92 98
17 93 99
17 94 100
17 95 100
17 96 100
18 18 0
18 19 0
18 20 0
18 21 0
18 22 0
18 23 0
18 24 0
18 25 104
18 26 99
18 27 99
18 28 102
18 29 99
18 30 99
18 31 98
18 32 103
18 33 95
18 34 102
18 35 103
18 36 102
18 37 99
18 38 97
18 39 97
18 40 99
18 41 100
18 42 103
18 43 99
18 44 102
18 45 100
18 46 101
18 47 99
18 48 99
18 49 101
18 50 102
18 51 96
18 52 97
18 53 98
18 54 103
18 55 99
18 56 100
18 57 105
18 58 97
18 59 102
18 60 102
18 61 101
18 62 102
18 63 100
18 64 101
18 65 103
18 66 100
18 67 102
18 68 102
18 69 98
18 70 100
18 71 97
18 72 99
18 73 103
18 74 95
18 75 102
18 76 102
18 77 100
18 78 100
18 79 101
18 80 96
18 81 101
18 82 100
18 83 100
18 84 100
18 85 97
18 86 100
18 87 98
18 88 99
18 89 98
18 90 101
18 91 101
18 92 96
18 93 100
18 94 99
18 95 103
18 96 99
19 19 0
19 20 0
19 21 0
19 22 0
19 23 0
19 24 0
19 25 102
19 26 99
19 27 99
19 28 100
19 29 99
19 30 96
19 31 98
19 32 104
19 33 103
19 34 99
19 35 101
19 36 104
19 37 102
19 38 102
19 39 98
19 40 99
19 41 97
19 42 101
19 43 100
19 44 100
19 45 101
19 46 103
19 47 98
19 48 101
19 49 100
19 50 103
19 51 97
19 52 100
19 53 102
19 54 99
19 55 101
19 56 103
19 57 98
19 58 105
19 59 101
19 60 99
19 61 99
19 62 98
19 63 98
19 64 100
19 65 102
19 66 101
19 67 99
19 68 99
19 69 105
19 70 103
19 71 97
19 72 100
19 73 100
19 74 95
19 75 99
19 76 99
19 77 96
19 78 99
19 79 101
19 80 100
19 81 97
19 82 100
19 83 100
19 84 100
19 85 100
19 86 102
19 87 102
19 88 102
19 89 99
19 90 100
19 91 101
19 92 101
19 93 104
19 94 101
19 95 101
19 96 101
20 20 0
20 21 0
20 22 0
20 23 0
20 24 0
20 25 103
20 26 101
20 27 100
20 28 103
20 29 100
20 30 104
20 31 104
20 32 99
20 33 97
20 34 100
20 35 97
20 36 101
20 37 100
20 38 98
20 39 100
20 40 99
20 41 101
20 42 103
20 43 98
20 44 100
20 45 100
20 46 101
20 47 102
20 48 97
20 49 100
20 50 99
20 51 99
20 52 99
20 53 102
20 54 99
20 55 100
20 56 104
20 57 95
20 58 98
20 59 101
20 60 99
20 61 100
20 62 103
20 63 97
20 64 98
20 65 99
20 66 96
20 67 102
20 68 99
20 69 99
20 70 96
20 71 100
20 72 100
20 73 99
20 74 97
20 75 101
20 76 101
20 77 101
20 78 96
20 79 103
20 80 95
20 81 104
20 82 104
20 83 98
20 84 99
20 85 100
20 86 99
20 87 103
20 88 99
20 89 99
20 90 100
20 91 101
20 92 102
20 93 101
20 94 98
20 95 101
20 96 98
21 21 0
21 22 0
21 23 0
21 24 0
21 25 102
21 26 101
21 27 98
21 28 100
21 29 101
21 30 102
21 31 102
21 32 100
21 33 102
21 34 100
21 35 101
21 36 99
21 37 102
21 38 104
21 39 99
21 40 100
21 41 97
21 42 99
21 43 103
21 44 98
21 45 98
21 46 99
21 47 98
21 48 99
21 49 101
21 50 98
21 51 104
21 52 104
21 53 101
21 54 104
21 55 100
21 56 99
21 57 103
21 58 99
21 59 97
21 60 102
21 61 99
21 62 101
21 63 101
21 64 101
21 65 101
21 66 99
21 67 99
21 68 102
21 69 98
21 70 100
21 71 98
21 72 100
21 73 96
21 74 96
21 75 97
21 76 97
21 77 100
21 78 100
21 79 99
21 80 101
21 81 97
21 82 99
21 83 99
21 84 104
21 85 101
21 86 99
21 87 102
21 88 101
21 89 99
21 90 100
21 91 100
21 92 100
21 93 99
21 94 96
21 95 99
21 96 97
22 22 0
22 23 0
22 24 0
22 25 102
22 26 101
22 27 101
22 28 99
22 29 102
22 30 99
22 31 100
22 32 104
22 33 99
22 34 102
22 35 98
22 36 101
22 37 100
22 38 99
22 39 98
22 40 99
22 41 101
22 42 101
22 43 101
22 44 100
22 45 103
22 46 100
22 47 103
22 48 102
22 49 98
22 50 98
22 51 98
22 52 102
22 53 100
22 54 101
22 55 99
22 56 97
22 57 101
22 58 101
22 59 98
22 60 99
22 61 103
22 62 101
22 63 101
22 64 98
22 65 98
22 66 99
22 67 100
22 68 101
22 69 100
22 70 100
22 71 101
22 72 97
22 73 100
22 74 102
22 75 102
22 76 97
22 77 100
22 78 97
22 79 99
22 80 98
22 81 102
22 82 98
22 83 101
22 84 98
22 85 99
22 86 101
22 87 97
22 88 100
22 89 99
22 90 101
22 91 100
22 92 97
22 93 99
22 94 99
22 95 102
22 96 97
23 23 0
23 24 0
23 25 100
23 26 98
23 27 101
23 28 97
23 29 101
23 30 102
23 31 100
23 32 100
23 33 97
23 34 103
23 35 100
23 36 103
23 37 99
23 38 103
23 39 101
23 40 100
23 41 102
23 42 100
23 43 101
23 44 103
23 45 98
23 46 101
23 47 97
23 48 98
23 49 101
23 50 97
23 51 99
23 52 101
23 53 102
23 54 98
23 55 97
23 56 100
23 57 96
23 58 102
23 59 102
23 60 101
23 61 101
23 62 102
23 63 96
23 64 99
23 65 99
23 66 98
23 67 99
23 68 97
23 69 97
23 70 99
23 71 96
23 72 101
23 73 99
23 74 100
23 75 99
23 76 103
23 77 100
23 78 100
23 79 95
23 80 102
23 81 100
23 82 100
23 83 100
23 84 103
23 85 101
23 86 101
23 87 101
23 88 100
23 89 99
23 90 97
23 91 98
23 92 101
23 93 99
23 94 102
23 95 99
23 96 100
24 24 0
24 25 102
24 26 99
24 27 100
24 28 99
24 29 101
24 30 98
24 31 96
24 32 103
24 33 100
24 34 100
24 35 102
24 36 102
24 37 100
24 38 101
24 39 97
24 40 101
24 41 100
24 42 101
24 43 99
24 44 104
24 45 100
24 46 98
24 47 101
24 48 101
24 49 102
24 50 101
24 51 101
24 52 96
24 53 99
24 54 101
24 55 99
24 56 102
24 57 101
24 58 96
24 59 102
24 60 101
24 61 101
24 62 97
24 63 102
24 64 101
24 65 99
24 66 101
24 67 99
24 68 100
24 69 103
24 70 102
24 71 99
24 72 100
24 73 104
24 74 102
24 75 102
24 76 103
24 77 99
24 78 101
24 79 103
24 80 99
24 81 96
24 82 100
24 83 101
24 84 100
24 85 101
24 86 102
24 87 98
24 88 98
24 89 100
24 90 102
24 91 100
24 92 98
24 93 99
24 94 104
24 95 102
24 96 101
25 25 0
25 26 0
25 27 0
25 28 0
25 29 0
25 30 96
25 31 101
25 32 101
25 33 101
25 34 102
25 35 102
25 36 102
25 37 98
25 38 99
25 39 101
25 40 100
25 41 99
25 42 99
25 43 98
25 44 105
25 45 103
25 46 101
25 47 99
25 48 100
25 49 99
25 50 99
25 51 101
25 52 98
25 53 102
25 54 104
25 55 99
25 56 102
25 57 102
25 58 101
25 59 101
25 60 99
25 61 99
25 62 100
25 63 99
25 64 98
25 65 98
25 66 101
25 67 101
25 68 102
25 69 103
25 70 100
25 71 100
25 72 102
25 73 101
25 74 103
25 75 101
25 76 99
25 77 103
25 78 96
25 79 103
25 80 99
25 81 99
25 82 103
25 83 101
25 84 100
25 85 102
25 86 97
25 87 101
25 88 97
25 89 99
25 90 97
25 91 98
25 92 98
25 93 99
25 94 101
25 95 99
25 96 100
26 26 0
26 27 0
26 28 0
26 29 0
26 30 99
26 31 99
26 32 98
26 33 100
26 34 102
26 35 99
26 36 100
26 37 103
26 38 103
26 39 103
26 40 98
26 41 101
26 42 102
26 43 100
26 44 105
26 45 100
26 46 100
26 47 99
26 48 97
26 49 103
26 50 99
26 51 102
26 52 100
26 53 102
26 54 99
26 55 101
26 56 103
26 57 102
26 58 97
26 59 101
26 60 100
26 61 99
26 62 98
26 63 102
26 64 99
26 65 98
26 66 102
26 67 104
26 68 101
26 69 99
26 70 104
26 71 99
26 72 101
26 73 100
26 74 104
26 75 100
26 76 100
26 77 100
26 78 98
26 79 101
26 80 102
26 81 101
26 82 99
26 83 99
26 84 100
26 85 99
26 86 102
26 87 97
26 88 101
26 89 103
26 90 98
26 91 97
26 92 103
26 93 102
26 94 101
26 95 105
26 96 100
27 27 0
27 28 0
27 29 0
27 30 100
27 31 96
27 32 102
27 33 101
27 34 100
27 35 102
27 36 102
27 37 102
27 38 101
27 39 99
27 40 103
27 41 98
27 42 102
27 43 97
27 44 98
27 45 99
27 46 99
27 47 101
27 48 97
27 49 95
27 50 100
27 51 101
27 52 99
27 53 102
27 54 101
27 55 99
27 56 99
27 57 95
27 58 100
27 59 102
27 60 98
27 61 101
27 62 99
27 63 100
27 64 101
27 65 102
27 66 101
27 67 101
27 68 98
27 69 100
27 70 100
27 71 100
27 72 99
27 73 98
27 74 101
27 75 101
27 76 102
27 77 101
27 78 99
27 79 102
27 80 104
27 81 96
27 82 101
27 83 98
27 84 99
27 85 99
27 86 105
27 87 97
27 88 97
27 89 103
27 90 99
27 91 96
27 92 101
27 93 99
27 94 104
27 95 103
27 96 100
28 28 0
28 29 0
28 30 104
28 31 98
28 32 104
28 33 103
28 34 98
28 35 103
28 36 100
28 37 99
28 38 100
28 39 98
28 40 99
28 41 101
28 42 101
28 43 101
28 44 97
28 45 100
28 46 99
28 47 99
28 48 101
28 49 97
28 50 99
28 51 101
28 52 96
28 53 100
28 54 100
28 55 98
28 56 103
28 57 96
28 58 102
28 59 96
28 60 99
28 61 98
28 62 102
28 63 102
28 64 99
28 65 97
28 66 100
28 67 98
28 68 102
28 69 100
28 70 100
28 71 100
28 72 101
28 73 98
28 74 96
28 75 97
28 76 95
28 77 99
28 78 102
28 79 97
28 80 100
28 81 100
28 82 97
28 83 101
28 84 102
28 85 97
28 86 102
28 87 97
28 88 97
28 89 99
28 90 101
28 91 101
28 92 102
28 93 101
28 94 101
28 95 98
28 96 97
29 29 0
29 30 101
29 31 98
29 32 101
29 33 97
29 34 101
29 35 101
29 36 99
29 37 98
29 38 101
29 39 101
29 40 102
29 41 101
29 42 100
29 43 101
29 44 101
29 45 96
29 46 98
29 47 96
29 48 99
29 49 103
29 50 98
29 51 102
29 52 104
29 53 101
29 54 101
29 55 99
29 56 100
29 57 97
29 58 99
29 59 101
29 60 99
29 61 102
29 62 103
29 63 101
29 64 103
29 65 102
29 66 99
29 67 99
29 68 100
29 69 100
29 70 101
29 71 100
29 72 101
29 73 101
29 74 101
29 75 98
29 76 101
29 77 100
29 78 102
29 79 101
29 80 99
29 81 103
29 82 101
29 83 98
29 84 98
29 85 99
29 86 103
29 87 100
29 88 102
29 89 98
29 90 98
29 91 99
29 92 97
29 93 98
29 94 101
29 95 102
29 96 101
30 30 0
30 31 0
30 32 0
30 33 0
30 34 0
30 35 0
30 36 0
30 37 98
30 38 98
30 39 101
30 40 101
30 41 99
30 42 99
30 43 100
30 44 98
30 45 103
30 46 100
30 47 102
30 48 98
30 49 100
30 50 98
30 51 99
30 52 102
30 53 98
30 54 97
30 55 102
30 56 98
30 57 101
30 58 102
30 59 102
30 60 100
30 61 101
30 62 104
30 63 98
30 64 101
30 65 101
30 66 98
30 67 97
30 68 102
30 69 97
30 70 100
30 71 96
30 72 103
30 73 103
30 74 99
30 75 97
30 76 103
30 77 101
30 78 104
30 79 100
30 80 101
30 81 99
30 82 99
30 83 101
30 84 102
30 85 100
30 86 102
30 87 106
30 88 103
30 89 99
30 90 100
30 91 99
30 92 101
30 93 98
30 94 102
30 95 102
30 96 101
31 31 0
31 32 0
31 33 0
31 34 0
31 35 0
31 36 0
31 37 97
31 38 101
31 39 101
31 40 100
31 41 100
31 42 100
31 43 99
31 44 103
31 45 99
31 46 99
31 47 99
31 48 98
31 49 98
31 50 99
31 51 99
31 52 100
31 53 99
31 54 103
31 55 97
31 56 100
31 57 99
31 58 95
31 59 100
31 60 97
31 61 99
31 62 97
31 63 100
31 64 100
31 65 99
31 66 97
31 67 99
31 68 101
31 69 96
31 70 99
31 71 104
31 72 100
31 73 99
31 74 101
31 75 101
31 76 102
31 77 98
31 78 101
31 79 97
31 80 101
31 81 101
31 82 98
31 83 105
31 84 103
31 85 102
31 86 104
31 87 102
31 88 99
31 89 104
31 90 100
31 91 98
31 92 100
31 93 102
31 94 100
31 95 100
31 96 104
32 32 0
32 33 0
32 34 0
32 35 0
32 36 0
32 37 99
32 38 98
32 39 101
32 40 101
32 41 100
32 42 101
32 43 100
32 44 100
32 45 102
32 46 101
32 47 100
32 48 98
32 49 101
32 50 102
32 51 99
32 52 102
32 53 100
32 54 97
32 55 103
32 56 102
32 57 106
32 58 98
32 59 101
32 60 102
32 61 102
32 62 101
32 63 100
32 64 100
32 65 102
32 66 98
32 67 101
32 68 103
32 69 100
32 70 97
32 71 99
32 72 100
32 73 101
32 74 103
32 75 99
32 76 104
32 77 105
32 78 99
32 79 98
32 80 97
32 81 100
32 82 100
32 83 97
32 84 98
32 85 98
32 86 100
32 87 100
32 88 99
32 89 99
32 90 101
32 91 101
32 92 100
32 93 105
32 94 98
32 95 100
32 96 104
33 33 0
33 34 0
33 35 0
33 36 0
33 37 101
33 38 97
33 39 100
33 40 97
33 41 97
33 42 99
33 43 100
33 44 97
33 45 98
33 46 99
33 47 100
33 48 97
33 49 98
33 50 101
33 51 99
33 52 100
33 53 100
33 54 102
33 55 102
33 56 101
33 57 97
33 58 101
33 59 95
33 60 98
33 61 100
33 62 99
33 63 102
33 64 98
33 65 100
33 66 101
33 67 100
33 68 101
33 69 101
33 70 101
33 71 100
33 72 96
33 73 96
33 74 102
33 75 101
33 76 100
33 77 101
33 78 103
33 79 102
33 80 101
33 81 102
33 82 100
33 83 105
33 84 100
33 85 98
33 86 101
33 87 100
33 88 100
33 89 95
33 90 100
33 91 102
33 92 99
33 93 97
33 94 100
33 95 101
33 96 101
34 34 0
34 35 0
34 36 0
34 37 101
34 38 103
34 39 101
34 40 100
34 41 99
34 42 102
34 43 99
34 44 100
34 45 103
34 46 97
34 47 99
34 48 96
34 49 103
34 50 103
34 51 97
34 52 98
34 53 100
34 54 100
34 55 96
34 56 102
34 57 102
34 58 103
34 59 100
34 60 100
34 61 100
34 62 100
34 63 98
34 64 100
34 65 103
34 66 100
34 67 101
34 68 99
34 69 101
34 70 98
34 71 99
34 72 101
34 73 104
34 74 99
34 75 101
34 76 100
34 77 99
34 78 101
34 79 102
34 80 99
34 81 103
34 82 100
34 83 99
34 84 97
34 85 100
34 86 98
34 87 102
34 88 100
34 89 102
34 90 101
34 91 100
34 92 102
34 93 101
34 94 102
34 95 99
34 96 100
35 35 0
35 36 0
35 37 99
35 38 98
35 39 104
35 40 102
35 41 99
35 42 101
35 43 102
35 44 99
35 45 102
35 46 103
35 47 99
35 48 99
35 49 102
35 50 99
35 51 107
35 52 101
35 53 99
35 54 97
35 55 100
35 56 99
35 57 102
35 58 104
35 59 99
35 60 103
35 61 101
35 62 99
35 63 99
35 64 99
35 65 102
35 66 102
35 67 99
35 68 105
35 69 97
35 70 101
35 71 100
35 72 102
35 73 103
35 74 98
35 75 99
35 76 100
35 77 99
35 78 102
35 79 101
35 80 98
35 81 101
35 82 100
35 83 101
35 84 98
35 85 99
35 86 100
35 87 102
35 88 103
35 89 98
35 90 101
35 91 98
35 92 99
35 93 101
35 94 99
35 95 98
35 96 101
36 36 0
36 37 100
36 38 98
36 39 100
36 40 100
36 41 100
36 42 103
36 43 101
36 44 99
36 45 95
36 46 101
36 47 99
36 48 95
36 49 104
36 50 100
36 51 101
36 52 99
36 53 98
36 54 99
36 55 98
36 56 102
36 57 99
36 58 98
36 59 101
36 60 100
36 61 101
36 62 103
36 63 97
36 64 99
36 65 101
36 66 99
36 67 104
36 68 104
36 69 101
36 70 102
36 71 104
36 72 98
36 73 101
36 74 96
36 75 99
36 76 100
36 77 102
36 78 98
36 79 100
36 80 101
36 81 102
36 82 102
36 83 98
36 84 99
36 85 98
36 86 100
36 87 98
36 88 103
36 89 100
36 90 100
36 91 107
36 92 96
36 93 101
36 94 98
36 95 99
36 96 101
37 37 0
37 38 0
37 39 0
37 40 0
37 41 0
37 42 99
37 43 101
37 44 100
37 45 101
37 46 101
37 47 99
37 48 99
37 49 98
37 50 101
37 51 100
37 52 100
37 53 101
37 54 100
37 55 99
37 56 99
37 57 103
37 58 99
37 59 99
37 60 103
37 61 97
37 62 102
37 63 99
37 64 100
37 65 100
37 66 99
37 67 103
37 68 100
37 69 100
37 70 101
37 71 101
37 72 101
37 73 100
37 74 102
37 75 98
37 76 95
37 77 98
37 78 99
37 79 101
37 80 105
37 81 97
37 82 102
37 83 102
37 84 99
37 85 103
37 86 100
37 87 103
37 88 99
37 89 102
37 90 103
37 91 102
37 92 99
37 93 100
37 94 98
37 95 102
37 96 103
38 38 0
38 39 0
38 40 0
38 41 0
38 42 101
38 43 99
38 44 98
38 45 100
38 46 100
38 47 100
38 48 100
38 49 98
38 50 102
38 51 97
38 52 101
38 53 99
38 54 98
38 55 99
38 56 100
38 57 101
38 58 102
38 59 105
38 60 98
38 61 102
38 62 102
38 63 101
38 64 100
38 65 102
38 66 101
38 67 101
38 68 100
38 69 98
38 70 98
38 71 103
38 72 101
38 73 100
38 74 100
38 75 99
38 76 103
38 77 98
38 78 100
38 79 100
38 80 99
38 81 96
38 82 98
38 83 100
38 84 100
38 85 101
38 86 99
38 87 99
38 88 96
38 89 102
38 90 101
38 91 103
38 92 98
38 93 102
38 94 99
38 95 96
38 96 103
39 39 0
39 40 0
39 41 0
39 42 96
39 43 100
39 44 96
39 45 100
39 46 101
39 47 100
39 48 101
39 49 103
39 50 100
39 51 99
39 52 99
39 53 99
39 54 98
39 55 101
39 56 99
39 57 102
39 58 98
39 59 103
39 60 100
39 61 97
39 62 95
39 63 100
39 64 104
39 65 99
39 66 96
39 67 98
39 68 100
39 69 100
39 70 98
39 71 103
39 72 100
39 73 104
39 74 101
39 75 100
39 76 101
39 77 97
39 78 101
39 79 98
39 80 102
39 81 101
39 82 99
39 83 98
39 84 102
39 85 103
39 86 101
39 87 99
39 88 99
39 89 100
39 90 103
39 91 98
39 92 102
39 93 104
39 94 100
39 95 100
39 96 100
40 40 0
40 41 0
40 42 101
40 43 97
40 44 96
40 45 98
40 46 100
40 47 101
40 48 101
40 49 101
40 50 100
40 51 97
40 52 101
40 53 106
40 54 100
40 55 101
40 56 101
40 57 100
40 58 99
40 59 104
40 60 99
40 61 96
40 62 100
40 63 101
40 64 99
40 65 97
40 66 101
40 67 101
40 68 101
40 69 99
40 70 99
40 71 100
40 72 102
40 73 101
40 74 99
40 75 99
40 76 100
40 77 101
40 78 99
40 79 99
40 80 99
40 81 105
40 82 100
40 83 99
40 84 100
40 85 103
40 86 101
40 87 99
40 88 99
40 89 102
40 90 101
40 91 99
40 92 103
40 93 97
40 94 98
40 95 102
40 96 101
41 41 0
41 42 97
41 43 95
41 44 99
41 45 99
41 46 100
41 47 105
41 48 102
41 49 101
41 50 98
41 51 100
41 52 101
41 53 101
41 54 100
41 55 100
41 56 99
41 57 100
41 58 100
41 59 102
41 60 100
41 61 100
41 62 100
41 63 103
41 64 97
41 65 99
41 66 93
41 67 103
41 68 101
41 69 100
41 70 99
41 71 101
41 72 96
41 73 102
41 74 100
41 75 97
41 76 103
41 77 101
41 78 104
41 79 99
41 80 100
41 81 101
41 82 101
41 83 100
41 84 101
41 85 100
41 86 99
41 87 99
41 88 101
41 89 98
41 90 101
41 91 100
41 92 102
41 93 100
41 94 99
41 95 101
41 96 98
42 42 0
42 43 101
42 44 99
42 45 101
42 46 98
42 47 102
42 48 100
42 49 104
42 50 100
42 51 99
42 52 94
42 53 99
42 54 99
42 55 100
42 56 102
42 57 98
42 58 102
42 59 100
42 60 100
42 61 100
42 62 101
42 63 100
42 64 102
42 65 99
42 66 98
42 67 100
42 68 99
42 69 100
42 70 100
42 71 101
42 72 98
42 73 100
42 74 101
42 75 98
42 76 99
42 77 101
42 78 101
42 79 101
42 80 99
42 81 96
42 82 99
42 83 98
42 84 100
42 85 103
42 86 99
42 87 100
42 88 97
42 89 101
42 90 96
42 91 100
42 92 98
42 93 100
42 94 98
42 95 102
42 96 100
43 43 0
43 44 0
43 45 0
43 46 0
43 47 101
43 48 99
43 49 100
43 50 104
43 51 100
43 52 100
43 53 100
43 54 96
43 55 99
43 56 97
43 57 97
43 58 98
43 59 99
43 60 101
43 61 99
43 62 99
43 63 95
43 64 102
43 65 100
43 66 100
43 67 101
43 68 103
43 69 101
43 70 96
43 71 100
43 72 100
43 73 100
43 74 100
43 75 101
43 76 101
43 77 101
43 78 97
43 79 96
43 80 98
43 81 100
43 82 102
43 83 97
43 84 102
43 85 98
43 86 99
43 87 101
43 88 99
43 89 97
43 90 100
43 91 98
43 92 98
43 93 100
43 94 98
43 95 100
43 96 101
44 44 0
44 45 0
44 46 0
44 47 102
44 48 99
44 49 101
44 50 97
44 51 96
44 52 101
44 53 99
44 54 104
44 55 97
44 56 97
44 57 101
44 58 100
44 59 104
44 60 101
44 61 101
44 62 98
44 63 100
44 64 102
44 65 95
44 66 99
44 67 102
44 68 98
44 69 99
44 70 100
44 71 98
44 72 103
44 73 104
44 74 99
44 75 103
44 76 98
44 77 100
44 78 97
44 79 100
44 80 100
44 81 102
44 82 97
44 83 100
44 84 102
44 85 99
44 86 100
44 87 101
44 88 101
44 89 103
44 90 100
44 91 102
44 92 99
44 93 99
44 94 100
44 95 99
44 96 100
45 45 0
45 46 0
45 47 100
45 48 103
45 49 107
45 50 101
45 51 98
45 52 99
45 53 97
45 54 97
45 55 100
45 56 102
45 57 96
45 58 97
45 59 99
45 60 98
45 61 99
45 62 100
45 63 102
45 64 99
45 65 100
45 66 99
45 67 98
45 68 96
45 69 97
45 70 97
45 71 96
45 72 99
45 73 97
45 74 103
45 75 103
45 76 101
45 77 102
45 78 98
45 79 100
45 80 103
45 81 101
45 82 103
45 83 100
45 84 102
45 85 99
45 86 101
45 87 95
45 88 101
45 89 102
45 90 101
45 91 101
45 92 99
45 93 100
45 94 97
45 95 104
45 96 101
46 46 0
46 47 101
46 48 101
46 49 100
46 50 100
46 51 98
46 52 101
46 53 99
46 54 101
46 55 98
46 56 99
46 57 101
46 58 103
46 59 103
46 60 99
46 61 100
46 62 101
46 63 102
46 64 100
46 65 98
46 66 102
46 67 97
46 68 103
46 69 99
46 70 102
46 71 102
46 72 101
46 73 103
46 74 97
46 75 100
46 76 99
46 77 100
46 78 100
46 79 99
46 80 97
46 81 99
46 82 100
46 83 102
46 84 101
46 85 99
46 86 101
46 87 99
46 88 101
46 89 100
46 90 101
46 91 99
46 92 100
46 93 101
46 94 98
46 95 101
46 96 99
47 47 0
47 48 0
47 49 0
47 50 102
47 51 102
47 52 100
47 53 101
47 54 96
47 55 100
47 56 98
47 57 102
47 58 98
47 59 97
47 60 97
47 61 102
47 62 97
47 63 98
47 64 98
47 65 102
47 66 101
47 67 101
47 68 100
47 69 99
47 70 102
47 71 101
47 72 99
47 73 100
47 74 103
47 75 101
47 76 102
47 77 97
47 78 100
47 79 96
47 80 99
47 81 101
47 82 103
47 83 101
47 84 97
47 85 99
47 86 96
47 87 102
47 88 97
47 89 100
47 90 98
47 91 100
47 92 99
47 93 99
47 94 101
47 95 103
47 96 100
48 48 0
48 49 0
48 50 99
48 51 95
48 52 101
48 53 102
48 54 100
48 55 100
48 56 100
48 57 101
48 58 101
48 59 97
48 60 98
48 61 102
48 62 104
48 63 99
48 64 99
48 65 98
48 66 101
48 67 102
48 68 99
48 69 101
48 70 101
48 71 99
48 72 100
48 73 101
48 74 103
48 75 100
48 76 104
48 77 98
48 78 98
48 79 103
48 80 101
48 81 100
48 82 99
48 83 100
48 84 100
48 85 98
48 86 97
48 87 101
48 88 100
48 89 98
48 90 98
48 91 100
48 92 100
48 93 99
48 94 99
48 95 99
48 96 100
49 49 0
49 50 98
49 51 100
49 52 99
49 53 96
49 54 101
49 55 102
49 56 98
49 57 97
49 58 101
49 59 102
49 60 98
49 61 106
49 62 97
49 63 102
49 64 102
49 65 103
49 66 100
49 67 99
49 68 101
49 69 99
49 70 104
49 71 101
49 72 98
49 73 98
49 74 96
49 75 100
49 76 99
49 77 99
49 78 98
49 79 100
49 80 99
49 81 100
49 82 101
49 83 102
49 84 101
49 85 98
49 86 100
49 87 102
49 88 101
49 89 97
49 90 100
49 91 97
49 92 99
49 93 101
49 94 99
49 95 101
49 96 102
50 50 0
50 51 0
50 52 0
50 53 0
50 54 0
50 55 0
50 56 0
50 57 0
50 58 100
50 59 103
50 60 101
50 61 102
50 62 95
50 63 101
50 64 95
50 65 100
50 66 100
50 67 99
50 68 98
50 69 101
50 70 99
50 71 100
50 72 101
50 73 100
50 74 101
50 75 99
50 76 99
50 77 106
50 78 101
50 79 103
50 80 96
50 81 100
50 82 101
50 83 101
50 84 103
50 85 100
50 86 98
50 87 101
50 88 100
50 89 100
50 90 102
50 91 100
50 92 99
50 93 104
50 94 99
50 95 102
50 96 100
51 51 0
51 52 0
51 53 0
51 54 0
51 55 0
51 56 0
51 57 0
51 58 102
51 59 97
51 60 99
51 61 102
51 62 100
51 63 103
51 64 95
51 65 97
51 66 104
51 67 102
51 68 101
51 69 102
51 70 100
51 71 100
51 72 101
51 73 102
51 74 101
51 75 101
51 76 102
51 77 97
51 78 100
51 79 99
51 80 101
51 81 100
51 82 100
51 83 103
51 84 100
51 85 100
51 86 101
51 87 101
51 88 97
51 89 96
51 90 101
51 91 100
51 92 100
51 93 99
51 94 98
51 95 99
51 96 100
52 52 0
52 53 0
52 54 0
52 55 0
52 56 0
52 57 0
52 58 100
52 59 98
52 60 101
52 61 100
52 62 100
52 63 99
52 64 100
52 65 102
52 66 100
52 67 99
52 68 100
52 69 98
52 70 100
52 71 99
52 72 102
52 73 102
52 74 101
52 75 98
52 76 101
52 77 97
52 78 96
52 79 101
52 80 98
52 81 98
52 82 102
52 83 96
52 84 100
52 85 99
52 86 99
52 87 99
52 88 98
52 89 101
52 90 100
52 91 99
52 92 101
52 93 101
52 94 101
52 95 99
52 96 103
53 53 0
53 54 0
53 55 0
53 56 0
53 57 0
53 58 101
53 59 96
53 60 99
53 61 98
53 62 99
53 63 100
53 64 98
53 65 100
53 66 99
53 67 98
53 68 102
53 69 99
53 70 101
53 71 99
53 72 100
53 73 98
53 74 102
53 75 102
53 76 103
53 77 100
53 78 101
53 79 101
53 80 101
53 81 96
53 82 101
53 83 101
53 84 98
53 85 103
53 86 98
53 87 99
53 88 102
53 89 99
53 90 102
53 91 96
53 92 99
53 93 99
53 94 104
53 95 100
53 96 99
54 54 0
54 55 0
54 56 0
54 57 0
54 58 97
54 59 98
54 60 99
54 61 97
54 62 100
54 63 100
54 64 97
54 65 99
54 66 100
54 67 103
54 68 102
54 69 100
54 70 97
54 71 98
54 72 100
54 73 97
54 74 97
54 75 104
54 76 102
54 77 103
54 78 98
54 79 100
54 80 97
54 81 98
54 82 99
54 83 99
54 84 102
54 85 101
54 86 102
54 87 99
54 88 99
54 89 101
54 90 101
54 91 97
54 92 101
54 93 99
54 94 99
54 95 100
54 96 100
55 55 0
55 56 0
55 57 0
55 58 94
55 59 100
55 60 99
55 61 95
55 62 101
55 63 98
55 64 101
55 65 98
55 66 98
55 67 101
55 68 98
55 69 96
55 70 100
55 71 100
55 72 101
55 73 100
55 74 101
55 75 102
55 76 100
55 77 102
55 78 96
55 79 103
55 80 100
55 81 98
55 82 99
55 83 99
55 84 99
55 85 100
55 86 99
55 87 100
55 88 100
55 89 102
55 90 99
55 91 96
55 92 101
55 93 100
55 94 99
55 95 97
55 96 105
56 56 0
56 57 0
56 58 99
56 59 98
56 60 98
56 61 103
56 62 98
56 63 101
56 64 103
56 65 103
56 66 102
56 67 101
56 68 100
56 69 102
56 70 98
56 71 99
56 72 102
56 73 100
56 74 96
56 75 101
56 76 99
56 77 99
56 78 98
56 79 97
56 80 99
56 81 100
56 82 100
56 83 104
56 84 99
56 85 101
56 86 101
56 87 100
56 88 98
56 89 101
56 90 100
56 91 97
56 92 102
56 93 100
56 94 100
56 95 99
56 96 100
57 57 0
57 58 102
57 59 96
57 60 95
57 61 101
57 62 101
57 63 101
57 64 97
57 65 101
57 66 98
57 67 102
57 68 101
57 69 105
57 70 99
57 71 99
57 72 98
57 73 99
57 74 101
57 75 99
57 76 100
57 77 100
57 78 98
57 79 102
57 80 99
57 81 99
57 82 100
57 83 99
57 84 99
57 85 101
57 86 98
57 87 103
57 88 101
57 89 99
57 90 101
57 91 98
57 92 100
57 93 100
57 94 99
57 95 97
57 96 98
58 58 0
58 59 0
58 60 0
58 61 106
58 62 99
58 63 101
58 64 99
58 65 99
58 66 100
58 67 100
58 68 98
58 69 103
58 70 100
58 71 97
58 72 99
58 73 102
58 74 98
58 75 100
58 76 101
58 77 98
58 78 101
58 79 102
58 80 98
58 81 101
58 82 97
58 83 99
58 84 98
58 85 99
58 86 98
58 87 100
58 88 102
58 89 103
58 90 103
58 91 102
58 92 101
58 93 97
58 94 103
58 95 100
58 96 99
59 59 0
59 60 0
59 61 99
59 62 100
59 63 100
59 64 97
59 65 98
59 66 102
59 67 100
59 68 99
59 69 99
59 70 102
59 71 99
59 72 100
59 73 102
59 74 103
59 75 100
59 76 101
59 77 103
59 78 100
59 79 103
59 80 99
59 81 103
59 82 97
59 83 102
59 84 98
59 85 100
59 86 100
59 87 101
59 88 99
59 89 102
59 90 97
59 91 101
59 92 100
59 93 97
59 94 98
59 95 99
59 96 98
60 60 0
60 61 100
60 62 98
60 63 102
60 64 98
60 65 99
60 66 98
60 67 98
60 68 99
60 69 99
60 70 100
60 71 102
60 72 102
60 73 101
60 74 100
60 75 100
60 76 98
60 77 104
60 78 101
60 79 100
60 80 103
60 81 99
60 82 98
60 83 99
60 84 102
60 85 98
60 86 101
60 87 101
60 88 97
60 89 100
60 90 100
60 91 99
60 92 100
60 93 102
60 94 100
60 95 103
60 96 97
61 61 0
61 62 0
61 63 0
61 64 0
61 65 0
61 66 0
61 67 0
61 68 0
61 69 100
61 70 100
61 71 100
61 72 101
61 73 102
61 74 100
61 75 100
61 76 99
61 77 100
61 78 100
61 79 102
61 80 99
61 81 96
61 82 100
61 83 99
61 84 99
61 85 97
61 86 98
61 87 99
61 88 98
61 89 102
61 90 100
61 91 99
61 92 97
61 93 100
61 94 100
61 95 101
61 96 102
62 62 0
62 63 0
62 64 0
62 65 0
62 66 0
62 67 0
62 68 0
62 69 99
62 70 99
62 71 100
62 72 101
62 73 100
62 74 102
62 75 97
62 76 98
62 77 100
62 78 101
62 79 102
62 80 100
62 81 102
62 82 99
62 83 101
62 84 98
62 85 101
62 86 99
62 87 100
62 88 98
62 89 99
62 90 104
62 91 101
62 92 101
62 93 101
62 94 104
62 95 99
62 96 97
63 63 0
63 64 0
63 65 0
63 66 0
63 67 0
63 68 0
63 69 99
63 70 98
63 71 100
63 72 98
63 73 103
63 74 101
63 75 98
63 76 98
63 77 97
63 78 97
63 79 103
63 80 103
63 81 100
63 82 100
63 83 94
63 84 100
63 85 101
63 86 100
63 87 99
63 88 101
63 89 99
63 90 100
63 91 97
63 92 101
63 93 99
63 94 97
63 95 98
63 96 98
64 64 0
64 65 0
64 66 0
64 67 0
64 68 0
64 69 99
64 70 95
64 71 103
64 72 100
64 73 95
64 74 102
64 75 101
64 76 100
64 77 101
64 78 98
64 79 101
64 80 101
64 81 101
64 82 97
64 83 100
64 84 102
64 85 102
64 86 103
64 87 101
64 88 98
64 89 96
64 90 103
64 91 100
64 92 100
64 93 96
64 94 100
64 95 101
64 96 99
65 65 0
65 66 0
65 67 0
65 68 0
65 69 101
65 70 95
65 71 102
65 72 103
65 73 102
65 74 99
65 75 102
65 76 100
65 77 96
65 78 99
65 79 101
65 80 101
65 81 98
65 82 102
65 83 101
65 84 101
65 85 101
65 86 99
65 87 101
65 88 103
65 89 99
65 90 99
65 91 101
65 92 101
65 93 101
65 94 100
65 95 100
65 96 97
66 66 0
66 67 0
66 68 0
66 69 103
66 70 101
66 71 97
66 72 103
66 73 99
66 74 100
66 75 100
66 76 102
66 77 101
66 78 99
66 79 101
66 80 100
66 81 102
66 82 100
66 83 101
66 84 100
66 85 98
66 86 99
66 87 102
66 88 100
66 89 101
66 90 102
66 91 102
66 92 103
66 93 103
66 94 97
66 95 97
66 96 101
67 67 0
67 68 0
67 69 103
67 70 98
67 71 100
67 72 98
67 73 99
67 74 101
67 75 101
67 76 99
67 77 102
67 78 105
67 79 98
67 80 96
67 81 103
67 82 100
67 83 101
67 84 99
67 85 100
67 86 97
67 87 103
67 88 101
67 89 99
67 90 99
67 91 96
67 92 97
67 93 99
67 94 101
67 95 96
67 96 103
68 68 0
68 69 100
68 70 96
68 71 101
68 72 99
68 73 100
68 74 100
68 75 98
68 76 99
68 77 103
68 78 96
68 79 101
68 80 104
68 81 98
68 82 98
68 83 100
68 84 102
68 85 99
68 86 102
68 87 101
68 88 99
68 89 101
68 90 102
68 91 101
68 92 100
68 93 103
68 94 99
68 95 95
68 96 100
69 69 0
69 70 98
69 71 99
69 72 101
69 73 98
69 74 101
69 75 100
69 76 102
69 77 100
69 78 100
69 79 100
69 80 95
69 81 101
69 82 101
69 83 98
69 84 99
69 85 98
69 86 99
69 87 100
69 88 105
69 89 101
69 90 100
69 91 98
69 92 101
69 93 99
69 94 102
69 95 97
69 96 99
70 70 0
70 71 0
70 72 0
70 73 0
70 74 100
70 75 100
70 76 97
70 77 100
70 78 101
70 79 100
70 80 102
70 81 99
70 82 97
70 83 101
70 84 103
70 85 100
70 86 99
70 87 99
70 88 102
70 89 99
70 90 101
70 91 100
70 92 101
70 93 101
70 94 98
70 95 96
70 96 102
71 71 0
71 72 0
71 73 0
71 74 99
71 75 98
71 76 102
71 77 100
71 78 102
71 79 99
71 80 104
71 81 99
71 82 99
71 83 101
71 84 102
71 85 102
71 86 96
71 87 101
71 88 97
71 89 100
71 90 99
71 91 101
71 92 100
71 93 101
71 94 101
71 95 99
71 96 98
72 72 0
72 73 0
72 74 97
72 75 97
72 76 100
72 77 101
72 78 99
72 79 101
72 80 101
72 81 99
72 82 101
72 83 103
72 84 96
72 85 100
72 86 99
72 87 100
72 88 99
72 89 99
72 90 101
72 91 104
72 92 101
72 93 101
72 94 99
72 95 99
72 96 99
73 73 0
73 74 101
73 75 98
73 76 100
73 77 99
73 78 98
73 79 99
73 80 103
73 81 100
73 82 99
73 83 100
73 84 99
73 85 97
73 86 98
73 87 100
73 88 98
73 89 102
73 90 99
73 91 100
73 92 103
73 93 104
73 94 101
73 95 103
73 96 104
74 74 0
74 75 0
74 76 98
74 77 102
74 78 98
74 79 100
74 80 98
74 81 99
74 82 100
74 83 101
74 84 103
74 85 101
74 86 102
74 87 96
74 88 100
74 89 103
74 90 103
74 91 99
74 92 102
74 93 100
74 94 99
74 95 100
74 96 100
75 75 0
75 76 99
75 77 104
75 78 99
75 79 101
75 80 101
75 81 101
75 82 104
75 83 103
75 84 98
75 85 98
75 86 101
75 87 99
75 88 98
75 89 101
75 90 102
75 91 101
75 92 101
75 93 100
75 94 101
75 95 100
75 96 99
76 76 0
76 77 0
76 78 0
76 79 0
76 80 0
76 81 0
76 82 0
76 83 0
76 84 98
76 85 100
76 86 101
76 87 99
76 88 100
76 89 102
76 90 98
76 91 101
76 92 101
76 93 104
76 94 99
76 95 105
76 96 101
77 77 0
77 78 0
77 79 0
77 80 0
77 81 0
77 82 0
77 83 0
77 84 102
77 85 97
77 86 102
77 87 103
77 88 102
77 89 99
77 90 100
77 91 102
77 92 102
77 93 103
77 94 102
77 95 98
77 96 98
78 78 0
78 79 0
78 80 0
78 81 0
78 82 0
78 83 0
78 84 99
78 85 99
78 86 100
78 87 104
78 88 102
78 89 101
78 90 100
78 91 100
78 92 102
78 93 100
78 94 100
78 95 97
78 96 99
79 79 0
79 80 0
79 81 0
79 82 0
79 83 0
79 84 98
79 85 101
79 86 98
79 87 98
79 88 100
79 89 101
79 90 99
79 91 101
79 92 99
79 93 99
79 94 104
79 95 103
79 96 101
80 80 0
80 81 0
80 82 0
80 83 0
80 84 102
80 85 98
80 86 101
80 87 99
80 88 103
80 89 101
80 90 100
80 91 103
80 92 100
80 93 102
80 94 100
80 95 101
80 96 101
81 81 0
81 82 0
81 83 0
81 84 96
81 85 100
81 86 99
81 87 101
81 88 102
81 89 101
81 90 102
81 91 98
81 92 99
81 93 98
81 94 101
81 95 101
81 96 101
82 82 0
82 83 0
82 84 101
82 85 101
82 86 100
82 87 100
82 88 97
82 89 102
82 90 105
82 91 100
82 92 101
82 93 98
82 94 99
82 95 97
82 96 98
83 83 0
83 84 97
83 85 102
83 86 101
83 87 99
83 88 99
83 89 101
83 90 103
83 91 101
83 92 98
83 93 95
83 94 98
83 95 100
83 96 102
84 84 0
84 85 0
84 86 0
84 87 0
84 88 0
84 89 0
84 90 0
84 91 0
84 92 0
84 93 0
84 94 99
84 95 98
84 96 102
85 85 0
85 86 0
85 87 0
85 88 0
85 89 0
85 90 0
85 91 0
85 92 0
85 93 0
85 94 101
85 95 103
85 96 99
86 86 0
86 87 0
86 88 0
86 89 0
86 90 0
86 91 0
86 92 0
86 93 0
86 94 101
86 95 101
86 96 101
87 87 0
87 88 0
87 89 0
87 90 0
87 91 0
87 92 0
87 93 0
87 94 102
87 95 99
87 96 99
88 88 0
88 89 0
88 90 0
88 91 0
88 92 0
88 93 0
88 94 99
88 95 99
88 96 100
89 89 0
89 90 0
89 91 0
89 92 0
89 93 0
89 94 99
89 95 99
89 96 102
90 90 0
90 91 0
90 92 0
90 93 0
90 94 97
90 95 100
90 96 97
91 91 0
91 92 0
91 93 0
91 94 100
91 95 101
91 96 101
92 92 0
92 93 0
92 94 101
92 95 99
92 96 96
93 93 0
93 94 100
93 95 100
93 96 97
94 94 0
94 95 0
94 96 0
95 95 0
95 96 0
96 96 0
