5
25
9
17
5
27
0 0 0
0 1 0
0 2 0
0 3 0
0 4 0
0 5 0
0 6 0
0 7 0
0 8 0
0 9 0
0 10 0
0 11 0
0 12 0
0 13 0
0 14 0
0 15 0
0 16 0
0 17 0
0 18 0
0 19 0
0 20 0
0 21 0
0 22 0
0 23 0
0 24 0
0 25 13
0 26 10
0 27 13
0 28 4
0 29 19
0 30 12
0 31 15
0 32 19
0 33 5
0 34 7
0 35 8
0 36 19
0 37 9
0 38 2
0 39 2
0 40 17
0 41 9
0 42 3
0 43 3
0 44 5
0 45 17
0 46 2
0 47 15
0 48 8
0 49 4
0 50 12
0 51 16
0 52 11
0 53 8
0 54 11
0 55 5
0 56 1
0 57 3
0 58 12
0 59 3
0 60 2
0 61 20
0 62 12
0 63 8
0 64 18
0 65 1
0 66 5
0 67 6
0 68 18
0 69 18
0 70 7
0 71 18
0 72 10
0 73 4
0 74 9
0 75 1
0 76 14
0 77 9
0 78 6
0 79 15
0 80 1
0 81 8
0 82 17
1 1 0
1 2 0
1 3 0
1 4 0
1 5 0
1 6 0
1 7 0
1 8 0
1 9 0
1 10 0
1 11 0
1 12 0
1 13 0
1 14 0
1 15 0
1 16 0
1 17 0
1 18 0
1 19 0
1 20 0
1 21 0
1 22 0
1 23 0
1 24 0
1 25 12
1 26 15
1 27 5
1 28 14
1 29 13
1 30 14
1 31 20
1 32 7
1 33 5
1 34 12
1 35 6
1 36 1
1 37 12
1 38 8
1 39 11
1 40 17
1 41 11
1 42 18
1 43 2
1 44 4
1 45 13
1 46 18
1 47 20
1 48 6
1 49 16
1 50 11
1 51 1
1 52 12
1 53 3
1 54 11
1 55 8
1 56 18
1 57 5
1 58 4
1 59 4
1 60 8
1 61 15
1 62 1
1 63 17
1 64 14
1 65 18
1 66 3
1 67 16
1 68 1
1 69 3
1 70 15
1 71 1
1 72 1
1 73 6
1 74 4
1 75 2
1 76 8
1 77 12
1 78 19
1 79 5
1 80 12
1 81 6
1 82 8
2 2 0
2 3 0
2 4 0
2 5 0
2 6 0
2 7 0
2 8 0
2 9 0
2 10 0
2 11 0
2 12 0
2 13 0
2 14 0
2 15 0
2 16 0
2 17 0
2 18 0
2 19 0
2 20 0
2 21 0
2 22 0
2 23 0
2 24 0
2 25 4
2 26 17
2 27 5
2 28 13
2 29 7
2 30 2
2 31 12
2 32 7
2 33 19
2 34 10
2 35 11
2 36 2
2 37 20
2 38 16
2 39 18
2 40 14
2 41 10
2 42 10
2 43 16
2 44 20
2 45 18
2 46 1
2 47 7
2 48 14
2 49 2
2 50 11
2 51 6
2 52 12
2 53 4
2 54 2
2 55 16
2 56 20
2 57 2
2 58 3
2 59 2
2 60 18
2 61 16
2 62 3
2 63 17
2 64 9
2 65 6
2 66 14
2 67 18
2 68 6
2 69 10
2 70 16
2 71 3
2 72 9
2 73 17
2 74 18
2 75 5
2 76 3
2 77 10
2 78 10
2 79 4
2 80 15
2 81 2
2 82 1
3 3 0
3 4 0
3 5 0
3 6 0
3 7 0
3 8 0
3 9 0
3 10 0
3 11 0
3 12 0
3 13 0
3 14 0
3 15 0
3 16 0
3 17 0
3 18 0
3 19 0
3 20 0
3 21 0
3 22 0
3 23 0
3 24 0
3 25 12
3 26 6
3 27 19
3 28 2
3 29 5
3 30 3
3 31 4
3 32 10
3 33 16
3 34 2
3 35 16
3 36 19
3 37 1
3 38 8
3 39 16
3 40 19
3 41 2
3 42 5
3 43 7
3 44 5
3 45 12
3 46 11
3 47 4
3 48 10
3 49 18
3 50 16
3 51 8
3 52 14
3 53 17
3 54 4
3 55 8
3 56 7
3 57 4
3 58 10
3 59 3
3 60 10
3 61 1
3 62 14
3 63 20
3 64 5
3 65 2
3 66 2
3 67 14
3 68 10
3 69 19
3 70 18
3 71 18
3 72 14
3 73 15
3 74 7
3 75 16
3 76 8
3 77 15
3 78 17
3 79 19
3 80 19
3 81 3
3 82 2
4 4 0
4 5 0
4 6 0
4 7 0
4 8 0
4 9 0
4 10 0
4 11 0
4 12 0
4 13 0
4 14 0
4 15 0
4 16 0
4 17 0
4 18 0
4 19 0
4 20 0
4 21 0
4 22 0
4 23 0
4 24 0
4 25 14
4 26 3
4 27 2
4 28 12
4 29 2
4 30 10
4 31 10
4 32 12
4 33 19
4 34 3
4 35 5
4 36 6
4 37 2
4 38 6
4 39 2
4 40 17
4 41 20
4 42 11
4 43 8
4 44 13
4 45 19
4 46 2
4 47 15
4 48 4
4 49 17
4 50 2
4 51 15
4 52 17
4 53 17
4 54 17
4 55 17
4 56 5
4 57 11
4 58 10
4 59 5
4 60 6
4 61 20
4 62 5
4 63 7
4 64 15
4 65 19
4 66 9
4 67 19
4 68 19
4 69 14
4 70 10
4 71 12
4 72 14
4 73 11
4 74 5
4 75 14
4 76 12
4 77 13
4 78 10
4 79 17
4 80 5
4 81 11
4 82 15
5 5 0
5 6 0
5 7 0
5 8 0
5 9 0
5 10 0
5 11 0
5 12 0
5 13 0
5 14 0
5 15 0
5 16 0
5 17 0
5 18 0
5 19 0
5 20 0
5 21 0
5 22 0
5 23 0
5 24 0
5 25 6
5 26 19
5 27 20
5 28 12
5 29 11
5 30 19
5 31 13
5 32 13
5 33 1
5 34 15
5 35 6
5 36 9
5 37 12
5 38 11
5 39 13
5 40 17
5 41 17
5 42 16
5 43 5
5 44 6
5 45 8
5 46 5
5 47 12
5 48 7
5 49 7
5 50 8
5 51 16
5 52 1
5 53 14
5 54 12
5 55 18
5 56 1
5 57 11
5 58 1
5 59 12
5 60 7
5 61 7
5 62 12
5 63 3
5 64 13
5 65 14
5 66 18
5 67 18
5 68 7
5 69 19
5 70 12
5 71 13
5 72 2
5 73 18
5 74 18
5 75 2
5 76 6
5 77 15
5 78 17
5 79 19
5 80 15
5 81 20
5 82 15
6 6 0
6 7 0
6 8 0
6 9 0
6 10 0
6 11 0
6 12 0
6 13 0
6 14 0
6 15 0
6 16 0
6 17 0
6 18 0
6 19 0
6 20 0
6 21 0
6 22 0
6 23 0
6 24 0
6 25 1
6 26 11
6 27 17
6 28 4
6 29 6
6 30 4
6 31 19
6 32 6
6 33 5
6 34 8
6 35 9
6 36 18
6 37 4
6 38 19
6 39 13
6 40 12
6 41 15
6 42 12
6 43 2
6 44 11
6 45 14
6 46 15
6 47 15
6 48 2
6 49 11
6 50 3
6 51 13
6 52 20
6 53 18
6 54 7
6 55 5
6 56 6
6 57 8
6 58 17
6 59 15
6 60 4
6 61 9
6 62 10
6 63 15
6 64 12
6 65 19
6 66 16
6 67 16
6 68 19
6 69 6
6 70 2
6 71 13
6 72 17
6 73 14
6 74 20
6 75 5
6 76 20
6 77 7
6 78 1
6 79 19
6 80 18
6 81 16
6 82 5
7 7 0
7 8 0
7 9 0
7 10 0
7 11 0
7 12 0
7 13 0
7 14 0
7 15 0
7 16 0
7 17 0
7 18 0
7 19 0
7 20 0
7 21 0
7 22 0
7 23 0
7 24 0
7 25 5
7 26 11
7 27 10
7 28 12
7 29 17
7 30 9
7 31 9
7 32 12
7 33 18
7 34 3
7 35 18
7 36 3
7 37 13
7 38 13
7 39 5
7 40 6
7 41 10
7 42 15
7 43 8
7 44 4
7 45 18
7 46 17
7 47 8
7 48 14
7 49 20
7 50 6
7 51 1
7 52 15
7 53 20
7 54 15
7 55 12
7 56 15
7 57 1
7 58 20
7 59 13
7 60 19
7 61 2
7 62 4
7 63 19
7 64 4
7 65 6
7 66 8
7 67 19
7 68 8
7 69 5
7 70 1
7 71 8
7 72 10
7 73 17
7 74 3
7 75 2
7 76 1
7 77 19
7 78 9
7 79 4
7 80 4
7 81 6
7 82 2
8 8 0
8 9 0
8 10 0
8 11 0
8 12 0
8 13 0
8 14 0
8 15 0
8 16 0
8 17 0
8 18 0
8 19 0
8 20 0
8 21 0
8 22 0
8 23 0
8 24 0
8 25 9
8 26 16
8 27 10
8 28 5
8 29 17
8 30 16
8 31 20
8 32 18
8 33 4
8 34 16
8 35 6
8 36 2
8 37 20
8 38 18
8 39 16
8 40 5
8 41 2
8 42 6
8 43 7
8 44 6
8 45 19
8 46 1
8 47 16
8 48 16
8 49 1
8 50 20
8 51 6
8 52 17
8 53 10
8 54 13
8 55 12
8 56 5
8 57 14
8 58 5
8 59 11
8 60 4
8 61 2
8 62 4
8 63 15
8 64 8
8 65 11
8 66 19
8 67 10
8 68 3
8 69 3
8 70 1
8 71 7
8 72 19
8 73 14
8 74 15
8 75 1
8 76 4
8 77 10
8 78 1
8 79 13
8 80 5
8 81 13
8 82 4
9 9 0
9 10 0
9 11 0
9 12 0
9 13 0
9 14 0
9 15 0
9 16 0
9 17 0
9 18 0
9 19 0
9 20 0
9 21 0
9 22 0
9 23 0
9 24 0
9 25 14
9 26 20
9 27 1
9 28 11
9 29 19
9 30 20
9 31 15
9 32 7
9 33 13
9 34 1
9 35 5
9 36 20
9 37 9
9 38 17
9 39 8
9 40 18
9 41 3
9 42 4
9 43 2
9 44 16
9 45 18
9 46 3
9 47 10
9 48 7
9 49 6
9 50 6
9 51 10
9 52 16
9 53 13
9 54 8
9 55 1
9 56 18
9 57 9
9 58 3
9 59 11
9 60 6
9 61 2
9 62 3
9 63 8
9 64 13
9 65 8
9 66 9
9 67 19
9 68 17
9 69 16
9 70 2
9 71 4
9 72 5
9 73 17
9 74 4
9 75 2
9 76 2
9 77 17
9 78 7
9 79 16
9 80 7
9 81 2
9 82 9
10 10 0
10 11 0
10 12 0
10 13 0
10 14 0
10 15 0
10 16 0
10 17 0
10 18 0
10 19 0
10 20 0
10 21 0
10 22 0
10 23 0
10 24 0
10 25 12
10 26 16
10 27 8
10 28 9
10 29 1
10 30 11
10 31 9
10 32 3
10 33 6
10 34 3
10 35 12
10 36 1
10 37 6
10 38 9
10 39 1
10 40 7
10 41 2
10 42 3
10 43 14
10 44 2
10 45 9
10 46 12
10 47 17
10 48 4
10 49 11
10 50 5
10 51 9
10 52 8
10 53 3
10 54 16
10 55 19
10 56 8
10 57 8
10 58 3
10 59 3
10 60 8
10 61 19
10 62 13
10 63 14
10 64 16
10 65 20
10 66 7
10 67 2
10 68 3
10 69 16
10 70 9
10 71 1
10 72 2
10 73 9
10 74 18
10 75 7
10 76 7
10 77 12
10 78 1
10 79 9
10 80 8
10 81 16
10 82 10
11 11 0
11 12 0
11 13 0
11 14 0
11 15 0
11 16 0
11 17 0
11 18 0
11 19 0
11 20 0
11 21 0
11 22 0
11 23 0
11 24 0
11 25 12
11 26 4
11 27 20
11 28 13
11 29 14
11 30 19
11 31 11
11 32 3
11 33 20
11 34 2
11 35 20
11 36 18
11 37 11
11 38 10
11 39 14
11 40 3
11 41 6
11 42 7
11 43 19
11 44 2
11 45 9
11 46 2
11 47 1
11 48 3
11 49 3
11 50 2
11 51 11
11 52 10
11 53 9
11 54 8
11 55 2
11 56 17
11 57 14
11 58 19
11 59 15
11 60 14
11 61 1
11 62 3
11 63 13
11 64 1
11 65 14
11 66 3
11 67 2
11 68 4
11 69 12
11 70 15
11 71 4
11 72 6
11 73 10
11 74 11
11 75 15
11 76 9
11 77 17
11 78 8
11 79 17
11 80 16
11 81 10
11 82 18
12 12 0
12 13 0
12 14 0
12 15 0
12 16 0
12 17 0
12 18 0
12 19 0
12 20 0
12 21 0
12 22 0
12 23 0
12 24 0
12 25 9
12 26 8
12 27 5
12 28 7
12 29 4
12 30 3
12 31 16
12 32 3
12 33 20
12 34 1
12 35 7
12 36 11
12 37 20
12 38 2
12 39 3
12 40 20
12 41 11
12 42 9
12 43 7
12 44 11
12 45 9
12 46 10
12 47 4
12 48 9
12 49 8
12 50 7
12 51 7
12 52 11
12 53 3
12 54 2
12 55 13
12 56 15
12 57 8
12 58 7
12 59 2
12 60 1
12 61 2
12 62 18
12 63 17
12 64 11
12 65 6
12 66 20
12 67 7
12 68 15
12 69 5
12 70 19
12 71 14
12 72 18
12 73 5
12 74 12
12 75 5
12 76 18
12 77 5
12 78 12
12 79 2
12 80 14
12 81 17
12 82 1
13 13 0
13 14 0
13 15 0
13 16 0
13 17 0
13 18 0
13 19 0
13 20 0
13 21 0
13 22 0
13 23 0
13 24 0
13 25 12
13 26 12
13 27 15
13 28 11
13 29 20
13 30 17
13 31 7
13 32 15
13 33 18
13 34 4
13 35 10
13 36 5
13 37 2
13 38 3
13 39 20
13 40 7
13 41 13
13 42 12
13 43 6
13 44 4
13 45 17
13 46 16
13 47 8
13 48 1
13 49 14
13 50 15
13 51 5
13 52 7
13 53 17
13 54 5
13 55 12
13 56 14
13 57 6
13 58 7
13 59 14
13 60 20
13 61 11
13 62 13
13 63 19
13 64 7
13 65 19
13 66 3
13 67 20
13 68 2
13 69 6
13 70 12
13 71 1
13 72 3
13 73 4
13 74 13
13 75 11
13 76 4
13 77 15
13 78 10
13 79 10
13 80 11
13 81 1
13 82 14
14 14 0
14 15 0
14 16 0
14 17 0
14 18 0
14 19 0
14 20 0
14 21 0
14 22 0
14 23 0
14 24 0
14 25 19
14 26 16
14 27 8
14 28 5
14 29 12
14 30 7
14 31 12
14 32 11
14 33 12
14 34 20
14 35 19
14 36 14
14 37 18
14 38 7
14 39 11
14 40 7
14 41 6
14 42 14
14 43 14
14 44 20
14 45 20
14 46 17
14 47 17
14 48 20
14 49 20
14 50 9
14 51 9
14 52 6
14 53 2
14 54 1
14 55 13
14 56 19
14 57 1
14 58 11
14 59 18
14 60 13
14 61 10
14 62 17
14 63 13
14 64 11
14 65 19
14 66 5
14 67 7
14 68 17
14 69 20
14 70 4
14 71 4
14 72 4
14 73 1
14 74 12
14 75 8
14 76 5
14 77 9
14 78 1
14 79 18
14 80 2
14 81 10
14 82 7
15 15 0
15 16 0
15 17 0
15 18 0
15 19 0
15 20 0
15 21 0
15 22 0
15 23 0
15 24 0
15 25 8
15 26 8
15 27 15
15 28 9
15 29 9
15 30 2
15 31 12
15 32 1
15 33 10
15 34 10
15 35 16
15 36 7
15 37 10
15 38 7
15 39 3
15 40 8
15 41 16
15 42 17
15 43 5
15 44 16
15 45 4
15 46 5
15 47 5
15 48 12
15 49 11
15 50 14
15 51 17
15 52 16
15 53 13
15 54 20
15 55 9
15 56 18
15 57 12
15 58 20
15 59 20
15 60 20
15 61 1
15 62 8
15 63 8
15 64 15
15 65 2
15 66 9
15 67 13
15 68 10
15 69 9
15 70 16
15 71 10
15 72 6
15 73 16
15 74 17
15 75 3
15 76 1
15 77 17
15 78 14
15 79 14
15 80 11
15 81 7
15 82 6
16 16 0
16 17 0
16 18 0
16 19 0
16 20 0
16 21 0
16 22 0
16 23 0
16 24 0
16 25 16
16 26 9
16 27 6
16 28 16
16 29 16
16 30 18
16 31 8
16 32 15
16 33 19
16 34 1
16 35 4
16 36 2
16 37 16
16 38 11
16 39 13
16 40 16
16 41 8
16 42 12
16 43 3
16 44 9
16 45 6
16 46 9
16 47 6
16 48 13
16 49 16
16 50 3
16 51 1
16 52 9
16 53 18
16 54 20
16 55 16
16 56 9
16 57 4
16 58 20
16 59 19
16 60 4
16 61 14
16 62 9
16 63 10
16 64 8
16 65 9
16 66 19
16 67 16
16 68 6
16 69 12
16 70 18
16 71 7
16 72 2
16 73 2
16 74 19
16 75 9
16 76 12
16 77 11
16 78 12
16 79 13
16 80 20
16 81 2
16 82 1
17 17 0
17 18 0
17 19 0
17 20 0
17 21 0
17 22 0
17 23 0
17 24 0
17 25 17
17 26 14
17 27 19
17 28 18
17 29 15
17 30 18
17 31 2
17 32 2
17 33 18
17 34 15
17 35 14
17 36 4
17 37 6
17 38 20
17 39 4
17 40 17
17 41 10
17 42 20
17 43 9
17 44 19
17 45 1
17 46 4
17 47 9
17 48 17
17 49 9
17 50 11
17 51 16
17 52 11
17 53 12
17 54 12
17 55 4
17 56 13
17 57 14
17 58 16
17 59 19
17 60 1
17 61 5
17 62 11
17 63 20
17 64 10
17 65 17
17 66 9
17 67 18
17 68 2
17 69 4
17 70 15
17 71 12
17 72 7
17 73 6
17 74 10
17 75 3
17 76 15
17 77 9
17 78 9
17 79 15
17 80 16
17 81 16
17 82 1
18 18 0
18 19 0
18 20 0
18 21 0
18 22 0
18 23 0
18 24 0
18 25 11
18 26 11
18 27 12
18 28 18
18 29 18
18 30 19
18 31 20
18 32 3
18 33 1
18 34 3
18 35 9
18 36 5
18 37 9
18 38 6
18 39 15
18 40 11
18 41 13
18 42 5
18 43 14
18 44 14
18 45 5
18 46 2
18 47 20
18 48 18
18 49 19
18 50 15
18 51 20
18 52 14
18 53 5
18 54 17
18 55 19
18 56 10
18 57 6
18 58 20
18 59 3
18 60 18
18 61 14
18 62 13
18 63 20
18 64 6
18 65 8
18 66 16
18 67 3
18 68 15
18 69 5
18 70 14
18 71 7
18 72 1
18 73 3
18 74 9
18 75 15
18 76 10
18 77 3
18 78 6
18 79 13
18 80 16
18 81 2
18 82 6
19 19 0
19 20 0
19 21 0
19 22 0
19 23 0
19 24 0
19 25 12
19 26 20
19 27 2
19 28 13
19 29 16
19 30 12
19 31 14
19 32 14
19 33 8
19 34 5
19 35 8
19 36 13
19 37 5
19 38 8
19 39 16
19 40 5
19 41 17
19 42 6
19 43 15
19 44 8
19 45 5
19 46 20
19 47 6
19 48 5
19 49 16
19 50 4
19 51 1
19 52 6
19 53 16
19 54 3
19 55 18
19 56 15
19 57 3
19 58 20
19 59 18
19 60 1
19 61 13
19 62 13
19 63 7
19 64 19
19 65 5
19 66 13
19 67 16
19 68 10
19 69 15
19 70 8
19 71 15
19 72 8
19 73 17
19 74 15
19 75 10
19 76 17
19 77 12
19 78 2
19 79 18
19 80 1
19 81 19
19 82 19
20 20 0
20 21 0
20 22 0
20 23 0
20 24 0
20 25 10
20 26 15
20 27 5
20 28 14
20 29 4
20 30 10
20 31 5
20 32 6
20 33 9
20 34 1
20 35 6
20 36 12
20 37 3
20 38 5
20 39 2
20 40 17
20 41 14
20 42 9
20 43 6
20 44 15
20 45 15
20 46 20
20 47 7
20 48 20
20 49 19
20 50 11
20 51 10
20 52 20
20 53 19
20 54 3
20 55 1
20 56 3
20 57 3
20 58 10
20 59 16
20 60 8
20 61 8
20 62 11
20 63 5
20 64 18
20 65 2
20 66 5
20 67 17
20 68 20
20 69 8
20 70 9
20 71 3
20 72 13
20 73 11
20 74 14
20 75 12
20 76 1
20 77 13
20 78 10
20 79 12
20 80 19
20 81 10
20 82 19
21 21 0
21 22 0
21 23 0
21 24 0
21 25 7
21 26 7
21 27 17
21 28 9
21 29 3
21 30 9
21 31 20
21 32 20
21 33 2
21 34 14
21 35 8
21 36 2
21 37 15
21 38 20
21 39 2
21 40 7
21 41 17
21 42 11
21 43 12
21 44 15
21 45 10
21 46 9
21 47 4
21 48 1
21 49 12
21 50 4
21 51 12
21 52 18
21 53 15
21 54 4
21 55 8
21 56 7
21 57 4
21 58 13
21 59 4
21 60 11
21 61 2
21 62 15
21 63 20
21 64 16
21 65 19
21 66 19
21 67 13
21 68 15
21 69 9
21 70 20
21 71 10
21 72 8
21 73 15
21 74 8
21 75 8
21 76 7
21 77 18
21 78 18
21 79 15
21 80 9
21 81 19
21 82 16
22 22 0
22 23 0
22 24 0
22 25 3
22 26 15
22 27 11
22 28 13
22 29 1
22 30 14
22 31 12
22 32 18
22 33 12
22 34 1
22 35 8
22 36 2
22 37 3
22 38 5
22 39 4
22 40 8
22 41 13
22 42 16
22 43 7
22 44 6
22 45 12
22 46 19
22 47 8
22 48 19
22 49 9
22 50 12
22 51 10
22 52 11
22 53 10
22 54 10
22 55 2
22 56 9
22 57 13
22 58 8
22 59 15
22 60 4
22 61 2
22 62 2
22 63 19
22 64 13
22 65 4
22 66 13
22 67 10
22 68 18
22 69 15
22 70 16
22 71 14
22 72 15
22 73 19
22 74 1
22 75 16
22 76 5
22 77 3
22 78 17
22 79 13
22 80 4
22 81 13
22 82 5
23 23 0
23 24 0
23 25 9
23 26 20
23 27 12
23 28 12
23 29 20
23 30 6
23 31 7
23 32 18
23 33 17
23 34 11
23 35 11
23 36 11
23 37 6
23 38 13
23 39 5
23 40 10
23 41 5
23 42 6
23 43 20
23 44 19
23 45 15
23 46 16
23 47 5
23 48 14
23 49 2
23 50 10
23 51 11
23 52 7
23 53 12
23 54 20
23 55 13
23 56 19
23 57 11
23 58 7
23 59 20
23 60 7
23 61 19
23 62 4
23 63 5
23 64 15
23 65 13
23 66 2
23 67 13
23 68 11
23 69 9
23 70 4
23 71 10
23 72 10
23 73 16
23 74 9
23 75 19
23 76 11
23 77 6
23 78 15
23 79 15
23 80 1
23 81 13
23 82 5
24 24 0
24 25 10
24 26 13
24 27 16
24 28 18
24 29 11
24 30 7
24 31 6
24 32 8
24 33 11
24 34 13
24 35 7
24 36 17
24 37 15
24 38 2
24 39 1
24 40 15
24 41 17
24 42 8
24 43 9
24 44 15
24 45 19
24 46 10
24 47 11
24 48 6
24 49 7
24 50 11
24 51 1
24 52 12
24 53 16
24 54 3
24 55 13
24 56 10
24 57 17
24 58 10
24 59 17
24 60 20
24 61 11
24 62 13
24 63 14
24 64 1
24 65 16
24 66 20
24 67 3
24 68 14
24 69 18
24 70 9
24 71 3
24 72 1
24 73 1
24 74 6
24 75 9
24 76 15
24 77 15
24 78 18
24 79 13
24 80 3
24 81 12
24 82 10
25 25 0
25 26 0
25 27 0
25 28 0
25 29 0
25 30 0
25 31 0
25 32 0
25 33 0
25 34 17
25 35 20
25 36 20
25 37 14
25 38 15
25 39 9
25 40 9
25 41 9
25 42 11
25 43 13
25 44 5
25 45 5
25 46 9
25 47 6
25 48 1
25 49 12
25 50 1
25 51 10
25 52 3
25 53 8
25 54 14
25 55 19
25 56 8
25 57 9
25 58 1
25 59 14
25 60 20
25 61 2
25 62 13
25 63 6
25 64 4
25 65 9
25 66 2
25 67 17
25 68 17
25 69 14
25 70 18
25 71 15
25 72 2
25 73 6
25 74 17
25 75 3
25 76 1
25 77 4
25 78 1
25 79 19
25 80 11
25 81 19
25 82 6
26 26 0
26 27 0
26 28 0
26 29 0
26 30 0
26 31 0
26 32 0
26 33 0
26 34 11
26 35 9
26 36 1
26 37 15
26 38 9
26 39 1
26 40 18
26 41 5
26 42 14
26 43 11
26 44 1
26 45 16
26 46 17
26 47 15
26 48 11
26 49 4
26 50 2
26 51 9
26 52 17
26 53 19
26 54 4
26 55 2
26 56 20
26 57 10
26 58 3
26 59 12
26 60 6
26 61 12
26 62 5
26 63 10
26 64 5
26 65 15
26 66 11
26 67 5
26 68 15
26 69 4
26 70 1
26 71 14
26 72 14
26 73 4
26 74 9
26 75 9
26 76 7
26 77 3
26 78 16
26 79 11
26 80 20
26 81 4
26 82 1
27 27 0
27 28 0
27 29 0
27 30 0
27 31 0
27 32 0
27 33 0
27 34 12
27 35 5
27 36 13
27 37 15
27 38 9
27 39 3
27 40 15
27 41 18
27 42 9
27 43 4
27 44 9
27 45 17
27 46 11
27 47 15
27 48 10
27 49 8
27 50 19
27 51 12
27 52 20
27 53 11
27 54 17
27 55 11
27 56 11
27 57 12
27 58 19
27 59 18
27 60 17
27 61 8
27 62 19
27 63 3
27 64 19
27 65 6
27 66 15
27 67 3
27 68 18
27 69 14
27 70 4
27 71 17
27 72 5
27 73 16
27 74 4
27 75 7
27 76 1
27 77 3
27 78 2
27 79 6
27 80 17
27 81 7
27 82 2
28 28 0
28 29 0
28 30 0
28 31 0
28 32 0
28 33 0
28 34 11
28 35 20
28 36 9
28 37 18
28 38 18
28 39 18
28 40 13
28 41 13
28 42 12
28 43 5
28 44 20
28 45 5
28 46 20
28 47 16
28 48 3
28 49 5
28 50 17
28 51 10
28 52 14
28 53 3
28 54 4
28 55 10
28 56 19
28 57 1
28 58 7
28 59 12
28 60 6
28 61 7
28 62 14
28 63 5
28 64 4
28 65 5
28 66 19
28 67 19
28 68 20
28 69 18
28 70 16
28 71 7
28 72 11
28 73 7
28 74 19
28 75 4
28 76 14
28 77 14
28 78 8
28 79 10
28 80 19
28 81 19
28 82 8
29 29 0
29 30 0
29 31 0
29 32 0
29 33 0
29 34 14
29 35 19
29 36 5
29 37 2
29 38 6
29 39 13
29 40 4
29 41 8
29 42 5
29 43 9
29 44 6
29 45 4
29 46 18
29 47 4
29 48 13
29 49 9
29 50 11
29 51 1
29 52 17
29 53 1
29 54 5
29 55 20
29 56 12
29 57 19
29 58 4
29 59 20
29 60 19
29 61 9
29 62 11
29 63 19
29 64 5
29 65 8
29 66 6
29 67 13
29 68 3
29 69 12
29 70 14
29 71 8
29 72 7
29 73 6
29 74 1
29 75 4
29 76 2
29 77 9
29 78 19
29 79 19
29 80 10
29 81 17
29 82 20
30 30 0
30 31 0
30 32 0
30 33 0
30 34 14
30 35 10
30 36 1
30 37 15
30 38 2
30 39 18
30 40 8
30 41 2
30 42 13
30 43 18
30 44 7
30 45 17
30 46 5
30 47 4
30 48 6
30 49 3
30 50 2
30 51 18
30 52 7
30 53 5
30 54 4
30 55 11
30 56 12
30 57 8
30 58 19
30 59 9
30 60 17
30 61 13
30 62 7
30 63 12
30 64 9
30 65 6
30 66 3
30 67 5
30 68 8
30 69 6
30 70 1
30 71 11
30 72 2
30 73 11
30 74 9
30 75 1
30 76 2
30 77 6
30 78 17
30 79 15
30 80 7
30 81 1
30 82 12
31 31 0
31 32 0
31 33 0
31 34 5
31 35 19
31 36 6
31 37 20
31 38 5
31 39 7
31 40 18
31 41 20
31 42 18
31 43 16
31 44 1
31 45 9
31 46 10
31 47 15
31 48 7
31 49 4
31 50 3
31 51 7
31 52 3
31 53 18
31 54 9
31 55 12
31 56 5
31 57 10
31 58 18
31 59 6
31 60 18
31 61 15
31 62 7
31 63 17
31 64 17
31 65 15
31 66 1
31 67 11
31 68 5
31 69 15
31 70 3
31 71 12
31 72 12
31 73 6
31 74 3
31 75 3
31 76 11
31 77 5
31 78 2
31 79 10
31 80 17
31 81 15
31 82 1
32 32 0
32 33 0
32 34 13
32 35 1
32 36 4
32 37 20
32 38 16
32 39 13
32 40 11
32 41 10
32 42 14
32 43 8
32 44 14
32 45 20
32 46 8
32 47 16
32 48 3
32 49 9
32 50 6
32 51 14
32 52 12
32 53 3
32 54 10
32 55 8
32 56 18
32 57 17
32 58 17
32 59 8
32 60 17
32 61 9
32 62 8
32 63 5
32 64 14
32 65 1
32 66 14
32 67 3
32 68 3
32 69 1
32 70 12
32 71 13
32 72 14
32 73 1
32 74 9
32 75 5
32 76 2
32 77 15
32 78 1
32 79 13
32 80 6
32 81 10
32 82 5
33 33 0
33 34 5
33 35 18
33 36 9
33 37 9
33 38 20
33 39 7
33 40 11
33 41 19
33 42 12
33 43 7
33 44 6
33 45 15
33 46 17
33 47 10
33 48 10
33 49 12
33 50 10
33 51 13
33 52 17
33 53 1
33 54 16
33 55 1
33 56 9
33 57 16
33 58 13
33 59 10
33 60 18
33 61 4
33 62 11
33 63 13
33 64 3
33 65 4
33 66 15
33 67 9
33 68 7
33 69 4
33 70 13
33 71 9
33 72 20
33 73 7
33 74 4
33 75 17
33 76 12
33 77 8
33 78 18
33 79 12
33 80 5
33 81 7
33 82 5
34 34 0
34 35 0
34 36 0
34 37 0
34 38 0
34 39 0
34 40 0
34 41 0
34 42 0
34 43 0
34 44 0
34 45 0
34 46 0
34 47 0
34 48 0
34 49 0
34 50 0
34 51 13
34 52 19
34 53 20
34 54 16
34 55 18
34 56 9
34 57 11
34 58 19
34 59 17
34 60 9
34 61 10
34 62 6
34 63 12
34 64 14
34 65 18
34 66 19
34 67 7
34 68 19
34 69 17
34 70 4
34 71 12
34 72 2
34 73 8
34 74 4
34 75 9
34 76 20
34 77 16
34 78 18
34 79 3
34 80 18
34 81 1
34 82 14
35 35 0
35 36 0
35 37 0
35 38 0
35 39 0
35 40 0
35 41 0
35 42 0
35 43 0
35 44 0
35 45 0
35 46 0
35 47 0
35 48 0
35 49 0
35 50 0
35 51 2
35 52 11
35 53 7
35 54 7
35 55 20
35 56 7
35 57 16
35 58 2
35 59 18
35 60 5
35 61 18
35 62 18
35 63 7
35 64 19
35 65 6
35 66 5
35 67 14
35 68 1
35 69 6
35 70 14
35 71 10
35 72 19
35 73 11
35 74 1
35 75 8
35 76 16
35 77 3
35 78 10
35 79 11
35 80 6
35 81 12
35 82 12
36 36 0
36 37 0
36 38 0
36 39 0
36 40 0
36 41 0
36 42 0
36 43 0
36 44 0
36 45 0
36 46 0
36 47 0
36 48 0
36 49 0
36 50 0
36 51 3
36 52 20
36 53 16
36 54 10
36 55 17
36 56 17
36 57 3
36 58 1
36 59 9
36 60 3
36 61 3
36 62 2
36 63 7
36 64 1
36 65 5
36 66 3
36 67 20
36 68 2
36 69 16
36 70 2
36 71 11
36 72 11
36 73 2
36 74 4
36 75 10
36 76 2
36 77 16
36 78 11
36 79 17
36 80 3
36 81 17
36 82 14
37 37 0
37 38 0
37 39 0
37 40 0
37 41 0
37 42 0
37 43 0
37 44 0
37 45 0
37 46 0
37 47 0
37 48 0
37 49 0
37 50 0
37 51 4
37 52 13
37 53 3
37 54 4
37 55 13
37 56 13
37 57 2
37 58 13
37 59 13
37 60 10
37 61 13
37 62 15
37 63 7
37 64 7
37 65 14
37 66 2
37 67 2
37 68 7
37 69 20
37 70 5
37 71 2
37 72 13
37 73 15
37 74 10
37 75 2
37 76 5
37 77 2
37 78 4
37 79 20
37 80 6
37 81 13
37 82 14
38 38 0
38 39 0
38 40 0
38 41 0
38 42 0
38 43 0
38 44 0
38 45 0
38 46 0
38 47 0
38 48 0
38 49 0
38 50 0
38 51 6
38 52 14
38 53 1
38 54 18
38 55 11
38 56 16
38 57 17
38 58 16
38 59 12
38 60 5
38 61 4
38 62 7
38 63 10
38 64 16
38 65 1
38 66 16
38 67 16
38 68 14
38 69 2
38 70 7
38 71 8
38 72 8
38 73 9
38 74 17
38 75 16
38 76 13
38 77 4
38 78 4
38 79 15
38 80 9
38 81 6
38 82 2
39 39 0
39 40 0
39 41 0
39 42 0
39 43 0
39 44 0
39 45 0
39 46 0
39 47 0
39 48 0
39 49 0
39 50 0
39 51 10
39 52 13
39 53 12
39 54 20
39 55 20
39 56 11
39 57 18
39 58 2
39 59 13
39 60 5
39 61 17
39 62 14
39 63 8
39 64 12
39 65 2
39 66 5
39 67 5
39 68 1
39 69 8
39 70 1
39 71 11
39 72 1
39 73 4
39 74 3
39 75 18
39 76 1
39 77 16
39 78 5
39 79 1
39 80 6
39 81 2
39 82 14
40 40 0
40 41 0
40 42 0
40 43 0
40 44 0
40 45 0
40 46 0
40 47 0
40 48 0
40 49 0
40 50 0
40 51 8
40 52 12
40 53 10
40 54 9
40 55 3
40 56 8
40 57 5
40 58 11
40 59 15
40 60 4
40 61 10
40 62 10
40 63 18
40 64 5
40 65 5
40 66 14
40 67 2
40 68 7
40 69 10
40 70 15
40 71 18
40 72 20
40 73 2
40 74 5
40 75 19
40 76 5
40 77 20
40 78 6
40 79 18
40 80 16
40 81 14
40 82 7
41 41 0
41 42 0
41 43 0
41 44 0
41 45 0
41 46 0
41 47 0
41 48 0
41 49 0
41 50 0
41 51 4
41 52 1
41 53 6
41 54 14
41 55 14
41 56 7
41 57 11
41 58 9
41 59 15
41 60 19
41 61 4
41 62 7
41 63 5
41 64 14
41 65 20
41 66 6
41 67 19
41 68 13
41 69 9
41 70 3
41 71 12
41 72 4
41 73 8
41 74 18
41 75 6
41 76 8
41 77 5
41 78 10
41 79 16
41 80 13
41 81 4
41 82 1
42 42 0
42 43 0
42 44 0
42 45 0
42 46 0
42 47 0
42 48 0
42 49 0
42 50 0
42 51 2
42 52 8
42 53 7
42 54 9
42 55 13
42 56 4
42 57 3
42 58 20
42 59 9
42 60 5
42 61 20
42 62 9
42 63 18
42 64 17
42 65 19
42 66 2
42 67 4
42 68 18
42 69 9
42 70 2
42 71 18
42 72 15
42 73 4
42 74 2
42 75 9
42 76 14
42 77 5
42 78 16
42 79 19
42 80 20
42 81 18
42 82 14
43 43 0
43 44 0
43 45 0
43 46 0
43 47 0
43 48 0
43 49 0
43 50 0
43 51 9
43 52 3
43 53 10
43 54 16
43 55 5
43 56 19
43 57 17
43 58 17
43 59 17
43 60 1
43 61 14
43 62 17
43 63 2
43 64 7
43 65 13
43 66 11
43 67 16
43 68 11
43 69 8
43 70 18
43 71 8
43 72 6
43 73 15
43 74 19
43 75 17
43 76 3
43 77 12
43 78 15
43 79 18
43 80 12
43 81 12
43 82 10
44 44 0
44 45 0
44 46 0
44 47 0
44 48 0
44 49 0
44 50 0
44 51 6
44 52 10
44 53 12
44 54 1
44 55 15
44 56 11
44 57 13
44 58 17
44 59 6
44 60 5
44 61 18
44 62 18
44 63 3
44 64 7
44 65 11
44 66 8
44 67 1
44 68 2
44 69 17
44 70 15
44 71 8
44 72 12
44 73 20
44 74 8
44 75 19
44 76 16
44 77 16
44 78 3
44 79 5
44 80 2
44 81 16
44 82 15
45 45 0
45 46 0
45 47 0
45 48 0
45 49 0
45 50 0
45 51 15
45 52 8
45 53 12
45 54 18
45 55 20
45 56 9
45 57 15
45 58 13
45 59 11
45 60 4
45 61 16
45 62 17
45 63 9
45 64 18
45 65 13
45 66 11
45 67 14
45 68 13
45 69 20
45 70 8
45 71 5
45 72 19
45 73 20
45 74 5
45 75 20
45 76 20
45 77 16
45 78 16
45 79 9
45 80 19
45 81 16
45 82 9
46 46 0
46 47 0
46 48 0
46 49 0
46 50 0
46 51 3
46 52 4
46 53 1
46 54 19
46 55 12
46 56 10
46 57 17
46 58 8
46 59 14
46 60 5
46 61 16
46 62 12
46 63 10
46 64 3
46 65 11
46 66 16
46 67 3
46 68 8
46 69 11
46 70 18
46 71 2
46 72 6
46 73 17
46 74 17
46 75 4
46 76 15
46 77 11
46 78 16
46 79 8
46 80 19
46 81 10
46 82 20
47 47 0
47 48 0
47 49 0
47 50 0
47 51 20
47 52 6
47 53 18
47 54 6
47 55 4
47 56 16
47 57 15
47 58 2
47 59 7
47 60 7
47 61 9
47 62 1
47 63 20
47 64 4
47 65 20
47 66 14
47 67 1
47 68 20
47 69 10
47 70 5
47 71 15
47 72 18
47 73 5
47 74 17
47 75 16
47 76 12
47 77 20
47 78 14
47 79 13
47 80 14
47 81 5
47 82 13
48 48 0
48 49 0
48 50 0
48 51 11
48 52 19
48 53 6
48 54 1
48 55 13
48 56 11
48 57 7
48 58 4
48 59 10
48 60 18
48 61 8
48 62 9
48 63 8
48 64 6
48 65 13
48 66 15
48 67 9
48 68 14
48 69 3
48 70 5
48 71 8
48 72 2
48 73 16
48 74 15
48 75 12
48 76 16
48 77 2
48 78 14
48 79 15
48 80 3
48 81 19
48 82 8
49 49 0
49 50 0
49 51 17
49 52 20
49 53 4
49 54 15
49 55 3
49 56 5
49 57 17
49 58 11
49 59 14
49 60 16
49 61 20
49 62 20
49 63 8
49 64 20
49 65 12
49 66 6
49 67 17
49 68 12
49 69 19
49 70 11
49 71 17
49 72 7
49 73 5
49 74 18
49 75 12
49 76 10
49 77 19
49 78 8
49 79 15
49 80 11
49 81 16
49 82 16
50 50 0
50 51 10
50 52 17
50 53 15
50 54 8
50 55 17
50 56 13
50 57 11
50 58 16
50 59 16
50 60 4
50 61 9
50 62 17
50 63 14
50 64 4
50 65 5
50 66 18
50 67 13
50 68 2
50 69 1
50 70 3
50 71 1
50 72 14
50 73 3
50 74 20
50 75 20
50 76 10
50 77 17
50 78 11
50 79 6
50 80 5
50 81 15
50 82 4
51 51 0
51 52 0
51 53 0
51 54 0
51 55 0
51 56 14
51 57 8
51 58 6
51 59 3
51 60 12
51 61 4
51 62 15
51 63 1
51 64 8
51 65 11
51 66 14
51 67 16
51 68 7
51 69 1
51 70 12
51 71 8
51 72 4
51 73 7
51 74 20
51 75 6
51 76 3
51 77 19
51 78 1
51 79 19
51 80 2
51 81 14
51 82 10
52 52 0
52 53 0
52 54 0
52 55 0
52 56 1
52 57 2
52 58 19
52 59 5
52 60 6
52 61 20
52 62 18
52 63 10
52 64 4
52 65 1
52 66 13
52 67 4
52 68 16
52 69 9
52 70 2
52 71 16
52 72 7
52 73 12
52 74 10
52 75 1
52 76 7
52 77 7
52 78 2
52 79 17
52 80 10
52 81 8
52 82 9
53 53 0
53 54 0
53 55 0
53 56 2
53 57 2
53 58 8
53 59 6
53 60 11
53 61 10
53 62 11
53 63 4
53 64 14
53 65 16
53 66 8
53 67 7
53 68 10
53 69 16
53 70 8
53 71 5
53 72 13
53 73 12
53 74 8
53 75 7
53 76 11
53 77 2
53 78 2
53 79 7
53 80 12
53 81 16
53 82 12
54 54 0
54 55 0
54 56 4
54 57 20
54 58 7
54 59 5
54 60 4
54 61 6
54 62 4
54 63 14
54 64 17
54 65 6
54 66 4
54 67 1
54 68 2
54 69 7
54 70 10
54 71 4
54 72 14
54 73 2
54 74 19
54 75 12
54 76 5
54 77 20
54 78 17
54 79 10
54 80 14
54 81 4
54 82 1
55 55 0
55 56 12
55 57 12
55 58 12
55 59 7
55 60 13
55 61 16
55 62 10
55 63 17
55 64 2
55 65 9
55 66 8
55 67 5
55 68 20
55 69 8
55 70 13
55 71 3
55 72 11
55 73 11
55 74 15
55 75 16
55 76 18
55 77 4
55 78 14
55 79 8
55 80 2
55 81 15
55 82 11
56 56 0
56 57 0
56 58 0
56 59 0
56 60 0
56 61 0
56 62 0
56 63 0
56 64 0
56 65 0
56 66 0
56 67 0
56 68 0
56 69 0
56 70 0
56 71 0
56 72 0
56 73 0
56 74 0
56 75 0
56 76 0
56 77 0
56 78 0
56 79 0
56 80 0
56 81 0
56 82 0
57 57 0
57 58 0
57 59 0
57 60 0
57 61 0
57 62 0
57 63 0
57 64 0
57 65 0
57 66 0
57 67 0
57 68 0
57 69 0
57 70 0
57 71 0
57 72 0
57 73 0
57 74 0
57 75 0
57 76 0
57 77 0
57 78 0
57 79 0
57 80 0
57 81 0
57 82 0
58 58 0
58 59 0
58 60 0
58 61 0
58 62 0
58 63 0
58 64 0
58 65 0
58 66 0
58 67 0
58 68 0
58 69 0
58 70 0
58 71 0
58 72 0
58 73 0
58 74 0
58 75 0
58 76 0
58 77 0
58 78 0
58 79 0
58 80 0
58 81 0
58 82 0
59 59 0
59 60 0
59 61 0
59 62 0
59 63 0
59 64 0
59 65 0
59 66 0
59 67 0
59 68 0
59 69 0
59 70 0
59 71 0
59 72 0
59 73 0
59 74 0
59 75 0
59 76 0
59 77 0
59 78 0
59 79 0
59 80 0
59 81 0
59 82 0
60 60 0
60 61 0
60 62 0
60 63 0
60 64 0
60 65 0
60 66 0
60 67 0
60 68 0
60 69 0
60 70 0
60 71 0
60 72 0
60 73 0
60 74 0
60 75 0
60 76 0
60 77 0
60 78 0
60 79 0
60 80 0
60 81 0
60 82 0
61 61 0
61 62 0
61 63 0
61 64 0
61 65 0
61 66 0
61 67 0
61 68 0
61 69 0
61 70 0
61 71 0
61 72 0
61 73 0
61 74 0
61 75 0
61 76 0
61 77 0
61 78 0
61 79 0
61 80 0
61 81 0
61 82 0
62 62 0
62 63 0
62 64 0
62 65 0
62 66 0
62 67 0
62 68 0
62 69 0
62 70 0
62 71 0
62 72 0
62 73 0
62 74 0
62 75 0
62 76 0
62 77 0
62 78 0
62 79 0
62 80 0
62 81 0
62 82 0
63 63 0
63 64 0
63 65 0
63 66 0
63 67 0
63 68 0
63 69 0
63 70 0
63 71 0
63 72 0
63 73 0
63 74 0
63 75 0
63 76 0
63 77 0
63 78 0
63 79 0
63 80 0
63 81 0
63 82 0
64 64 0
64 65 0
64 66 0
64 67 0
64 68 0
64 69 0
64 70 0
64 71 0
64 72 0
64 73 0
64 74 0
64 75 0
64 76 0
64 77 0
64 78 0
64 79 0
64 80 0
64 81 0
64 82 0
65 65 0
65 66 0
65 67 0
65 68 0
65 69 0
65 70 0
65 71 0
65 72 0
65 73 0
65 74 0
65 75 0
65 76 0
65 77 0
65 78 0
65 79 0
65 80 0
65 81 0
65 82 0
66 66 0
66 67 0
66 68 0
66 69 0
66 70 0
66 71 0
66 72 0
66 73 0
66 74 0
66 75 0
66 76 0
66 77 0
66 78 0
66 79 0
66 80 0
66 81 0
66 82 0
67 67 0
67 68 0
67 69 0
67 70 0
67 71 0
67 72 0
67 73 0
67 74 0
67 75 0
67 76 0
67 77 0
67 78 0
67 79 0
67 80 0
67 81 0
67 82 0
68 68 0
68 69 0
68 70 0
68 71 0
68 72 0
68 73 0
68 74 0
68 75 0
68 76 0
68 77 0
68 78 0
68 79 0
68 80 0
68 81 0
68 82 0
69 69 0
69 70 0
69 71 0
69 72 0
69 73 0
69 74 0
69 75 0
69 76 0
69 77 0
69 78 0
69 79 0
69 80 0
69 81 0
69 82 0
70 70 0
70 71 0
70 72 0
70 73 0
70 74 0
70 75 0
70 76 0
70 77 0
70 78 0
70 79 0
70 80 0
70 81 0
70 82 0
71 71 0
71 72 0
71 73 0
71 74 0
71 75 0
71 76 0
71 77 0
71 78 0
71 79 0
71 80 0
71 81 0
71 82 0
72 72 0
72 73 0
72 74 0
72 75 0
72 76 0
72 77 0
72 78 0
72 79 0
72 80 0
72 81 0
72 82 0
73 73 0
73 74 0
73 75 0
73 76 0
73 77 0
73 78 0
73 79 0
73 80 0
73 81 0
73 82 0
74 74 0
74 75 0
74 76 0
74 77 0
74 78 0
74 79 0
74 80 0
74 81 0
74 82 0
75 75 0
75 76 0
75 77 0
75 78 0
75 79 0
75 80 0
75 81 0
75 82 0
76 76 0
76 77 0
76 78 0
76 79 0
76 80 0
76 81 0
76 82 0
77 77 0
77 78 0
77 79 0
77 80 0
77 81 0
77 82 0
78 78 0
78 79 0
78 80 0
78 81 0
78 82 0
79 79 0
79 80 0
79 81 0
79 82 0
80 80 0
80 81 0
80 82 0
81 81 0
81 82 0
82 82 0
