10
3
5
7
10
9
15
3
2
13
3
0 0 0
0 1 0
0 2 0
0 3 3
0 4 2
0 5 1
0 6 1
0 7 5
0 8 2
0 9 4
0 10 1
0 11 2
0 12 4
0 13 7
0 14 2
0 15 8
0 16 8
0 17 5
0 18 2
0 19 5
0 20 7
0 21 5
0 22 3
0 23 7
0 24 6
0 25 5
0 26 1
0 27 2
0 28 8
0 29 6
0 30 8
0 31 1
0 32 6
0 33 3
0 34 6
0 35 1
0 36 2
0 37 2
0 38 5
0 39 7
0 40 2
0 41 4
0 42 8
0 43 7
0 44 3
0 45 5
0 46 5
0 47 7
0 48 6
0 49 2
0 50 6
0 51 3
0 52 5
0 53 6
0 54 5
0 55 7
0 56 1
0 57 8
0 58 8
0 59 4
0 60 7
0 61 8
0 62 4
0 63 5
0 64 7
0 65 8
0 66 3
0 67 1
0 68 3
0 69 3
1 1 0
1 2 0
1 3 1
1 4 5
1 5 2
1 6 3
1 7 6
1 8 2
1 9 1
1 10 2
1 11 8
1 12 4
1 13 1
1 14 3
1 15 5
1 16 7
1 17 2
1 18 2
1 19 4
1 20 2
1 21 6
1 22 3
1 23 5
1 24 4
1 25 3
1 26 6
1 27 2
1 28 8
1 29 7
1 30 1
1 31 5
1 32 4
1 33 5
1 34 8
1 35 1
1 36 4
1 37 6
1 38 2
1 39 1
1 40 1
1 41 5
1 42 3
1 43 6
1 44 8
1 45 5
1 46 1
1 47 7
1 48 7
1 49 2
1 50 7
1 51 7
1 52 2
1 53 3
1 54 8
1 55 7
1 56 5
1 57 4
1 58 3
1 59 2
1 60 6
1 61 3
1 62 5
1 63 4
1 64 2
1 65 3
1 66 4
1 67 7
1 68 5
1 69 6
2 2 0
2 3 3
2 4 7
2 5 4
2 6 7
2 7 6
2 8 8
2 9 4
2 10 5
2 11 1
2 12 3
2 13 3
2 14 6
2 15 5
2 16 4
2 17 8
2 18 5
2 19 3
2 20 7
2 21 3
2 22 6
2 23 3
2 24 5
2 25 7
2 26 2
2 27 2
2 28 7
2 29 1
2 30 4
2 31 1
2 32 8
2 33 1
2 34 1
2 35 7
2 36 7
2 37 4
2 38 6
2 39 2
2 40 4
2 41 3
2 42 2
2 43 2
2 44 4
2 45 7
2 46 4
2 47 8
2 48 6
2 49 7
2 50 6
2 51 3
2 52 3
2 53 4
2 54 6
2 55 7
2 56 3
2 57 7
2 58 4
2 59 1
2 60 3
2 61 6
2 62 1
2 63 6
2 64 8
2 65 5
2 66 4
2 67 2
2 68 3
2 69 5
3 3 0
3 4 0
3 5 0
3 6 0
3 7 0
3 8 6
3 9 6
3 10 6
3 11 8
3 12 2
3 13 7
3 14 6
3 15 7
3 16 4
3 17 5
3 18 5
3 19 2
3 20 5
3 21 5
3 22 6
3 23 5
3 24 1
3 25 3
3 26 3
3 27 4
3 28 4
3 29 2
3 30 8
3 31 5
3 32 5
3 33 6
3 34 6
3 35 5
3 36 7
3 37 4
3 38 4
3 39 2
3 40 1
3 41 5
3 42 2
3 43 8
3 44 2
3 45 5
3 46 1
3 47 6
3 48 8
3 49 2
3 50 4
3 51 6
3 52 8
3 53 6
3 54 3
3 55 6
3 56 2
3 57 2
3 58 6
3 59 4
3 60 4
3 61 1
3 62 2
3 63 6
3 64 3
3 65 1
3 66 1
3 67 5
3 68 4
3 69 4
4 4 0
4 5 0
4 6 0
4 7 0
4 8 2
4 9 1
4 10 3
4 11 8
4 12 4
4 13 5
4 14 1
4 15 6
4 16 2
4 17 7
4 18 1
4 19 2
4 20 2
4 21 2
4 22 8
4 23 2
4 24 2
4 25 1
4 26 1
4 27 3
4 28 1
4 29 5
4 30 3
4 31 7
4 32 4
4 33 2
4 34 3
4 35 3
4 36 3
4 37 2
4 38 4
4 39 7
4 40 7
4 41 5
4 42 7
4 43 1
4 44 2
4 45 5
4 46 6
4 47 8
4 48 7
4 49 2
4 50 3
4 51 7
4 52 2
4 53 8
4 54 7
4 55 4
4 56 8
4 57 1
4 58 2
4 59 7
4 60 5
4 61 3
4 62 5
4 63 8
4 64 4
4 65 7
4 66 6
4 67 5
4 68 5
4 69 2
5 5 0
5 6 0
5 7 0
5 8 7
5 9 8
5 10 1
5 11 3
5 12 2
5 13 2
5 14 5
5 15 5
5 16 4
5 17 3
5 18 3
5 19 4
5 20 5
5 21 2
5 22 6
5 23 3
5 24 1
5 25 4
5 26 2
5 27 3
5 28 5
5 29 8
5 30 2
5 31 7
5 32 6
5 33 5
5 34 5
5 35 3
5 36 6
5 37 1
5 38 8
5 39 6
5 40 7
5 41 3
5 42 7
5 43 4
5 44 8
5 45 6
5 46 3
5 47 3
5 48 8
5 49 7
5 50 4
5 51 3
5 52 5
5 53 6
5 54 7
5 55 8
5 56 1
5 57 3
5 58 5
5 59 6
5 60 2
5 61 3
5 62 1
5 63 1
5 64 5
5 65 8
5 66 8
5 67 1
5 68 5
5 69 3
6 6 0
6 7 0
6 8 3
6 9 7
6 10 5
6 11 1
6 12 5
6 13 7
6 14 4
6 15 6
6 16 1
6 17 5
6 18 8
6 19 7
6 20 4
6 21 7
6 22 4
6 23 8
6 24 2
6 25 4
6 26 1
6 27 3
6 28 2
6 29 3
6 30 4
6 31 1
6 32 8
6 33 2
6 34 7
6 35 6
6 36 5
6 37 3
6 38 4
6 39 1
6 40 8
6 41 5
6 42 5
6 43 4
6 44 1
6 45 3
6 46 3
6 47 2
6 48 2
6 49 6
6 50 1
6 51 4
6 52 4
6 53 6
6 54 2
6 55 4
6 56 4
6 57 2
6 58 8
6 59 2
6 60 7
6 61 7
6 62 7
6 63 2
6 64 4
6 65 6
6 66 4
6 67 5
6 68 1
6 69 1
7 7 0
7 8 7
7 9 5
7 10 4
7 11 4
7 12 5
7 13 7
7 14 5
7 15 8
7 16 7
7 17 7
7 18 3
7 19 1
7 20 5
7 21 6
7 22 8
7 23 2
7 24 3
7 25 4
7 26 1
7 27 3
7 28 5
7 29 5
7 30 4
7 31 4
7 32 4
7 33 7
7 34 3
7 35 1
7 36 3
7 37 5
7 38 7
7 39 4
7 40 3
7 41 8
7 42 1
7 43 6
7 44 8
7 45 3
7 46 3
7 47 4
7 48 4
7 49 7
7 50 5
7 51 6
7 52 4
7 53 4
7 54 2
7 55 2
7 56 4
7 57 8
7 58 6
7 59 2
7 60 1
7 61 7
7 62 1
7 63 7
7 64 3
7 65 8
7 66 1
7 67 1
7 68 2
7 69 1
8 8 0
8 9 0
8 10 0
8 11 0
8 12 0
8 13 0
8 14 0
8 15 6
8 16 4
8 17 8
8 18 1
8 19 5
8 20 5
8 21 6
8 22 7
8 23 8
8 24 6
8 25 4
8 26 4
8 27 3
8 28 1
8 29 6
8 30 2
8 31 6
8 32 7
8 33 4
8 34 1
8 35 7
8 36 3
8 37 2
8 38 3
8 39 4
8 40 2
8 41 4
8 42 3
8 43 1
8 44 8
8 45 3
8 46 7
8 47 2
8 48 6
8 49 5
8 50 6
8 51 1
8 52 1
8 53 1
8 54 5
8 55 4
8 56 6
8 57 1
8 58 1
8 59 4
8 60 7
8 61 1
8 62 8
8 63 8
8 64 5
8 65 7
8 66 1
8 67 5
8 68 6
8 69 8
9 9 0
9 10 0
9 11 0
9 12 0
9 13 0
9 14 0
9 15 8
9 16 4
9 17 5
9 18 6
9 19 2
9 20 1
9 21 2
9 22 1
9 23 7
9 24 5
9 25 7
9 26 1
9 27 1
9 28 7
9 29 8
9 30 2
9 31 6
9 32 5
9 33 1
9 34 6
9 35 3
9 36 3
9 37 4
9 38 1
9 39 4
9 40 1
9 41 5
9 42 5
9 43 4
9 44 6
9 45 2
9 46 2
9 47 7
9 48 4
9 49 3
9 50 5
9 51 7
9 52 4
9 53 8
9 54 6
9 55 4
9 56 8
9 57 6
9 58 1
9 59 7
9 60 4
9 61 5
9 62 8
9 63 4
9 64 1
9 65 4
9 66 3
9 67 4
9 68 1
9 69 6
10 10 0
10 11 0
10 12 0
10 13 0
10 14 0
10 15 8
10 16 8
10 17 2
10 18 5
10 19 6
10 20 3
10 21 4
10 22 7
10 23 8
10 24 8
10 25 2
10 26 2
10 27 8
10 28 6
10 29 6
10 30 8
10 31 8
10 32 5
10 33 5
10 34 6
10 35 5
10 36 4
10 37 7
10 38 5
10 39 1
10 40 7
10 41 6
10 42 4
10 43 4
10 44 4
10 45 1
10 46 7
10 47 2
10 48 3
10 49 4
10 50 7
10 51 3
10 52 7
10 53 6
10 54 4
10 55 7
10 56 3
10 57 6
10 58 6
10 59 6
10 60 8
10 61 1
10 62 2
10 63 7
10 64 1
10 65 8
10 66 6
10 67 1
10 68 5
10 69 7
11 11 0
11 12 0
11 13 0
11 14 0
11 15 8
11 16 8
11 17 6
11 18 1
11 19 4
11 20 8
11 21 5
11 22 8
11 23 6
11 24 4
11 25 6
11 26 8
11 27 3
11 28 2
11 29 3
11 30 4
11 31 7
11 32 6
11 33 7
11 34 3
11 35 3
11 36 2
11 37 2
11 38 8
11 39 4
11 40 2
11 41 5
11 42 2
11 43 5
11 44 5
11 45 3
11 46 2
11 47 6
11 48 2
11 49 4
11 50 4
11 51 7
11 52 4
11 53 2
11 54 5
11 55 7
11 56 6
11 57 1
11 58 5
11 59 3
11 60 5
11 61 5
11 62 6
11 63 1
11 64 8
11 65 5
11 66 1
11 67 8
11 68 4
11 69 2
12 12 0
12 13 0
12 14 0
12 15 4
12 16 5
12 17 1
12 18 6
12 19 5
12 20 1
12 21 5
12 22 5
12 23 4
12 24 5
12 25 5
12 26 2
12 27 4
12 28 4
12 29 8
12 30 6
12 31 7
12 32 7
12 33 4
12 34 4
12 35 3
12 36 7
12 37 8
12 38 6
12 39 5
12 40 4
12 41 7
12 42 3
12 43 3
12 44 4
12 45 4
12 46 2
12 47 7
12 48 6
12 49 5
12 50 1
12 51 7
12 52 1
12 53 4
12 54 7
12 55 5
12 56 3
12 57 5
12 58 8
12 59 8
12 60 1
12 61 7
12 62 5
12 63 1
12 64 4
12 65 2
12 66 3
12 67 2
12 68 2
12 69 1
13 13 0
13 14 0
13 15 4
13 16 1
13 17 2
13 18 2
13 19 2
13 20 8
13 21 6
13 22 3
13 23 8
13 24 7
13 25 1
13 26 6
13 27 7
13 28 5
13 29 8
13 30 8
13 31 1
13 32 5
13 33 2
13 34 6
13 35 3
13 36 7
13 37 8
13 38 7
13 39 6
13 40 2
13 41 5
13 42 1
13 43 1
13 44 4
13 45 2
13 46 5
13 47 5
13 48 2
13 49 2
13 50 2
13 51 5
13 52 6
13 53 3
13 54 4
13 55 1
13 56 1
13 57 4
13 58 2
13 59 1
13 60 5
13 61 2
13 62 8
13 63 6
13 64 3
13 65 6
13 66 6
13 67 6
13 68 8
13 69 7
14 14 0
14 15 3
14 16 8
14 17 7
14 18 2
14 19 2
14 20 1
14 21 4
14 22 5
14 23 4
14 24 8
14 25 4
14 26 6
14 27 2
14 28 3
14 29 5
14 30 3
14 31 4
14 32 7
14 33 1
14 34 2
14 35 6
14 36 5
14 37 3
14 38 4
14 39 3
14 40 7
14 41 6
14 42 4
14 43 5
14 44 5
14 45 1
14 46 5
14 47 3
14 48 6
14 49 5
14 50 3
14 51 2
14 52 1
14 53 2
14 54 2
14 55 5
14 56 4
14 57 8
14 58 6
14 59 3
14 60 6
14 61 3
14 62 1
14 63 2
14 64 7
14 65 8
14 66 8
14 67 2
14 68 3
14 69 5
15 15 0
15 16 0
15 17 0
15 18 0
15 19 0
15 20 0
15 21 0
15 22 0
15 23 0
15 24 0
15 25 7
15 26 8
15 27 2
15 28 8
15 29 4
15 30 6
15 31 6
15 32 5
15 33 6
15 34 8
15 35 4
15 36 6
15 37 8
15 38 1
15 39 4
15 40 3
15 41 8
15 42 3
15 43 5
15 44 2
15 45 4
15 46 1
15 47 2
15 48 3
15 49 8
15 50 5
15 51 6
15 52 2
15 53 8
15 54 1
15 55 7
15 56 5
15 57 7
15 58 2
15 59 8
15 60 1
15 61 4
15 62 6
15 63 6
15 64 5
15 65 6
15 66 5
15 67 4
15 68 5
15 69 4
16 16 0
16 17 0
16 18 0
16 19 0
16 20 0
16 21 0
16 22 0
16 23 0
16 24 0
16 25 8
16 26 7
16 27 2
16 28 5
16 29 4
16 30 3
16 31 3
16 32 6
16 33 7
16 34 8
16 35 5
16 36 3
16 37 4
16 38 5
16 39 2
16 40 7
16 41 1
16 42 2
16 43 8
16 44 2
16 45 8
16 46 5
16 47 3
16 48 5
16 49 7
16 50 6
16 51 6
16 52 8
16 53 7
16 54 3
16 55 7
16 56 4
16 57 4
16 58 3
16 59 1
16 60 6
16 61 5
16 62 6
16 63 4
16 64 8
16 65 6
16 66 5
16 67 2
16 68 7
16 69 2
17 17 0
17 18 0
17 19 0
17 20 0
17 21 0
17 22 0
17 23 0
17 24 0
17 25 8
17 26 5
17 27 2
17 28 6
17 29 2
17 30 2
17 31 8
17 32 4
17 33 5
17 34 8
17 35 7
17 36 3
17 37 7
17 38 8
17 39 8
17 40 8
17 41 8
17 42 6
17 43 1
17 44 1
17 45 5
17 46 4
17 47 8
17 48 2
17 49 2
17 50 1
17 51 2
17 52 2
17 53 5
17 54 4
17 55 3
17 56 1
17 57 5
17 58 2
17 59 8
17 60 6
17 61 7
17 62 6
17 63 8
17 64 1
17 65 7
17 66 8
17 67 4
17 68 8
17 69 1
18 18 0
18 19 0
18 20 0
18 21 0
18 22 0
18 23 0
18 24 0
18 25 7
18 26 7
18 27 5
18 28 8
18 29 2
18 30 1
18 31 8
18 32 7
18 33 4
18 34 2
18 35 4
18 36 8
18 37 6
18 38 7
18 39 7
18 40 1
18 41 6
18 42 5
18 43 4
18 44 7
18 45 4
18 46 1
18 47 1
18 48 8
18 49 6
18 50 6
18 51 2
18 52 6
18 53 7
18 54 7
18 55 8
18 56 4
18 57 2
18 58 2
18 59 7
18 60 5
18 61 1
18 62 4
18 63 6
18 64 2
18 65 4
18 66 2
18 67 8
18 68 4
18 69 6
19 19 0
19 20 0
19 21 0
19 22 0
19 23 0
19 24 0
19 25 4
19 26 6
19 27 7
19 28 7
19 29 7
19 30 7
19 31 5
19 32 7
19 33 8
19 34 4
19 35 8
19 36 2
19 37 1
19 38 4
19 39 7
19 40 3
19 41 4
19 42 4
19 43 4
19 44 3
19 45 6
19 46 4
19 47 8
19 48 6
19 49 2
19 50 6
19 51 1
19 52 8
19 53 6
19 54 2
19 55 6
19 56 3
19 57 4
19 58 8
19 59 4
19 60 6
19 61 1
19 62 7
19 63 1
19 64 7
19 65 1
19 66 2
19 67 6
19 68 3
19 69 2
20 20 0
20 21 0
20 22 0
20 23 0
20 24 0
20 25 7
20 26 8
20 27 4
20 28 1
20 29 6
20 30 7
20 31 8
20 32 6
20 33 6
20 34 6
20 35 3
20 36 8
20 37 3
20 38 3
20 39 5
20 40 5
20 41 3
20 42 3
20 43 6
20 44 2
20 45 3
20 46 2
20 47 7
20 48 6
20 49 4
20 50 3
20 51 1
20 52 5
20 53 1
20 54 6
20 55 6
20 56 3
20 57 4
20 58 1
20 59 6
20 60 6
20 61 2
20 62 5
20 63 6
20 64 1
20 65 1
20 66 2
20 67 4
20 68 2
20 69 2
21 21 0
21 22 0
21 23 0
21 24 0
21 25 7
21 26 1
21 27 2
21 28 2
21 29 5
21 30 8
21 31 1
21 32 6
21 33 5
21 34 6
21 35 6
21 36 5
21 37 1
21 38 7
21 39 5
21 40 5
21 41 8
21 42 4
21 43 6
21 44 6
21 45 1
21 46 8
21 47 6
21 48 4
21 49 3
21 50 1
21 51 6
21 52 2
21 53 5
21 54 5
21 55 2
21 56 1
21 57 7
21 58 4
21 59 6
21 60 5
21 61 4
21 62 1
21 63 6
21 64 8
21 65 6
21 66 3
21 67 1
21 68 3
21 69 6
22 22 0
22 23 0
22 24 0
22 25 8
22 26 6
22 27 2
22 28 4
22 29 7
22 30 3
22 31 1
22 32 7
22 33 1
22 34 1
22 35 2
22 36 2
22 37 6
22 38 4
22 39 2
22 40 4
22 41 7
22 42 6
22 43 8
22 44 1
22 45 1
22 46 2
22 47 5
22 48 2
22 49 1
22 50 4
22 51 4
22 52 8
22 53 5
22 54 5
22 55 2
22 56 7
22 57 4
22 58 4
22 59 8
22 60 3
22 61 8
22 62 7
22 63 2
22 64 8
22 65 8
22 66 3
22 67 6
22 68 8
22 69 8
23 23 0
23 24 0
23 25 4
23 26 1
23 27 7
23 28 6
23 29 7
23 30 5
23 31 5
23 32 8
23 33 6
23 34 3
23 35 4
23 36 2
23 37 3
23 38 7
23 39 1
23 40 2
23 41 2
23 42 7
23 43 7
23 44 3
23 45 3
23 46 4
23 47 3
23 48 4
23 49 6
23 50 6
23 51 3
23 52 4
23 53 1
23 54 6
23 55 7
23 56 2
23 57 8
23 58 5
23 59 1
23 60 4
23 61 6
23 62 2
23 63 2
23 64 1
23 65 4
23 66 7
23 67 2
23 68 2
23 69 7
24 24 0
24 25 1
24 26 4
24 27 6
24 28 4
24 29 1
24 30 2
24 31 6
24 32 6
24 33 5
24 34 5
24 35 4
24 36 7
24 37 6
24 38 6
24 39 6
24 40 1
24 41 1
24 42 7
24 43 1
24 44 2
24 45 1
24 46 4
24 47 7
24 48 5
24 49 5
24 50 7
24 51 6
24 52 2
24 53 7
24 54 7
24 55 1
24 56 5
24 57 8
24 58 8
24 59 4
24 60 2
24 61 8
24 62 8
24 63 4
24 64 7
24 65 8
24 66 5
24 67 8
24 68 5
24 69 7
25 25 0
25 26 0
25 27 0
25 28 0
25 29 0
25 30 0
25 31 0
25 32 0
25 33 0
25 34 6
25 35 4
25 36 6
25 37 3
25 38 8
25 39 2
25 40 5
25 41 2
25 42 4
25 43 1
25 44 1
25 45 2
25 46 7
25 47 7
25 48 2
25 49 7
25 50 6
25 51 7
25 52 6
25 53 2
25 54 2
25 55 4
25 56 6
25 57 2
25 58 3
25 59 1
25 60 6
25 61 5
25 62 4
25 63 1
25 64 7
25 65 4
25 66 2
25 67 2
25 68 7
25 69 2
26 26 0
26 27 0
26 28 0
26 29 0
26 30 0
26 31 0
26 32 0
26 33 0
26 34 3
26 35 5
26 36 6
26 37 5
26 38 7
26 39 6
26 40 5
26 41 4
26 42 3
26 43 2
26 44 1
26 45 1
26 46 6
26 47 4
26 48 1
26 49 8
26 50 1
26 51 5
26 52 4
26 53 7
26 54 1
26 55 7
26 56 7
26 57 7
26 58 3
26 59 3
26 60 1
26 61 2
26 62 3
26 63 7
26 64 1
26 65 4
26 66 2
26 67 7
26 68 7
26 69 6
27 27 0
27 28 0
27 29 0
27 30 0
27 31 0
27 32 0
27 33 0
27 34 7
27 35 7
27 36 4
27 37 3
27 38 5
27 39 8
27 40 2
27 41 4
27 42 5
27 43 2
27 44 5
27 45 2
27 46 8
27 47 3
27 48 7
27 49 1
27 50 6
27 51 8
27 52 8
27 53 2
27 54 1
27 55 5
27 56 3
27 57 8
27 58 5
27 59 4
27 60 4
27 61 3
27 62 8
27 63 5
27 64 4
27 65 6
27 66 2
27 67 4
27 68 4
27 69 5
28 28 0
28 29 0
28 30 0
28 31 0
28 32 0
28 33 0
28 34 4
28 35 8
28 36 4
28 37 7
28 38 5
28 39 4
28 40 8
28 41 6
28 42 1
28 43 3
28 44 7
28 45 6
28 46 7
28 47 8
28 48 1
28 49 5
28 50 1
28 51 5
28 52 6
28 53 2
28 54 8
28 55 5
28 56 4
28 57 8
28 58 3
28 59 6
28 60 3
28 61 3
28 62 6
28 63 3
28 64 4
28 65 5
28 66 7
28 67 7
28 68 5
28 69 1
29 29 0
29 30 0
29 31 0
29 32 0
29 33 0
29 34 2
29 35 8
29 36 5
29 37 7
29 38 8
29 39 4
29 40 7
29 41 2
29 42 7
29 43 4
29 44 6
29 45 4
29 46 2
29 47 5
29 48 2
29 49 2
29 50 2
29 51 7
29 52 4
29 53 2
29 54 2
29 55 4
29 56 4
29 57 1
29 58 6
29 59 1
29 60 7
29 61 4
29 62 1
29 63 7
29 64 1
29 65 2
29 66 4
29 67 6
29 68 2
29 69 7
30 30 0
30 31 0
30 32 0
30 33 0
30 34 3
30 35 4
30 36 7
30 37 6
30 38 3
30 39 7
30 40 1
30 41 7
30 42 5
30 43 2
30 44 5
30 45 4
30 46 8
30 47 4
30 48 8
30 49 8
30 50 1
30 51 7
30 52 1
30 53 5
30 54 5
30 55 1
30 56 4
30 57 4
30 58 8
30 59 8
30 60 6
30 61 2
30 62 5
30 63 8
30 64 1
30 65 4
30 66 4
30 67 8
30 68 7
30 69 7
31 31 0
31 32 0
31 33 0
31 34 4
31 35 6
31 36 7
31 37 7
31 38 3
31 39 3
31 40 2
31 41 7
31 42 2
31 43 8
31 44 5
31 45 2
31 46 4
31 47 8
31 48 3
31 49 5
31 50 3
31 51 1
31 52 7
31 53 6
31 54 7
31 55 3
31 56 3
31 57 6
31 58 2
31 59 8
31 60 7
31 61 7
31 62 8
31 63 1
31 64 8
31 65 7
31 66 1
31 67 6
31 68 7
31 69 3
32 32 0
32 33 0
32 34 2
32 35 8
32 36 3
32 37 7
32 38 7
32 39 4
32 40 2
32 41 4
32 42 3
32 43 4
32 44 8
32 45 8
32 46 7
32 47 5
32 48 8
32 49 8
32 50 4
32 51 2
32 52 8
32 53 1
32 54 1
32 55 4
32 56 6
32 57 6
32 58 7
32 59 6
32 60 8
32 61 8
32 62 7
32 63 8
32 64 6
32 65 5
32 66 3
32 67 7
32 68 7
32 69 6
33 33 0
33 34 2
33 35 2
33 36 4
33 37 1
33 38 8
33 39 8
33 40 3
33 41 1
33 42 1
33 43 6
33 44 8
33 45 7
33 46 3
33 47 2
33 48 4
33 49 1
33 50 1
33 51 1
33 52 4
33 53 4
33 54 4
33 55 3
33 56 1
33 57 4
33 58 2
33 59 8
33 60 5
33 61 2
33 62 5
33 63 2
33 64 1
33 65 2
33 66 1
33 67 1
33 68 2
33 69 6
34 34 0
34 35 0
34 36 0
34 37 0
34 38 0
34 39 0
34 40 0
34 41 0
34 42 0
34 43 0
34 44 0
34 45 0
34 46 0
34 47 0
34 48 0
34 49 4
34 50 2
34 51 4
34 52 6
34 53 5
34 54 8
34 55 7
34 56 1
34 57 1
34 58 8
34 59 2
34 60 4
34 61 7
34 62 8
34 63 4
34 64 7
34 65 2
34 66 6
34 67 6
34 68 3
34 69 2
35 35 0
35 36 0
35 37 0
35 38 0
35 39 0
35 40 0
35 41 0
35 42 0
35 43 0
35 44 0
35 45 0
35 46 0
35 47 0
35 48 0
35 49 1
35 50 6
35 51 1
35 52 2
35 53 7
35 54 8
35 55 3
35 56 5
35 57 5
35 58 8
35 59 6
35 60 1
35 61 8
35 62 7
35 63 4
35 64 1
35 65 8
35 66 6
35 67 1
35 68 5
35 69 3
36 36 0
36 37 0
36 38 0
36 39 0
36 40 0
36 41 0
36 42 0
36 43 0
36 44 0
36 45 0
36 46 0
36 47 0
36 48 0
36 49 1
36 50 7
36 51 2
36 52 6
36 53 4
36 54 4
36 55 5
36 56 6
36 57 3
36 58 4
36 59 3
36 60 7
36 61 6
36 62 3
36 63 5
36 64 7
36 65 1
36 66 2
36 67 8
36 68 2
36 69 4
37 37 0
37 38 0
37 39 0
37 40 0
37 41 0
37 42 0
37 43 0
37 44 0
37 45 0
37 46 0
37 47 0
37 48 0
37 49 5
37 50 6
37 51 5
37 52 5
37 53 4
37 54 2
37 55 4
37 56 2
37 57 7
37 58 2
37 59 3
37 60 6
37 61 3
37 62 6
37 63 4
37 64 2
37 65 4
37 66 3
37 67 2
37 68 7
37 69 2
38 38 0
38 39 0
38 40 0
38 41 0
38 42 0
38 43 0
38 44 0
38 45 0
38 46 0
38 47 0
38 48 0
38 49 8
38 50 8
38 51 7
38 52 3
38 53 7
38 54 7
38 55 4
38 56 4
38 57 2
38 58 4
38 59 2
38 60 4
38 61 2
38 62 6
38 63 1
38 64 8
38 65 6
38 66 1
38 67 2
38 68 7
38 69 8
39 39 0
39 40 0
39 41 0
39 42 0
39 43 0
39 44 0
39 45 0
39 46 0
39 47 0
39 48 0
39 49 2
39 50 7
39 51 2
39 52 4
39 53 1
39 54 4
39 55 2
39 56 2
39 57 8
39 58 3
39 59 2
39 60 2
39 61 7
39 62 5
39 63 3
39 64 3
39 65 1
39 66 4
39 67 6
39 68 8
39 69 4
40 40 0
40 41 0
40 42 0
40 43 0
40 44 0
40 45 0
40 46 0
40 47 0
40 48 0
40 49 4
40 50 8
40 51 4
40 52 3
40 53 7
40 54 3
40 55 1
40 56 8
40 57 7
40 58 5
40 59 1
40 60 5
40 61 4
40 62 3
40 63 7
40 64 6
40 65 4
40 66 3
40 67 1
40 68 1
40 69 7
41 41 0
41 42 0
41 43 0
41 44 0
41 45 0
41 46 0
41 47 0
41 48 0
41 49 8
41 50 5
41 51 8
41 52 6
41 53 5
41 54 7
41 55 1
41 56 2
41 57 5
41 58 4
41 59 5
41 60 1
41 61 1
41 62 8
41 63 4
41 64 4
41 65 2
41 66 3
41 67 7
41 68 6
41 69 6
42 42 0
42 43 0
42 44 0
42 45 0
42 46 0
42 47 0
42 48 0
42 49 5
42 50 6
42 51 2
42 52 1
42 53 6
42 54 4
42 55 2
42 56 6
42 57 7
42 58 6
42 59 7
42 60 5
42 61 4
42 62 5
42 63 3
42 64 1
42 65 7
42 66 1
42 67 6
42 68 4
42 69 7
43 43 0
43 44 0
43 45 0
43 46 0
43 47 0
43 48 0
43 49 1
43 50 2
43 51 4
43 52 4
43 53 6
43 54 8
43 55 5
43 56 6
43 57 6
43 58 8
43 59 8
43 60 2
43 61 5
43 62 2
43 63 2
43 64 5
43 65 3
43 66 1
43 67 3
43 68 5
43 69 8
44 44 0
44 45 0
44 46 0
44 47 0
44 48 0
44 49 7
44 50 7
44 51 5
44 52 3
44 53 2
44 54 2
44 55 4
44 56 7
44 57 6
44 58 2
44 59 6
44 60 5
44 61 2
44 62 2
44 63 8
44 64 7
44 65 1
44 66 1
44 67 7
44 68 1
44 69 8
45 45 0
45 46 0
45 47 0
45 48 0
45 49 3
45 50 6
45 51 4
45 52 3
45 53 7
45 54 5
45 55 8
45 56 6
45 57 6
45 58 7
45 59 5
45 60 1
45 61 2
45 62 2
45 63 8
45 64 4
45 65 2
45 66 1
45 67 4
45 68 3
45 69 7
46 46 0
46 47 0
46 48 0
46 49 6
46 50 6
46 51 1
46 52 8
46 53 2
46 54 6
46 55 2
46 56 2
46 57 6
46 58 3
46 59 4
46 60 7
46 61 1
46 62 3
46 63 6
46 64 8
46 65 3
46 66 4
46 67 7
46 68 7
46 69 6
47 47 0
47 48 0
47 49 4
47 50 6
47 51 5
47 52 1
47 53 3
47 54 5
47 55 8
47 56 3
47 57 4
47 58 7
47 59 6
47 60 5
47 61 1
47 62 4
47 63 1
47 64 7
47 65 4
47 66 7
47 67 2
47 68 5
47 69 7
48 48 0
48 49 5
48 50 4
48 51 5
48 52 4
48 53 3
48 54 4
48 55 8
48 56 5
48 57 4
48 58 4
48 59 8
48 60 8
48 61 7
48 62 6
48 63 3
48 64 5
48 65 3
48 66 7
48 67 8
48 68 8
48 69 1
49 49 0
49 50 0
49 51 0
49 52 3
49 53 8
49 54 5
49 55 7
49 56 4
49 57 3
49 58 1
49 59 5
49 60 6
49 61 5
49 62 2
49 63 2
49 64 3
49 65 7
49 66 3
49 67 8
49 68 4
49 69 7
50 50 0
50 51 0
50 52 2
50 53 6
50 54 1
50 55 6
50 56 6
50 57 5
50 58 4
50 59 5
50 60 4
50 61 2
50 62 5
50 63 3
50 64 3
50 65 8
50 66 4
50 67 6
50 68 7
50 69 8
51 51 0
51 52 1
51 53 7
51 54 1
51 55 5
51 56 3
51 57 4
51 58 2
51 59 4
51 60 7
51 61 1
51 62 8
51 63 1
51 64 5
51 65 4
51 66 5
51 67 1
51 68 7
51 69 6
52 52 0
52 53 0
52 54 6
52 55 8
52 56 7
52 57 4
52 58 5
52 59 8
52 60 6
52 61 6
52 62 2
52 63 7
52 64 7
52 65 5
52 66 7
52 67 7
52 68 2
52 69 2
53 53 0
53 54 3
53 55 8
53 56 4
53 57 5
53 58 7
53 59 4
53 60 1
53 61 5
53 62 1
53 63 1
53 64 4
53 65 8
53 66 6
53 67 3
53 68 6
53 69 8
54 54 0
54 55 0
54 56 0
54 57 0
54 58 0
54 59 0
54 60 0
54 61 0
54 62 0
54 63 0
54 64 0
54 65 0
54 66 0
54 67 7
54 68 5
54 69 1
55 55 0
55 56 0
55 57 0
55 58 0
55 59 0
55 60 0
55 61 0
55 62 0
55 63 0
55 64 0
55 65 0
55 66 0
55 67 6
55 68 5
55 69 1
56 56 0
56 57 0
56 58 0
56 59 0
56 60 0
56 61 0
56 62 0
56 63 0
56 64 0
56 65 0
56 66 0
56 67 8
56 68 5
56 69 4
57 57 0
57 58 0
57 59 0
57 60 0
57 61 0
57 62 0
57 63 0
57 64 0
57 65 0
57 66 0
57 67 1
57 68 6
57 69 6
58 58 0
58 59 0
58 60 0
58 61 0
58 62 0
58 63 0
58 64 0
58 65 0
58 66 0
58 67 3
58 68 8
58 69 4
59 59 0
59 60 0
59 61 0
59 62 0
59 63 0
59 64 0
59 65 0
59 66 0
59 67 5
59 68 4
59 69 8
60 60 0
60 61 0
60 62 0
60 63 0
60 64 0
60 65 0
60 66 0
60 67 8
60 68 1
60 69 6
61 61 0
61 62 0
61 63 0
61 64 0
61 65 0
61 66 0
61 67 4
61 68 6
61 69 5
62 62 0
62 63 0
62 64 0
62 65 0
62 66 0
62 67 3
62 68 8
62 69 7
63 63 0
63 64 0
63 65 0
63 66 0
63 67 5
63 68 3
63 69 3
64 64 0
64 65 0
64 66 0
64 67 7
64 68 6
64 69 1
65 65 0
65 66 0
65 67 3
65 68 3
65 69 8
66 66 0
66 67 8
66 68 6
66 69 7
67 67 0
67 68 0
67 69 0
68 68 0
68 69 0
69 69 0
