5
3
3
5
8
5
0 0 0
0 1 0
0 2 0
0 3 90
0 4 87
0 5 76
0 6 20
0 7 45
0 8 64
0 9 42
0 10 45
0 11 10
0 12 71
0 13 4
0 14 77
0 15 44
0 16 57
0 17 48
0 18 58
0 19 81
0 20 2
0 21 39
0 22 27
0 23 2
1 1 0
1 2 0
1 3 1
1 4 87
1 5 95
1 6 49
1 7 44
1 8 33
1 9 69
1 10 43
1 11 85
1 12 44
1 13 20
1 14 16
1 15 45
1 16 39
1 17 36
1 18 78
1 19 8
1 20 22
1 21 72
1 22 34
1 23 49
2 2 0
2 3 90
2 4 37
2 5 90
2 6 85
2 7 85
2 8 60
2 9 69
2 10 26
2 11 46
2 12 74
2 13 56
2 14 96
2 15 47
2 16 4
2 17 10
2 18 46
2 19 26
2 20 33
2 21 31
2 22 40
2 23 47
3 3 0
3 4 0
3 5 0
3 6 1
3 7 88
3 8 13
3 9 81
3 10 49
3 11 7
3 12 48
3 13 28
3 14 48
3 15 86
3 16 42
3 17 88
3 18 2
3 19 18
3 20 54
3 21 31
3 22 75
3 23 89
4 4 0
4 5 0
4 6 90
4 7 79
4 8 97
4 9 10
4 10 64
4 11 25
4 12 48
4 13 58
4 14 1
4 15 52
4 16 50
4 17 29
4 18 2
4 19 32
4 20 19
4 21 57
4 22 65
4 23 2
5 5 0
5 6 4
5 7 57
5 8 56
5 9 5
5 10 88
5 11 20
5 12 2
5 13 88
5 14 46
5 15 79
5 16 18
5 17 62
5 18 8
5 19 98
5 20 95
5 21 72
5 22 57
5 23 79
6 6 0
6 7 0
6 8 0
6 9 0
6 10 0
6 11 6
6 12 29
6 13 44
6 14 14
6 15 11
6 16 34
6 17 93
6 18 88
6 19 51
6 20 30
6 21 16
6 22 50
6 23 73
7 7 0
7 8 0
7 9 0
7 10 0
7 11 15
7 12 60
7 13 18
7 14 73
7 15 38
7 16 6
7 17 89
7 18 62
7 19 18
7 20 75
7 21 72
7 22 96
7 23 50
8 8 0
8 9 0
8 10 0
8 11 8
8 12 79
8 13 37
8 14 64
8 15 18
8 16 14
8 17 87
8 18 58
8 19 55
8 20 26
8 21 42
8 22 97
8 23 55
9 9 0
9 10 0
9 11 91
9 12 71
9 13 24
9 14 34
9 15 21
9 16 25
9 17 6
9 18 36
9 19 52
9 20 70
9 21 22
9 22 95
9 23 33
10 10 0
10 11 52
10 12 6
10 13 22
10 14 93
10 15 57
10 16 51
10 17 30
10 18 66
10 19 83
10 20 48
10 21 2
10 22 53
10 23 43
11 11 0
11 12 0
11 13 0
11 14 0
11 15 0
11 16 0
11 17 0
11 18 0
11 19 97
11 20 74
11 21 40
11 22 80
11 23 41
12 12 0
12 13 0
12 14 0
12 15 0
12 16 0
12 17 0
12 18 0
12 19 13
12 20 58
12 21 26
12 22 18
12 23 64
13 13 0
13 14 0
13 15 0
13 16 0
13 17 0
13 18 0
13 19 12
13 20 4
13 21 38
13 22 4
13 23 62
14 14 0
14 15 0
14 16 0
14 17 0
14 18 0
14 19 25
14 20 38
14 21 12
14 22 75
14 23 55
15 15 0
15 16 0
15 17 0
15 18 0
15 19 34
15 20 86
15 21 47
15 22 38
15 23 85
16 16 0
16 17 0
16 18 0
16 19 46
16 20 27
16 21 4
16 22 43
16 23 40
17 17 0
17 18 0
17 19 36
17 20 81
17 21 38
17 22 14
17 23 34
18 18 0
18 19 39
18 20 82
18 21 18
18 22 64
18 23 68
19 19 0
19 20 0
19 21 0
19 22 0
19 23 0
20 20 0
20 21 0
20 22 0
20 23 0
21 21 0
21 22 0
21 23 0
22 22 0
22 23 0
23 23 0
