20
6
7
2
3
5
8
8
6
7
4
5
10
10
3
10
3
5
8
4
6
0 0 0
0 1 0
0 2 0
0 3 0
0 4 0
0 5 0
0 6 9
0 7 19
0 8 3
0 9 20
0 10 5
0 11 3
0 12 10
0 13 13
0 14 6
0 15 20
0 16 9
0 17 17
0 18 1
0 19 11
0 20 12
0 21 10
0 22 3
0 23 7
0 24 18
0 25 10
0 26 16
0 27 2
0 28 6
0 29 17
0 30 9
0 31 13
0 32 8
0 33 12
0 34 18
0 35 17
0 36 6
0 37 2
0 38 17
0 39 6
0 40 12
0 41 16
0 42 12
0 43 17
0 44 19
0 45 20
0 46 6
0 47 17
0 48 13
0 49 15
0 50 18
0 51 8
0 52 5
0 53 9
0 54 2
0 55 5
0 56 19
0 57 10
0 58 3
0 59 20
0 60 1
0 61 10
0 62 14
0 63 20
0 64 15
0 65 10
0 66 18
0 67 14
0 68 2
0 69 3
0 70 16
0 71 7
0 72 2
0 73 14
0 74 16
0 75 15
0 76 16
0 77 13
0 78 19
0 79 17
0 80 5
0 81 18
0 82 20
0 83 12
0 84 12
0 85 11
0 86 19
0 87 2
0 88 11
0 89 10
0 90 2
0 91 14
0 92 18
0 93 8
0 94 2
0 95 19
0 96 19
0 97 20
0 98 7
0 99 13
0 100 16
0 101 5
0 102 13
0 103 1
0 104 10
0 105 5
0 106 16
0 107 19
0 108 7
0 109 14
0 110 19
0 111 15
0 112 5
0 113 5
0 114 20
0 115 2
0 116 19
0 117 5
0 118 9
0 119 18
1 1 0
1 2 0
1 3 0
1 4 0
1 5 0
1 6 7
1 7 3
1 8 15
1 9 13
1 10 17
1 11 13
1 12 11
1 13 13
1 14 11
1 15 19
1 16 4
1 17 13
1 18 13
1 19 9
1 20 16
1 21 10
1 22 10
1 23 10
1 24 4
1 25 12
1 26 5
1 27 11
1 28 7
1 29 12
1 30 19
1 31 9
1 32 6
1 33 16
1 34 9
1 35 15
1 36 6
1 37 17
1 38 15
1 39 1
1 40 9
1 41 7
1 42 14
1 43 14
1 44 5
1 45 13
1 46 13
1 47 19
1 48 9
1 49 19
1 50 5
1 51 5
1 52 17
1 53 15
1 54 8
1 55 13
1 56 8
1 57 19
1 58 9
1 59 13
1 60 6
1 61 20
1 62 14
1 63 19
1 64 13
1 65 20
1 66 7
1 67 20
1 68 11
1 69 20
1 70 5
1 71 1
1 72 12
1 73 19
1 74 13
1 75 5
1 76 7
1 77 16
1 78 5
1 79 12
1 80 3
1 81 12
1 82 2
1 83 19
1 84 9
1 85 19
1 86 17
1 87 14
1 88 9
1 89 12
1 90 1
1 91 16
1 92 8
1 93 18
1 94 5
1 95 2
1 96 15
1 97 14
1 98 12
1 99 15
1 100 15
1 101 11
1 102 9
1 103 3
1 104 19
1 105 8
1 106 20
1 107 15
1 108 6
1 109 13
1 110 5
1 111 5
1 112 14
1 113 10
1 114 5
1 115 6
1 116 15
1 117 9
1 118 4
1 119 3
2 2 0
2 3 0
2 4 0
2 5 0
2 6 10
2 7 13
2 8 20
2 9 16
2 10 19
2 11 10
2 12 14
2 13 19
2 14 20
2 15 3
2 16 7
2 17 2
2 18 5
2 19 19
2 20 20
2 21 12
2 22 13
2 23 6
2 24 1
2 25 19
2 26 2
2 27 2
2 28 11
2 29 20
2 30 8
2 31 5
2 32 5
2 33 15
2 34 13
2 35 9
2 36 9
2 37 18
2 38 7
2 39 18
2 40 12
2 41 12
2 42 8
2 43 20
2 44 2
2 45 9
2 46 14
2 47 13
2 48 16
2 49 20
2 50 9
2 51 9
2 52 16
2 53 1
2 54 8
2 55 15
2 56 8
2 57 7
2 58 8
2 59 18
2 60 13
2 61 8
2 62 6
2 63 20
2 64 3
2 65 16
2 66 15
2 67 15
2 68 19
2 69 5
2 70 17
2 71 13
2 72 19
2 73 14
2 74 17
2 75 7
2 76 2
2 77 5
2 78 14
2 79 6
2 80 16
2 81 8
2 82 18
2 83 16
2 84 18
2 85 16
2 86 18
2 87 1
2 88 12
2 89 2
2 90 8
2 91 18
2 92 14
2 93 14
2 94 10
2 95 8
2 96 14
2 97 10
2 98 18
2 99 16
2 100 15
2 101 7
2 102 12
2 103 9
2 104 15
2 105 6
2 106 17
2 107 3
2 108 16
2 109 14
2 110 8
2 111 20
2 112 11
2 113 14
2 114 3
2 115 6
2 116 4
2 117 16
2 118 13
2 119 10
3 3 0
3 4 0
3 5 0
3 6 5
3 7 12
3 8 9
3 9 7
3 10 3
3 11 9
3 12 5
3 13 1
3 14 3
3 15 7
3 16 2
3 17 8
3 18 10
3 19 13
3 20 16
3 21 5
3 22 12
3 23 1
3 24 20
3 25 20
3 26 20
3 27 3
3 28 1
3 29 3
3 30 16
3 31 19
3 32 9
3 33 8
3 34 8
3 35 11
3 36 8
3 37 8
3 38 15
3 39 2
3 40 10
3 41 14
3 42 18
3 43 18
3 44 1
3 45 8
3 46 20
3 47 19
3 48 19
3 49 16
3 50 6
3 51 19
3 52 12
3 53 18
3 54 20
3 55 8
3 56 14
3 57 19
3 58 5
3 59 13
3 60 3
3 61 17
3 62 16
3 63 11
3 64 16
3 65 6
3 66 18
3 67 14
3 68 3
3 69 1
3 70 1
3 71 11
3 72 12
3 73 15
3 74 11
3 75 3
3 76 20
3 77 6
3 78 5
3 79 20
3 80 3
3 81 12
3 82 12
3 83 16
3 84 10
3 85 14
3 86 10
3 87 18
3 88 2
3 89 2
3 90 9
3 91 9
3 92 7
3 93 5
3 94 10
3 95 1
3 96 16
3 97 12
3 98 9
3 99 14
3 100 7
3 101 7
3 102 2
3 103 19
3 104 1
3 105 12
3 106 17
3 107 4
3 108 19
3 109 14
3 110 6
3 111 19
3 112 10
3 113 4
3 114 18
3 115 19
3 116 20
3 117 18
3 118 2
3 119 17
4 4 0
4 5 0
4 6 9
4 7 15
4 8 3
4 9 7
4 10 4
4 11 18
4 12 10
4 13 4
4 14 9
4 15 18
4 16 7
4 17 3
4 18 8
4 19 20
4 20 7
4 21 16
4 22 8
4 23 11
4 24 2
4 25 11
4 26 5
4 27 8
4 28 5
4 29 3
4 30 7
4 31 4
4 32 1
4 33 10
4 34 19
4 35 5
4 36 8
4 37 19
4 38 1
4 39 7
4 40 4
4 41 16
4 42 19
4 43 5
4 44 16
4 45 4
4 46 3
4 47 18
4 48 9
4 49 19
4 50 7
4 51 18
4 52 2
4 53 15
4 54 2
4 55 15
4 56 7
4 57 3
4 58 11
4 59 5
4 60 17
4 61 11
4 62 9
4 63 8
4 64 13
4 65 11
4 66 16
4 67 19
4 68 16
4 69 20
4 70 19
4 71 7
4 72 10
4 73 5
4 74 11
4 75 8
4 76 20
4 77 20
4 78 3
4 79 1
4 80 11
4 81 6
4 82 20
4 83 15
4 84 12
4 85 15
4 86 9
4 87 4
4 88 18
4 89 18
4 90 9
4 91 17
4 92 1
4 93 10
4 94 5
4 95 2
4 96 10
4 97 18
4 98 10
4 99 9
4 100 8
4 101 17
4 102 7
4 103 20
4 104 9
4 105 4
4 106 7
4 107 16
4 108 4
4 109 2
4 110 3
4 111 17
4 112 3
4 113 20
4 114 15
4 115 5
4 116 7
4 117 20
4 118 11
4 119 15
5 5 0
5 6 19
5 7 20
5 8 7
5 9 9
5 10 10
5 11 12
5 12 9
5 13 10
5 14 3
5 15 12
5 16 3
5 17 16
5 18 13
5 19 1
5 20 3
5 21 14
5 22 1
5 23 6
5 24 17
5 25 4
5 26 12
5 27 9
5 28 14
5 29 1
5 30 14
5 31 15
5 32 14
5 33 2
5 34 9
5 35 12
5 36 1
5 37 2
5 38 16
5 39 14
5 40 1
5 41 10
5 42 2
5 43 17
5 44 19
5 45 18
5 46 3
5 47 3
5 48 20
5 49 7
5 50 16
5 51 17
5 52 3
5 53 7
5 54 1
5 55 10
5 56 11
5 57 2
5 58 14
5 59 20
5 60 4
5 61 16
5 62 1
5 63 4
5 64 15
5 65 13
5 66 13
5 67 12
5 68 9
5 69 1
5 70 1
5 71 2
5 72 20
5 73 15
5 74 3
5 75 3
5 76 16
5 77 19
5 78 15
5 79 11
5 80 5
5 81 18
5 82 17
5 83 2
5 84 9
5 85 16
5 86 3
5 87 10
5 88 7
5 89 15
5 90 17
5 91 19
5 92 18
5 93 20
5 94 4
5 95 14
5 96 16
5 97 2
5 98 12
5 99 13
5 100 2
5 101 10
5 102 19
5 103 15
5 104 9
5 105 20
5 106 10
5 107 13
5 108 16
5 109 12
5 110 1
5 111 9
5 112 12
5 113 5
5 114 11
5 115 19
5 116 5
5 117 8
5 118 1
5 119 3
6 6 0
6 7 0
6 8 0
6 9 0
6 10 0
6 11 0
6 12 0
6 13 12
6 14 20
6 15 7
6 16 20
6 17 9
6 18 20
6 19 18
6 20 14
6 21 18
6 22 2
6 23 5
6 24 19
6 25 17
6 26 2
6 27 10
6 28 1
6 29 16
6 30 10
6 31 3
6 32 10
6 33 15
6 34 16
6 35 20
6 36 19
6 37 11
6 38 9
6 39 20
6 40 8
6 41 13
6 42 10
6 43 6
6 44 1
6 45 7
6 46 6
6 47 15
6 48 6
6 49 8
6 50 20
6 51 14
6 52 12
6 53 20
6 54 13
6 55 4
6 56 3
6 57 17
6 58 5
6 59 6
6 60 10
6 61 4
6 62 8
6 63 15
6 64 15
6 65 7
6 66 1
6 67 4
6 68 15
6 69 5
6 70 8
6 71 5
6 72 12
6 73 1
6 74 11
6 75 4
6 76 5
6 77 6
6 78 3
6 79 1
6 80 15
6 81 9
6 82 15
6 83 11
6 84 12
6 85 15
6 86 4
6 87 19
6 88 9
6 89 8
6 90 14
6 91 1
6 92 18
6 93 1
6 94 6
6 95 13
6 96 5
6 97 7
6 98 9
6 99 7
6 100 5
6 101 19
6 102 20
6 103 4
6 104 8
6 105 5
6 106 1
6 107 11
6 108 6
6 109 2
6 110 11
6 111 18
6 112 12
6 113 17
6 114 10
6 115 19
6 116 1
6 117 3
6 118 17
6 119 7
7 7 0
7 8 0
7 9 0
7 10 0
7 11 0
7 12 0
7 13 14
7 14 1
7 15 5
7 16 13
7 17 11
7 18 19
7 19 13
7 20 13
7 21 8
7 22 1
7 23 12
7 24 5
7 25 11
7 26 2
7 27 11
7 28 3
7 29 18
7 30 15
7 31 13
7 32 10
7 33 2
7 34 6
7 35 2
7 36 19
7 37 16
7 38 15
7 39 2
7 40 7
7 41 14
7 42 17
7 43 4
7 44 18
7 45 14
7 46 11
7 47 19
7 48 11
7 49 10
7 50 1
7 51 11
7 52 7
7 53 20
7 54 8
7 55 11
7 56 3
7 57 11
7 58 6
7 59 15
7 60 11
7 61 13
7 62 10
7 63 14
7 64 5
7 65 8
7 66 17
7 67 12
7 68 19
7 69 7
7 70 20
7 71 5
7 72 12
7 73 12
7 74 18
7 75 19
7 76 13
7 77 9
7 78 14
7 79 10
7 80 1
7 81 9
7 82 11
7 83 4
7 84 9
7 85 11
7 86 12
7 87 5
7 88 18
7 89 15
7 90 5
7 91 17
7 92 2
7 93 8
7 94 8
7 95 11
7 96 19
7 97 15
7 98 9
7 99 17
7 100 19
7 101 6
7 102 4
7 103 6
7 104 5
7 105 18
7 106 2
7 107 19
7 108 14
7 109 5
7 110 12
7 111 6
7 112 1
7 113 17
7 114 4
7 115 5
7 116 4
7 117 17
7 118 20
7 119 2
8 8 0
8 9 0
8 10 0
8 11 0
8 12 0
8 13 20
8 14 15
8 15 14
8 16 19
8 17 10
8 18 7
8 19 17
8 20 4
8 21 13
8 22 20
8 23 6
8 24 17
8 25 6
8 26 6
8 27 16
8 28 8
8 29 5
8 30 8
8 31 14
8 32 8
8 33 7
8 34 3
8 35 4
8 36 19
8 37 1
8 38 16
8 39 16
8 40 6
8 41 16
8 42 15
8 43 5
8 44 19
8 45 14
8 46 13
8 47 12
8 48 18
8 49 8
8 50 5
8 51 12
8 52 13
8 53 13
8 54 11
8 55 11
8 56 11
8 57 8
8 58 8
8 59 3
8 60 17
8 61 3
8 62 17
8 63 20
8 64 15
8 65 14
8 66 1
8 67 20
8 68 10
8 69 6
8 70 4
8 71 10
8 72 17
8 73 6
8 74 2
8 75 10
8 76 4
8 77 15
8 78 17
8 79 10
8 80 4
8 81 19
8 82 20
8 83 19
8 84 18
8 85 14
8 86 18
8 87 13
8 88 20
8 89 4
8 90 6
8 91 2
8 92 17
8 93 13
8 94 4
8 95 6
8 96 9
8 97 8
8 98 14
8 99 18
8 100 17
8 101 15
8 102 2
8 103 11
8 104 11
8 105 13
8 106 13
8 107 9
8 108 14
8 109 10
8 110 11
8 111 14
8 112 18
8 113 15
8 114 9
8 115 15
8 116 15
8 117 5
8 118 16
8 119 19
9 9 0
9 10 0
9 11 0
9 12 0
9 13 11
9 14 7
9 15 17
9 16 16
9 17 1
9 18 13
9 19 4
9 20 12
9 21 16
9 22 3
9 23 1
9 24 17
9 25 6
9 26 14
9 27 16
9 28 11
9 29 9
9 30 17
9 31 6
9 32 19
9 33 9
9 34 18
9 35 2
9 36 8
9 37 4
9 38 12
9 39 17
9 40 2
9 41 18
9 42 14
9 43 12
9 44 2
9 45 14
9 46 11
9 47 6
9 48 5
9 49 19
9 50 9
9 51 5
9 52 4
9 53 1
9 54 1
9 55 15
9 56 12
9 57 5
9 58 3
9 59 16
9 60 7
9 61 9
9 62 7
9 63 1
9 64 10
9 65 9
9 66 13
9 67 15
9 68 2
9 69 19
9 70 19
9 71 5
9 72 2
9 73 9
9 74 5
9 75 8
9 76 2
9 77 9
9 78 3
9 79 19
9 80 5
9 81 1
9 82 2
9 83 19
9 84 16
9 85 12
9 86 13
9 87 10
9 88 9
9 89 3
9 90 9
9 91 3
9 92 17
9 93 19
9 94 20
9 95 20
9 96 19
9 97 5
9 98 5
9 99 11
9 100 6
9 101 7
9 102 7
9 103 3
9 104 11
9 105 13
9 106 20
9 107 16
9 108 16
9 109 14
9 110 10
9 111 18
9 112 13
9 113 16
9 114 20
9 115 1
9 116 16
9 117 1
9 118 2
9 119 5
10 10 0
10 11 0
10 12 0
10 13 18
10 14 2
10 15 4
10 16 4
10 17 11
10 18 19
10 19 5
10 20 9
10 21 1
10 22 17
10 23 5
10 24 19
10 25 13
10 26 19
10 27 12
10 28 12
10 29 17
10 30 2
10 31 1
10 32 5
10 33 9
10 34 4
10 35 20
10 36 2
10 37 1
10 38 18
10 39 1
10 40 14
10 41 9
10 42 16
10 43 13
10 44 4
10 45 13
10 46 15
10 47 10
10 48 3
10 49 18
10 50 15
10 51 14
10 52 19
10 53 14
10 54 11
10 55 12
10 56 12
10 57 8
10 58 15
10 59 19
10 60 10
10 61 13
10 62 9
10 63 9
10 64 13
10 65 8
10 66 8
10 67 9
10 68 19
10 69 6
10 70 5
10 71 4
10 72 9
10 73 11
10 74 1
10 75 18
10 76 11
10 77 18
10 78 13
10 79 11
10 80 7
10 81 9
10 82 2
10 83 4
10 84 11
10 85 11
10 86 20
10 87 13
10 88 16
10 89 6
10 90 20
10 91 11
10 92 3
10 93 18
10 94 13
10 95 2
10 96 5
10 97 5
10 98 7
10 99 4
10 100 3
10 101 19
10 102 14
10 103 12
10 104 17
10 105 20
10 106 10
10 107 19
10 108 16
10 109 18
10 110 16
10 111 6
10 112 16
10 113 15
10 114 9
10 115 9
10 116 2
10 117 10
10 118 8
10 119 1
11 11 0
11 12 0
11 13 20
11 14 11
11 15 2
11 16 17
11 17 19
11 18 20
11 19 12
11 20 13
11 21 9
11 22 13
11 23 12
11 24 1
11 25 16
11 26 17
11 27 3
11 28 4
11 29 6
11 30 8
11 31 9
11 32 15
11 33 1
11 34 1
11 35 6
11 36 12
11 37 1
11 38 14
11 39 20
11 40 3
11 41 4
11 42 1
11 43 19
11 44 10
11 45 14
11 46 13
11 47 6
11 48 19
11 49 11
11 50 2
11 51 10
11 52 16
11 53 12
11 54 11
11 55 19
11 56 2
11 57 18
11 58 18
11 59 17
11 60 19
11 61 1
11 62 9
11 63 13
11 64 5
11 65 18
11 66 7
11 67 11
11 68 8
11 69 13
11 70 7
11 71 19
11 72 10
11 73 13
11 74 20
11 75 18
11 76 10
11 77 20
11 78 4
11 79 7
11 80 18
11 81 13
11 82 19
11 83 18
11 84 19
11 85 15
11 86 4
11 87 1
11 88 19
11 89 2
11 90 13
11 91 5
11 92 17
11 93 4
11 94 17
11 95 19
11 96 5
11 97 20
11 98 5
11 99 14
11 100 1
11 101 1
11 102 18
11 103 6
11 104 10
11 105 15
11 106 3
11 107 9
11 108 16
11 109 7
11 110 10
11 111 7
11 112 17
11 113 9
11 114 4
11 115 10
11 116 16
11 117 4
11 118 5
11 119 5
12 12 0
12 13 4
12 14 14
12 15 4
12 16 4
12 17 19
12 18 2
12 19 3
12 20 8
12 21 13
12 22 13
12 23 11
12 24 16
12 25 14
12 26 4
12 27 10
12 28 3
12 29 19
12 30 20
12 31 5
12 32 19
12 33 17
12 34 14
12 35 8
12 36 4
12 37 7
12 38 18
12 39 20
12 40 18
12 41 4
12 42 5
12 43 6
12 44 16
12 45 1
12 46 6
12 47 16
12 48 2
12 49 13
12 50 3
12 51 10
12 52 16
12 53 16
12 54 19
12 55 1
12 56 6
12 57 9
12 58 1
12 59 14
12 60 10
12 61 1
12 62 8
12 63 13
12 64 8
12 65 13
12 66 3
12 67 9
12 68 14
12 69 7
12 70 17
12 71 18
12 72 5
12 73 11
12 74 2
12 75 4
12 76 11
12 77 7
12 78 13
12 79 18
12 80 8
12 81 4
12 82 16
12 83 18
12 84 8
12 85 7
12 86 3
12 87 16
12 88 6
12 89 11
12 90 4
12 91 13
12 92 4
12 93 12
12 94 10
12 95 7
12 96 9
12 97 9
12 98 18
12 99 1
12 100 8
12 101 20
12 102 4
12 103 18
12 104 13
12 105 5
12 106 15
12 107 3
12 108 17
12 109 18
12 110 19
12 111 1
12 112 6
12 113 18
12 114 11
12 115 5
12 116 2
12 117 3
12 118 2
12 119 11
13 13 0
13 14 0
13 15 16
13 16 16
13 17 2
13 18 12
13 19 12
13 20 1
13 21 12
13 22 20
13 23 10
13 24 6
13 25 14
13 26 9
13 27 20
13 28 2
13 29 15
13 30 1
13 31 5
13 32 19
13 33 10
13 34 12
13 35 4
13 36 14
13 37 2
13 38 8
13 39 6
13 40 17
13 41 18
13 42 1
13 43 6
13 44 5
13 45 17
13 46 9
13 47 5
13 48 12
13 49 16
13 50 4
13 51 15
13 52 2
13 53 7
13 54 20
13 55 2
13 56 3
13 57 15
13 58 14
13 59 20
13 60 1
13 61 20
13 62 8
13 63 18
13 64 16
13 65 4
13 66 18
13 67 3
13 68 12
13 69 17
13 70 9
13 71 8
13 72 14
13 73 11
13 74 12
13 75 8
13 76 8
13 77 12
13 78 1
13 79 16
13 80 9
13 81 5
13 82 4
13 83 2
13 84 11
13 85 17
13 86 6
13 87 9
13 88 1
13 89 20
13 90 13
13 91 3
13 92 12
13 93 15
13 94 4
13 95 13
13 96 9
13 97 5
13 98 4
13 99 5
13 100 17
13 101 17
13 102 7
13 103 10
13 104 3
13 105 16
13 106 18
13 107 17
13 108 9
13 109 17
13 110 4
13 111 11
13 112 17
13 113 19
13 114 10
13 115 16
13 116 9
13 117 1
13 118 14
13 119 9
14 14 0
14 15 6
14 16 3
14 17 4
14 18 20
14 19 18
14 20 15
14 21 2
14 22 15
14 23 9
14 24 6
14 25 2
14 26 1
14 27 20
14 28 1
14 29 5
14 30 14
14 31 5
14 32 1
14 33 13
14 34 6
14 35 15
14 36 11
14 37 7
14 38 17
14 39 6
14 40 20
14 41 17
14 42 12
14 43 17
14 44 10
14 45 17
14 46 8
14 47 9
14 48 11
14 49 19
14 50 16
14 51 16
14 52 11
14 53 7
14 54 9
14 55 8
14 56 20
14 57 6
14 58 18
14 59 18
14 60 5
14 61 1
14 62 12
14 63 16
14 64 6
14 65 8
14 66 9
14 67 19
14 68 12
14 69 11
14 70 14
14 71 18
14 72 18
14 73 11
14 74 13
14 75 16
14 76 1
14 77 18
14 78 9
14 79 6
14 80 5
14 81 5
14 82 4
14 83 6
14 84 3
14 85 3
14 86 11
14 87 7
14 88 14
14 89 7
14 90 4
14 91 12
14 92 12
14 93 11
14 94 9
14 95 6
14 96 5
14 97 1
14 98 6
14 99 10
14 100 2
14 101 16
14 102 3
14 103 5
14 104 20
14 105 10
14 106 18
14 107 19
14 108 12
14 109 13
14 110 12
14 111 12
14 112 1
14 113 6
14 114 4
14 115 2
14 116 19
14 117 16
14 118 7
14 119 15
15 15 0
15 16 0
15 17 0
15 18 15
15 19 5
15 20 9
15 21 8
15 22 6
15 23 2
15 24 11
15 25 9
15 26 17
15 27 18
15 28 1
15 29 14
15 30 19
15 31 17
15 32 4
15 33 3
15 34 13
15 35 12
15 36 5
15 37 9
15 38 11
15 39 9
15 40 8
15 41 5
15 42 13
15 43 16
15 44 6
15 45 15
15 46 17
15 47 15
15 48 18
15 49 3
15 50 3
15 51 1
15 52 17
15 53 1
15 54 1
15 55 1
15 56 17
15 57 12
15 58 12
15 59 10
15 60 13
15 61 19
15 62 6
15 63 15
15 64 18
15 65 3
15 66 6
15 67 9
15 68 15
15 69 8
15 70 13
15 71 20
15 72 1
15 73 17
15 74 11
15 75 17
15 76 15
15 77 8
15 78 6
15 79 10
15 80 8
15 81 15
15 82 11
15 83 7
15 84 11
15 85 3
15 86 12
15 87 3
15 88 19
15 89 11
15 90 1
15 91 16
15 92 4
15 93 6
15 94 8
15 95 14
15 96 1
15 97 2
15 98 8
15 99 18
15 100 16
15 101 19
15 102 3
15 103 8
15 104 16
15 105 20
15 106 16
15 107 10
15 108 1
15 109 8
15 110 4
15 111 3
15 112 9
15 113 13
15 114 3
15 115 7
15 116 14
15 117 4
15 118 2
15 119 19
16 16 0
16 17 0
16 18 9
16 19 19
16 20 10
16 21 5
16 22 12
16 23 20
16 24 7
16 25 9
16 26 18
16 27 7
16 28 11
16 29 19
16 30 4
16 31 18
16 32 5
16 33 5
16 34 17
16 35 12
16 36 3
16 37 19
16 38 16
16 39 16
16 40 5
16 41 13
16 42 13
16 43 19
16 44 14
16 45 6
16 46 10
16 47 13
16 48 17
16 49 12
16 50 11
16 51 14
16 52 14
16 53 2
16 54 2
16 55 10
16 56 18
16 57 8
16 58 12
16 59 9
16 60 11
16 61 12
16 62 13
16 63 2
16 64 5
16 65 2
16 66 2
16 67 7
16 68 12
16 69 19
16 70 4
16 71 5
16 72 19
16 73 15
16 74 20
16 75 8
16 76 2
16 77 8
16 78 15
16 79 16
16 80 12
16 81 7
16 82 8
16 83 18
16 84 15
16 85 13
16 86 11
16 87 11
16 88 18
16 89 13
16 90 16
16 91 17
16 92 4
16 93 3
16 94 16
16 95 14
16 96 11
16 97 7
16 98 3
16 99 4
16 100 12
16 101 20
16 102 9
16 103 14
16 104 7
16 105 14
16 106 7
16 107 12
16 108 5
16 109 17
16 110 7
16 111 3
16 112 7
16 113 19
16 114 13
16 115 19
16 116 7
16 117 7
16 118 18
16 119 7
17 17 0
17 18 19
17 19 20
17 20 10
17 21 7
17 22 3
17 23 2
17 24 4
17 25 5
17 26 6
17 27 18
17 28 14
17 29 14
17 30 6
17 31 17
17 32 8
17 33 20
17 34 13
17 35 19
17 36 6
17 37 9
17 38 19
17 39 17
17 40 9
17 41 16
17 42 19
17 43 3
17 44 19
17 45 14
17 46 9
17 47 18
17 48 15
17 49 14
17 50 2
17 51 3
17 52 5
17 53 10
17 54 1
17 55 15
17 56 10
17 57 2
17 58 20
17 59 15
17 60 16
17 61 12
17 62 9
17 63 6
17 64 4
17 65 5
17 66 7
17 67 19
17 68 14
17 69 20
17 70 18
17 71 12
17 72 14
17 73 5
17 74 3
17 75 5
17 76 19
17 77 10
17 78 10
17 79 2
17 80 6
17 81 14
17 82 15
17 83 19
17 84 1
17 85 15
17 86 1
17 87 13
17 88 8
17 89 18
17 90 3
17 91 7
17 92 15
17 93 11
17 94 15
17 95 11
17 96 7
17 97 20
17 98 5
17 99 11
17 100 14
17 101 16
17 102 6
17 103 14
17 104 5
17 105 7
17 106 19
17 107 5
17 108 14
17 109 1
17 110 16
17 111 2
17 112 7
17 113 5
17 114 6
17 115 16
17 116 16
17 117 10
17 118 3
17 119 5
18 18 0
18 19 0
18 20 0
18 21 0
18 22 0
18 23 17
18 24 1
18 25 7
18 26 16
18 27 9
18 28 1
18 29 18
18 30 10
18 31 16
18 32 6
18 33 7
18 34 16
18 35 20
18 36 10
18 37 7
18 38 8
18 39 8
18 40 5
18 41 10
18 42 13
18 43 11
18 44 10
18 45 5
18 46 16
18 47 4
18 48 8
18 49 15
18 50 18
18 51 2
18 52 8
18 53 17
18 54 4
18 55 11
18 56 8
18 57 16
18 58 2
18 59 14
18 60 4
18 61 1
18 62 1
18 63 10
18 64 6
18 65 16
18 66 7
18 67 12
18 68 1
18 69 11
18 70 3
18 71 16
18 72 17
18 73 20
18 74 2
18 75 10
18 76 20
18 77 8
18 78 5
18 79 17
18 80 20
18 81 8
18 82 19
18 83 2
18 84 13
18 85 13
18 86 20
18 87 15
18 88 17
18 89 14
18 90 4
18 91 19
18 92 7
18 93 4
18 94 1
18 95 12
18 96 17
18 97 10
18 98 2
18 99 9
18 100 7
18 101 11
18 102 11
18 103 5
18 104 9
18 105 3
18 106 16
18 107 20
18 108 15
18 109 9
18 110 12
18 111 16
18 112 14
18 113 6
18 114 8
18 115 16
18 116 13
18 117 15
18 118 1
18 119 2
19 19 0
19 20 0
19 21 0
19 22 0
19 23 9
19 24 1
19 25 12
19 26 13
19 27 18
19 28 10
19 29 8
19 30 19
19 31 5
19 32 13
19 33 16
19 34 1
19 35 7
19 36 8
19 37 10
19 38 17
19 39 14
19 40 17
19 41 20
19 42 18
19 43 2
19 44 3
19 45 17
19 46 4
19 47 14
19 48 5
19 49 11
19 50 11
19 51 5
19 52 4
19 53 9
19 54 20
19 55 16
19 56 17
19 57 14
19 58 7
19 59 18
19 60 9
19 61 6
19 62 15
19 63 8
19 64 13
19 65 18
19 66 2
19 67 8
19 68 6
19 69 8
19 70 6
19 71 13
19 72 6
19 73 3
19 74 16
19 75 14
19 76 7
19 77 3
19 78 5
19 79 14
19 80 15
19 81 10
19 82 2
19 83 17
19 84 5
19 85 11
19 86 13
19 87 15
19 88 11
19 89 7
19 90 18
19 91 16
19 92 3
19 93 6
19 94 1
19 95 13
19 96 14
19 97 5
19 98 4
19 99 5
19 100 11
19 101 8
19 102 4
19 103 12
19 104 16
19 105 9
19 106 12
19 107 7
19 108 17
19 109 10
19 110 4
19 111 9
19 112 14
19 113 2
19 114 7
19 115 14
19 116 16
19 117 17
19 118 10
19 119 12
20 20 0
20 21 0
20 22 0
20 23 5
20 24 13
20 25 11
20 26 9
20 27 4
20 28 17
20 29 9
20 30 15
20 31 14
20 32 9
20 33 14
20 34 19
20 35 1
20 36 7
20 37 17
20 38 16
20 39 4
20 40 1
20 41 15
20 42 7
20 43 10
20 44 12
20 45 4
20 46 17
20 47 9
20 48 1
20 49 5
20 50 19
20 51 3
20 52 13
20 53 5
20 54 17
20 55 2
20 56 10
20 57 6
20 58 19
20 59 19
20 60 20
20 61 1
20 62 16
20 63 5
20 64 16
20 65 7
20 66 18
20 67 9
20 68 15
20 69 20
20 70 4
20 71 20
20 72 18
20 73 6
20 74 18
20 75 12
20 76 9
20 77 20
20 78 3
20 79 18
20 80 9
20 81 2
20 82 4
20 83 13
20 84 16
20 85 7
20 86 15
20 87 14
20 88 10
20 89 4
20 90 13
20 91 9
20 92 8
20 93 8
20 94 14
20 95 7
20 96 16
20 97 4
20 98 3
20 99 6
20 100 4
20 101 11
20 102 12
20 103 9
20 104 19
20 105 1
20 106 1
20 107 1
20 108 2
20 109 5
20 110 3
20 111 19
20 112 7
20 113 12
20 114 1
20 115 5
20 116 4
20 117 9
20 118 2
20 119 10
21 21 0
21 22 0
21 23 2
21 24 10
21 25 12
21 26 4
21 27 12
21 28 18
21 29 14
21 30 11
21 31 11
21 32 10
21 33 11
21 34 7
21 35 20
21 36 2
21 37 1
21 38 15
21 39 12
21 40 14
21 41 16
21 42 13
21 43 5
21 44 4
21 45 7
21 46 13
21 47 9
21 48 10
21 49 6
21 50 19
21 51 13
21 52 9
21 53 7
21 54 14
21 55 15
21 56 20
21 57 8
21 58 1
21 59 4
21 60 7
21 61 13
21 62 19
21 63 18
21 64 15
21 65 8
21 66 18
21 67 2
21 68 17
21 69 17
21 70 8
21 71 18
21 72 7
21 73 18
21 74 11
21 75 18
21 76 20
21 77 20
21 78 20
21 79 12
21 80 14
21 81 14
21 82 4
21 83 15
21 84 19
21 85 7
21 86 16
21 87 3
21 88 16
21 89 6
21 90 17
21 91 11
21 92 4
21 93 20
21 94 1
21 95 17
21 96 7
21 97 15
21 98 19
21 99 3
21 100 9
21 101 8
21 102 11
21 103 13
21 104 17
21 105 6
21 106 8
21 107 5
21 108 8
21 109 11
21 110 17
21 111 3
21 112 19
21 113 18
21 114 8
21 115 8
21 116 7
21 117 15
21 118 5
21 119 2
22 22 0
22 23 12
22 24 3
22 25 4
22 26 8
22 27 8
22 28 2
22 29 17
22 30 16
22 31 16
22 32 13
22 33 2
22 34 2
22 35 9
22 36 13
22 37 11
22 38 2
22 39 9
22 40 15
22 41 20
22 42 9
22 43 14
22 44 11
22 45 1
22 46 20
22 47 11
22 48 13
22 49 8
22 50 7
22 51 6
22 52 3
22 53 8
22 54 3
22 55 13
22 56 12
22 57 12
22 58 7
22 59 5
22 60 8
22 61 18
22 62 3
22 63 6
22 64 17
22 65 18
22 66 20
22 67 4
22 68 18
22 69 20
22 70 19
22 71 17
22 72 5
22 73 20
22 74 10
22 75 2
22 76 2
22 77 3
22 78 13
22 79 13
22 80 1
22 81 2
22 82 17
22 83 10
22 84 13
22 85 5
22 86 17
22 87 1
22 88 10
22 89 7
22 90 18
22 91 5
22 92 6
22 93 14
22 94 9
22 95 3
22 96 13
22 97 15
22 98 15
22 99 3
22 100 2
22 101 10
22 102 6
22 103 12
22 104 4
22 105 10
22 106 8
22 107 8
22 108 1
22 109 17
22 110 11
22 111 14
22 112 12
22 113 10
22 114 10
22 115 5
22 116 18
22 117 1
22 118 6
22 119 2
23 23 0
23 24 0
23 25 0
23 26 0
23 27 0
23 28 0
23 29 0
23 30 0
23 31 14
23 32 10
23 33 4
23 34 12
23 35 8
23 36 11
23 37 20
23 38 20
23 39 12
23 40 9
23 41 11
23 42 14
23 43 16
23 44 4
23 45 10
23 46 2
23 47 16
23 48 7
23 49 7
23 50 18
23 51 6
23 52 7
23 53 17
23 54 11
23 55 5
23 56 9
23 57 4
23 58 7
23 59 19
23 60 20
23 61 18
23 62 5
23 63 11
23 64 2
23 65 2
23 66 18
23 67 17
23 68 15
23 69 16
23 70 12
23 71 11
23 72 14
23 73 20
23 74 8
23 75 6
23 76 1
23 77 16
23 78 18
23 79 19
23 80 15
23 81 19
23 82 17
23 83 1
23 84 11
23 85 20
23 86 1
23 87 11
23 88 4
23 89 8
23 90 6
23 91 13
23 92 5
23 93 18
23 94 18
23 95 17
23 96 20
23 97 13
23 98 12
23 99 11
23 100 10
23 101 14
23 102 6
23 103 17
23 104 8
23 105 20
23 106 10
23 107 11
23 108 20
23 109 12
23 110 7
23 111 5
23 112 3
23 113 16
23 114 16
23 115 8
23 116 6
23 117 7
23 118 12
23 119 5
24 24 0
24 25 0
24 26 0
24 27 0
24 28 0
24 29 0
24 30 0
24 31 1
24 32 11
24 33 9
24 34 16
24 35 19
24 36 8
24 37 6
24 38 10
24 39 6
24 40 14
24 41 2
24 42 12
24 43 15
24 44 8
24 45 11
24 46 16
24 47 16
24 48 19
24 49 19
24 50 10
24 51 18
24 52 9
24 53 16
24 54 14
24 55 20
24 56 4
24 57 2
24 58 19
24 59 10
24 60 9
24 61 16
24 62 3
24 63 15
24 64 10
24 65 8
24 66 2
24 67 1
24 68 17
24 69 20
24 70 11
24 71 20
24 72 1
24 73 13
24 74 19
24 75 12
24 76 16
24 77 16
24 78 12
24 79 19
24 80 4
24 81 18
24 82 10
24 83 13
24 84 16
24 85 8
24 86 15
24 87 19
24 88 20
24 89 2
24 90 7
24 91 3
24 92 18
24 93 15
24 94 4
24 95 10
24 96 17
24 97 3
24 98 12
24 99 16
24 100 5
24 101 9
24 102 9
24 103 1
24 104 2
24 105 4
24 106 18
24 107 4
24 108 16
24 109 4
24 110 20
24 111 9
24 112 4
24 113 6
24 114 2
24 115 5
24 116 11
24 117 10
24 118 14
24 119 17
25 25 0
25 26 0
25 27 0
25 28 0
25 29 0
25 30 0
25 31 2
25 32 12
25 33 9
25 34 2
25 35 10
25 36 3
25 37 18
25 38 8
25 39 8
25 40 7
25 41 17
25 42 16
25 43 3
25 44 20
25 45 15
25 46 7
25 47 7
25 48 3
25 49 12
25 50 12
25 51 19
25 52 18
25 53 7
25 54 9
25 55 5
25 56 1
25 57 10
25 58 2
25 59 7
25 60 20
25 61 18
25 62 13
25 63 13
25 64 17
25 65 17
25 66 20
25 67 8
25 68 18
25 69 11
25 70 13
25 71 7
25 72 13
25 73 19
25 74 8
25 75 8
25 76 5
25 77 14
25 78 2
25 79 16
25 80 20
25 81 7
25 82 18
25 83 11
25 84 13
25 85 5
25 86 18
25 87 5
25 88 8
25 89 13
25 90 17
25 91 16
25 92 4
25 93 17
25 94 5
25 95 8
25 96 18
25 97 17
25 98 12
25 99 3
25 100 1
25 101 11
25 102 7
25 103 17
25 104 14
25 105 4
25 106 20
25 107 6
25 108 9
25 109 10
25 110 17
25 111 20
25 112 8
25 113 19
25 114 20
25 115 8
25 116 11
25 117 2
25 118 13
25 119 1
26 26 0
26 27 0
26 28 0
26 29 0
26 30 0
26 31 4
26 32 16
26 33 11
26 34 6
26 35 10
26 36 6
26 37 11
26 38 13
26 39 12
26 40 2
26 41 14
26 42 16
26 43 5
26 44 10
26 45 5
26 46 20
26 47 17
26 48 1
26 49 3
26 50 8
26 51 4
26 52 11
26 53 1
26 54 17
26 55 10
26 56 16
26 57 12
26 58 9
26 59 18
26 60 18
26 61 17
26 62 7
26 63 6
26 64 9
26 65 15
26 66 5
26 67 19
26 68 18
26 69 16
26 70 11
26 71 11
26 72 11
26 73 2
26 74 14
26 75 7
26 76 14
26 77 5
26 78 7
26 79 15
26 80 1
26 81 5
26 82 13
26 83 7
26 84 14
26 85 19
26 86 7
26 87 5
26 88 1
26 89 9
26 90 18
26 91 9
26 92 15
26 93 12
26 94 18
26 95 2
26 96 12
26 97 17
26 98 18
26 99 13
26 100 6
26 101 7
26 102 3
26 103 2
26 104 19
26 105 15
26 106 7
26 107 1
26 108 16
26 109 11
26 110 14
26 111 2
26 112 4
26 113 16
26 114 4
26 115 20
26 116 2
26 117 18
26 118 12
26 119 1
27 27 0
27 28 0
27 29 0
27 30 0
27 31 1
27 32 19
27 33 4
27 34 4
27 35 19
27 36 10
27 37 19
27 38 9
27 39 17
27 40 15
27 41 3
27 42 17
27 43 16
27 44 7
27 45 17
27 46 15
27 47 4
27 48 9
27 49 2
27 50 19
27 51 10
27 52 14
27 53 9
27 54 19
27 55 13
27 56 10
27 57 6
27 58 1
27 59 7
27 60 13
27 61 17
27 62 4
27 63 17
27 64 20
27 65 5
27 66 9
27 67 14
27 68 12
27 69 3
27 70 7
27 71 17
27 72 7
27 73 10
27 74 5
27 75 20
27 76 5
27 77 13
27 78 2
27 79 6
27 80 7
27 81 14
27 82 20
27 83 9
27 84 15
27 85 13
27 86 9
27 87 8
27 88 9
27 89 6
27 90 19
27 91 10
27 92 16
27 93 12
27 94 6
27 95 6
27 96 1
27 97 9
27 98 11
27 99 9
27 100 9
27 101 14
27 102 4
27 103 9
27 104 14
27 105 16
27 106 2
27 107 19
27 108 5
27 109 14
27 110 2
27 111 13
27 112 16
27 113 4
27 114 19
27 115 20
27 116 9
27 117 13
27 118 9
27 119 6
28 28 0
28 29 0
28 30 0
28 31 14
28 32 15
28 33 14
28 34 1
28 35 4
28 36 15
28 37 5
28 38 7
28 39 12
28 40 9
28 41 16
28 42 20
28 43 6
28 44 9
28 45 18
28 46 13
28 47 9
28 48 9
28 49 18
28 50 12
28 51 5
28 52 7
28 53 12
28 54 14
28 55 2
28 56 7
28 57 16
28 58 12
28 59 16
28 60 9
28 61 8
28 62 7
28 63 19
28 64 5
28 65 13
28 66 2
28 67 1
28 68 17
28 69 14
28 70 19
28 71 3
28 72 20
28 73 2
28 74 5
28 75 12
28 76 20
28 77 9
28 78 7
28 79 10
28 80 18
28 81 3
28 82 14
28 83 11
28 84 18
28 85 7
28 86 11
28 87 16
28 88 14
28 89 17
28 90 12
28 91 7
28 92 18
28 93 14
28 94 13
28 95 8
28 96 19
28 97 17
28 98 12
28 99 18
28 100 3
28 101 7
28 102 2
28 103 6
28 104 13
28 105 13
28 106 7
28 107 3
28 108 4
28 109 2
28 110 17
28 111 7
28 112 9
28 113 4
28 114 17
28 115 19
28 116 14
28 117 11
28 118 19
28 119 7
29 29 0
29 30 0
29 31 5
29 32 13
29 33 10
29 34 17
29 35 2
29 36 14
29 37 19
29 38 2
29 39 16
29 40 13
29 41 1
29 42 10
29 43 18
29 44 2
29 45 2
29 46 20
29 47 13
29 48 12
29 49 9
29 50 11
29 51 12
29 52 19
29 53 3
29 54 11
29 55 14
29 56 2
29 57 20
29 58 1
29 59 5
29 60 12
29 61 10
29 62 10
29 63 12
29 64 15
29 65 3
29 66 7
29 67 16
29 68 15
29 69 1
29 70 19
29 71 16
29 72 5
29 73 6
29 74 12
29 75 7
29 76 18
29 77 9
29 78 20
29 79 2
29 80 8
29 81 3
29 82 8
29 83 13
29 84 6
29 85 12
29 86 9
29 87 20
29 88 6
29 89 19
29 90 13
29 91 17
29 92 16
29 93 19
29 94 6
29 95 3
29 96 9
29 97 17
29 98 6
29 99 16
29 100 20
29 101 1
29 102 19
29 103 2
29 104 13
29 105 7
29 106 9
29 107 20
29 108 15
29 109 3
29 110 11
29 111 6
29 112 2
29 113 20
29 114 18
29 115 3
29 116 20
29 117 10
29 118 19
29 119 17
30 30 0
30 31 12
30 32 10
30 33 18
30 34 8
30 35 12
30 36 1
30 37 12
30 38 6
30 39 18
30 40 9
30 41 17
30 42 3
30 43 14
30 44 15
30 45 18
30 46 10
30 47 4
30 48 20
30 49 12
30 50 11
30 51 4
30 52 17
30 53 3
30 54 19
30 55 3
30 56 20
30 57 20
30 58 9
30 59 3
30 60 19
30 61 9
30 62 13
30 63 8
30 64 11
30 65 12
30 66 13
30 67 6
30 68 17
30 69 19
30 70 16
30 71 11
30 72 12
30 73 3
30 74 1
30 75 5
30 76 11
30 77 6
30 78 6
30 79 19
30 80 3
30 81 9
30 82 6
30 83 2
30 84 16
30 85 11
30 86 14
30 87 7
30 88 7
30 89 20
30 90 3
30 91 6
30 92 4
30 93 12
30 94 9
30 95 10
30 96 10
30 97 3
30 98 14
30 99 13
30 100 5
30 101 9
30 102 7
30 103 14
30 104 20
30 105 14
30 106 4
30 107 14
30 108 1
30 109 7
30 110 14
30 111 7
30 112 12
30 113 12
30 114 12
30 115 13
30 116 1
30 117 17
30 118 3
30 119 10
31 31 0
31 32 0
31 33 0
31 34 0
31 35 0
31 36 0
31 37 0
31 38 0
31 39 15
31 40 15
31 41 20
31 42 5
31 43 14
31 44 9
31 45 9
31 46 11
31 47 6
31 48 14
31 49 3
31 50 19
31 51 16
31 52 14
31 53 18
31 54 15
31 55 1
31 56 20
31 57 9
31 58 10
31 59 13
31 60 4
31 61 4
31 62 16
31 63 18
31 64 15
31 65 14
31 66 7
31 67 4
31 68 3
31 69 9
31 70 15
31 71 9
31 72 16
31 73 2
31 74 18
31 75 4
31 76 14
31 77 1
31 78 19
31 79 17
31 80 5
31 81 15
31 82 6
31 83 11
31 84 11
31 85 3
31 86 15
31 87 13
31 88 6
31 89 20
31 90 15
31 91 4
31 92 20
31 93 5
31 94 20
31 95 13
31 96 4
31 97 8
31 98 15
31 99 6
31 100 7
31 101 7
31 102 6
31 103 3
31 104 13
31 105 5
31 106 14
31 107 19
31 108 15
31 109 18
31 110 2
31 111 20
31 112 8
31 113 16
31 114 13
31 115 11
31 116 13
31 117 17
31 118 7
31 119 9
32 32 0
32 33 0
32 34 0
32 35 0
32 36 0
32 37 0
32 38 0
32 39 9
32 40 7
32 41 15
32 42 20
32 43 14
32 44 1
32 45 7
32 46 1
32 47 12
32 48 10
32 49 19
32 50 3
32 51 13
32 52 9
32 53 2
32 54 3
32 55 11
32 56 3
32 57 14
32 58 1
32 59 14
32 60 19
32 61 5
32 62 7
32 63 13
32 64 6
32 65 10
32 66 7
32 67 20
32 68 18
32 69 9
32 70 15
32 71 14
32 72 19
32 73 19
32 74 5
32 75 20
32 76 5
32 77 12
32 78 8
32 79 7
32 80 12
32 81 13
32 82 16
32 83 20
32 84 15
32 85 8
32 86 15
32 87 20
32 88 9
32 89 10
32 90 14
32 91 14
32 92 13
32 93 17
32 94 1
32 95 18
32 96 15
32 97 14
32 98 16
32 99 11
32 100 14
32 101 18
32 102 10
32 103 6
32 104 13
32 105 2
32 106 8
32 107 1
32 108 11
32 109 6
32 110 9
32 111 20
32 112 20
32 113 15
32 114 4
32 115 9
32 116 13
32 117 6
32 118 7
32 119 4
33 33 0
33 34 0
33 35 0
33 36 0
33 37 0
33 38 0
33 39 1
33 40 14
33 41 5
33 42 15
33 43 17
33 44 9
33 45 11
33 46 6
33 47 17
33 48 12
33 49 6
33 50 9
33 51 14
33 52 18
33 53 6
33 54 19
33 55 9
33 56 17
33 57 20
33 58 14
33 59 16
33 60 16
33 61 7
33 62 6
33 63 17
33 64 14
33 65 20
33 66 12
33 67 9
33 68 4
33 69 20
33 70 16
33 71 19
33 72 18
33 73 1
33 74 12
33 75 20
33 76 8
33 77 7
33 78 12
33 79 18
33 80 17
33 81 3
33 82 16
33 83 3
33 84 9
33 85 8
33 86 7
33 87 14
33 88 15
33 89 10
33 90 9
33 91 19
33 92 7
33 93 17
33 94 3
33 95 7
33 96 16
33 97 2
33 98 7
33 99 12
33 100 20
33 101 11
33 102 5
33 103 16
33 104 19
33 105 8
33 106 4
33 107 18
33 108 17
33 109 2
33 110 20
33 111 4
33 112 12
33 113 3
33 114 4
33 115 19
33 116 8
33 117 13
33 118 1
33 119 1
34 34 0
34 35 0
34 36 0
34 37 0
34 38 0
34 39 11
34 40 11
34 41 14
34 42 16
34 43 16
34 44 1
34 45 19
34 46 17
34 47 11
34 48 5
34 49 17
34 50 9
34 51 17
34 52 3
34 53 19
34 54 12
34 55 14
34 56 19
34 57 16
34 58 1
34 59 2
34 60 14
34 61 19
34 62 8
34 63 11
34 64 16
34 65 1
34 66 6
34 67 9
34 68 9
34 69 18
34 70 1
34 71 18
34 72 3
34 73 5
34 74 13
34 75 11
34 76 1
34 77 6
34 78 14
34 79 19
34 80 1
34 81 7
34 82 17
34 83 11
34 84 10
34 85 16
34 86 3
34 87 11
34 88 18
34 89 8
34 90 15
34 91 18
34 92 14
34 93 8
34 94 10
34 95 16
34 96 5
34 97 3
34 98 3
34 99 17
34 100 12
34 101 2
34 102 2
34 103 9
34 104 16
34 105 19
34 106 14
34 107 14
34 108 11
34 109 8
34 110 16
34 111 1
34 112 8
34 113 16
34 114 9
34 115 20
34 116 5
34 117 13
34 118 1
34 119 2
35 35 0
35 36 0
35 37 0
35 38 0
35 39 13
35 40 16
35 41 13
35 42 2
35 43 17
35 44 13
35 45 19
35 46 6
35 47 13
35 48 11
35 49 7
35 50 13
35 51 7
35 52 5
35 53 11
35 54 10
35 55 17
35 56 3
35 57 14
35 58 2
35 59 1
35 60 18
35 61 13
35 62 11
35 63 7
35 64 17
35 65 1
35 66 17
35 67 14
35 68 3
35 69 5
35 70 8
35 71 16
35 72 6
35 73 9
35 74 1
35 75 2
35 76 8
35 77 18
35 78 6
35 79 7
35 80 7
35 81 15
35 82 9
35 83 2
35 84 15
35 85 7
35 86 17
35 87 18
35 88 16
35 89 7
35 90 9
35 91 19
35 92 4
35 93 9
35 94 6
35 95 19
35 96 11
35 97 7
35 98 12
35 99 2
35 100 18
35 101 8
35 102 13
35 103 1
35 104 19
35 105 16
35 106 2
35 107 14
35 108 4
35 109 1
35 110 4
35 111 6
35 112 11
35 113 9
35 114 4
35 115 10
35 116 5
35 117 17
35 118 1
35 119 16
36 36 0
36 37 0
36 38 0
36 39 15
36 40 19
36 41 20
36 42 7
36 43 5
36 44 16
36 45 10
36 46 14
36 47 20
36 48 10
36 49 20
36 50 16
36 51 5
36 52 5
36 53 17
36 54 2
36 55 12
36 56 10
36 57 10
36 58 11
36 59 16
36 60 2
36 61 9
36 62 14
36 63 17
36 64 10
36 65 4
36 66 10
36 67 2
36 68 3
36 69 1
36 70 12
36 71 18
36 72 19
36 73 14
36 74 14
36 75 8
36 76 17
36 77 6
36 78 5
36 79 4
36 80 13
36 81 4
36 82 14
36 83 8
36 84 5
36 85 13
36 86 6
36 87 18
36 88 3
36 89 15
36 90 12
36 91 17
36 92 8
36 93 1
36 94 6
36 95 19
36 96 20
36 97 9
36 98 2
36 99 17
36 100 7
36 101 3
36 102 3
36 103 16
36 104 2
36 105 11
36 106 16
36 107 19
36 108 13
36 109 3
36 110 11
36 111 15
36 112 3
36 113 7
36 114 16
36 115 5
36 116 2
36 117 11
36 118 17
36 119 3
37 37 0
37 38 0
37 39 18
37 40 20
37 41 2
37 42 17
37 43 8
37 44 8
37 45 11
37 46 14
37 47 1
37 48 3
37 49 10
37 50 5
37 51 13
37 52 12
37 53 12
37 54 15
37 55 8
37 56 14
37 57 14
37 58 18
37 59 19
37 60 15
37 61 1
37 62 16
37 63 8
37 64 10
37 65 3
37 66 20
37 67 19
37 68 1
37 69 17
37 70 12
37 71 3
37 72 17
37 73 2
37 74 10
37 75 8
37 76 11
37 77 4
37 78 17
37 79 16
37 80 3
37 81 14
37 82 11
37 83 2
37 84 9
37 85 18
37 86 16
37 87 15
37 88 11
37 89 18
37 90 11
37 91 6
37 92 9
37 93 9
37 94 2
37 95 14
37 96 20
37 97 2
37 98 4
37 99 10
37 100 12
37 101 20
37 102 18
37 103 10
37 104 15
37 105 9
37 106 17
37 107 18
37 108 7
37 109 6
37 110 13
37 111 2
37 112 1
37 113 19
37 114 3
37 115 9
37 116 9
37 117 2
37 118 4
37 119 5
38 38 0
38 39 17
38 40 3
38 41 10
38 42 20
38 43 6
38 44 16
38 45 3
38 46 4
38 47 3
38 48 17
38 49 7
38 50 8
38 51 2
38 52 13
38 53 18
38 54 13
38 55 6
38 56 19
38 57 16
38 58 20
38 59 8
38 60 8
38 61 16
38 62 17
38 63 3
38 64 19
38 65 1
38 66 12
38 67 9
38 68 11
38 69 14
38 70 15
38 71 1
38 72 15
38 73 11
38 74 9
38 75 9
38 76 2
38 77 2
38 78 19
38 79 13
38 80 8
38 81 12
38 82 5
38 83 17
38 84 20
38 85 3
38 86 11
38 87 9
38 88 6
38 89 5
38 90 3
38 91 11
38 92 9
38 93 10
38 94 10
38 95 16
38 96 2
38 97 5
38 98 13
38 99 3
38 100 18
38 101 2
38 102 3
38 103 2
38 104 12
38 105 9
38 106 7
38 107 3
38 108 3
38 109 17
38 110 7
38 111 15
38 112 10
38 113 15
38 114 6
38 115 3
38 116 20
38 117 5
38 118 1
38 119 19
39 39 0
39 40 0
39 41 0
39 42 0
39 43 0
39 44 0
39 45 7
39 46 15
39 47 17
39 48 10
39 49 17
39 50 20
39 51 1
39 52 5
39 53 4
39 54 5
39 55 10
39 56 5
39 57 2
39 58 2
39 59 18
39 60 7
39 61 15
39 62 16
39 63 9
39 64 12
39 65 8
39 66 1
39 67 9
39 68 7
39 69 19
39 70 6
39 71 20
39 72 6
39 73 14
39 74 3
39 75 18
39 76 8
39 77 2
39 78 10
39 79 5
39 80 14
39 81 2
39 82 6
39 83 5
39 84 2
39 85 12
39 86 4
39 87 2
39 88 9
39 89 13
39 90 20
39 91 18
39 92 12
39 93 15
39 94 7
39 95 18
39 96 2
39 97 1
39 98 4
39 99 20
39 100 1
39 101 14
39 102 3
39 103 16
39 104 5
39 105 10
39 106 13
39 107 5
39 108 4
39 109 10
39 110 14
39 111 5
39 112 19
39 113 13
39 114 20
39 115 17
39 116 16
39 117 8
39 118 4
39 119 2
40 40 0
40 41 0
40 42 0
40 43 0
40 44 0
40 45 18
40 46 17
40 47 5
40 48 8
40 49 11
40 50 8
40 51 16
40 52 17
40 53 10
40 54 16
40 55 13
40 56 14
40 57 11
40 58 8
40 59 13
40 60 10
40 61 19
40 62 7
40 63 16
40 64 4
40 65 6
40 66 5
40 67 7
40 68 1
40 69 6
40 70 12
40 71 15
40 72 8
40 73 12
40 74 14
40 75 7
40 76 18
40 77 3
40 78 6
40 79 19
40 80 18
40 81 12
40 82 17
40 83 16
40 84 7
40 85 4
40 86 13
40 87 20
40 88 8
40 89 10
40 90 4
40 91 6
40 92 7
40 93 11
40 94 2
40 95 14
40 96 10
40 97 2
40 98 12
40 99 5
40 100 8
40 101 15
40 102 12
40 103 19
40 104 17
40 105 14
40 106 2
40 107 2
40 108 18
40 109 8
40 110 6
40 111 20
40 112 13
40 113 16
40 114 8
40 115 15
40 116 16
40 117 16
40 118 4
40 119 12
41 41 0
41 42 0
41 43 0
41 44 0
41 45 5
41 46 16
41 47 6
41 48 16
41 49 9
41 50 10
41 51 18
41 52 17
41 53 1
41 54 16
41 55 19
41 56 16
41 57 14
41 58 4
41 59 15
41 60 8
41 61 13
41 62 5
41 63 15
41 64 3
41 65 20
41 66 2
41 67 15
41 68 15
41 69 17
41 70 7
41 71 7
41 72 12
41 73 10
41 74 17
41 75 1
41 76 8
41 77 16
41 78 19
41 79 3
41 80 7
41 81 5
41 82 20
41 83 10
41 84 18
41 85 17
41 86 6
41 87 13
41 88 18
41 89 5
41 90 20
41 91 8
41 92 5
41 93 6
41 94 17
41 95 2
41 96 14
41 97 6
41 98 4
41 99 14
41 100 8
41 101 19
41 102 2
41 103 20
41 104 10
41 105 14
41 106 5
41 107 3
41 108 1
41 109 10
41 110 6
41 111 7
41 112 13
41 113 2
41 114 13
41 115 4
41 116 8
41 117 16
41 118 18
41 119 6
42 42 0
42 43 0
42 44 0
42 45 20
42 46 9
42 47 10
42 48 3
42 49 14
42 50 1
42 51 9
42 52 14
42 53 18
42 54 2
42 55 20
42 56 19
42 57 8
42 58 10
42 59 9
42 60 4
42 61 8
42 62 19
42 63 3
42 64 17
42 65 7
42 66 14
42 67 18
42 68 9
42 69 5
42 70 5
42 71 6
42 72 11
42 73 3
42 74 1
42 75 1
42 76 11
42 77 6
42 78 17
42 79 7
42 80 14
42 81 6
42 82 10
42 83 20
42 84 2
42 85 10
42 86 5
42 87 17
42 88 10
42 89 15
42 90 2
42 91 16
42 92 6
42 93 8
42 94 5
42 95 2
42 96 14
42 97 9
42 98 20
42 99 14
42 100 18
42 101 2
42 102 8
42 103 14
42 104 9
42 105 9
42 106 2
42 107 4
42 108 18
42 109 17
42 110 20
42 111 2
42 112 7
42 113 6
42 114 14
42 115 19
42 116 6
42 117 1
42 118 2
42 119 15
43 43 0
43 44 0
43 45 12
43 46 11
43 47 15
43 48 14
43 49 10
43 50 15
43 51 6
43 52 17
43 53 16
43 54 11
43 55 2
43 56 14
43 57 9
43 58 3
43 59 17
43 60 18
43 61 5
43 62 20
43 63 4
43 64 4
43 65 2
43 66 4
43 67 19
43 68 19
43 69 8
43 70 20
43 71 9
43 72 12
43 73 11
43 74 8
43 75 13
43 76 20
43 77 13
43 78 3
43 79 16
43 80 3
43 81 14
43 82 3
43 83 17
43 84 16
43 85 9
43 86 1
43 87 13
43 88 14
43 89 15
43 90 17
43 91 9
43 92 12
43 93 2
43 94 12
43 95 8
43 96 9
43 97 10
43 98 11
43 99 10
43 100 4
43 101 17
43 102 8
43 103 2
43 104 20
43 105 5
43 106 10
43 107 3
43 108 5
43 109 18
43 110 1
43 111 3
43 112 18
43 113 10
43 114 13
43 115 20
43 116 12
43 117 4
43 118 2
43 119 9
44 44 0
44 45 18
44 46 13
44 47 8
44 48 19
44 49 16
44 50 3
44 51 9
44 52 18
44 53 4
44 54 8
44 55 6
44 56 1
44 57 2
44 58 8
44 59 18
44 60 19
44 61 16
44 62 14
44 63 15
44 64 9
44 65 3
44 66 1
44 67 4
44 68 14
44 69 20
44 70 8
44 71 15
44 72 16
44 73 4
44 74 5
44 75 11
44 76 6
44 77 1
44 78 19
44 79 12
44 80 15
44 81 10
44 82 7
44 83 1
44 84 13
44 85 19
44 86 13
44 87 11
44 88 3
44 89 14
44 90 7
44 91 1
44 92 10
44 93 13
44 94 4
44 95 14
44 96 18
44 97 14
44 98 3
44 99 20
44 100 12
44 101 7
44 102 14
44 103 14
44 104 10
44 105 3
44 106 1
44 107 6
44 108 10
44 109 13
44 110 4
44 111 19
44 112 14
44 113 14
44 114 7
44 115 7
44 116 20
44 117 4
44 118 6
44 119 15
45 45 0
45 46 0
45 47 0
45 48 0
45 49 0
45 50 0
45 51 0
45 52 9
45 53 5
45 54 6
45 55 7
45 56 16
45 57 16
45 58 8
45 59 20
45 60 20
45 61 8
45 62 8
45 63 10
45 64 17
45 65 13
45 66 19
45 67 3
45 68 20
45 69 12
45 70 3
45 71 17
45 72 18
45 73 15
45 74 1
45 75 9
45 76 2
45 77 11
45 78 2
45 79 20
45 80 3
45 81 6
45 82 10
45 83 13
45 84 12
45 85 20
45 86 13
45 87 11
45 88 8
45 89 9
45 90 14
45 91 9
45 92 9
45 93 1
45 94 9
45 95 12
45 96 4
45 97 14
45 98 3
45 99 11
45 100 10
45 101 6
45 102 7
45 103 2
45 104 2
45 105 4
45 106 16
45 107 1
45 108 14
45 109 10
45 110 11
45 111 14
45 112 17
45 113 16
45 114 7
45 115 7
45 116 16
45 117 2
45 118 11
45 119 16
46 46 0
46 47 0
46 48 0
46 49 0
46 50 0
46 51 0
46 52 17
46 53 7
46 54 11
46 55 11
46 56 2
46 57 1
46 58 4
46 59 19
46 60 13
46 61 9
46 62 18
46 63 16
46 64 18
46 65 1
46 66 12
46 67 14
46 68 16
46 69 14
46 70 1
46 71 2
46 72 12
46 73 15
46 74 17
46 75 16
46 76 18
46 77 10
46 78 9
46 79 17
46 80 6
46 81 7
46 82 1
46 83 18
46 84 15
46 85 19
46 86 7
46 87 3
46 88 15
46 89 20
46 90 20
46 91 6
46 92 18
46 93 15
46 94 8
46 95 17
46 96 7
46 97 17
46 98 18
46 99 1
46 100 1
46 101 20
46 102 1
46 103 3
46 104 10
46 105 19
46 106 15
46 107 12
46 108 16
46 109 4
46 110 1
46 111 16
46 112 14
46 113 16
46 114 7
46 115 4
46 116 15
46 117 7
46 118 8
46 119 1
47 47 0
47 48 0
47 49 0
47 50 0
47 51 0
47 52 19
47 53 8
47 54 20
47 55 6
47 56 3
47 57 10
47 58 20
47 59 17
47 60 14
47 61 11
47 62 4
47 63 10
47 64 4
47 65 9
47 66 4
47 67 18
47 68 12
47 69 20
47 70 20
47 71 11
47 72 3
47 73 14
47 74 20
47 75 8
47 76 13
47 77 1
47 78 6
47 79 5
47 80 6
47 81 4
47 82 4
47 83 14
47 84 1
47 85 7
47 86 19
47 87 3
47 88 12
47 89 17
47 90 13
47 91 14
47 92 12
47 93 16
47 94 9
47 95 11
47 96 9
47 97 15
47 98 8
47 99 20
47 100 20
47 101 15
47 102 12
47 103 16
47 104 15
47 105 14
47 106 17
47 107 9
47 108 18
47 109 9
47 110 14
47 111 3
47 112 11
47 113 18
47 114 20
47 115 3
47 116 14
47 117 13
47 118 13
47 119 1
48 48 0
48 49 0
48 50 0
48 51 0
48 52 14
48 53 15
48 54 18
48 55 9
48 56 18
48 57 8
48 58 3
48 59 12
48 60 3
48 61 10
48 62 10
48 63 11
48 64 10
48 65 2
48 66 14
48 67 8
48 68 2
48 69 3
48 70 15
48 71 9
48 72 1
48 73 11
48 74 12
48 75 8
48 76 16
48 77 9
48 78 3
48 79 3
48 80 16
48 81 16
48 82 20
48 83 15
48 84 17
48 85 6
48 86 5
48 87 17
48 88 9
48 89 16
48 90 20
48 91 16
48 92 19
48 93 9
48 94 14
48 95 2
48 96 20
48 97 19
48 98 7
48 99 3
48 100 16
48 101 20
48 102 11
48 103 2
48 104 8
48 105 5
48 106 3
48 107 2
48 108 17
48 109 11
48 110 16
48 111 5
48 112 10
48 113 13
48 114 6
48 115 4
48 116 19
48 117 10
48 118 15
48 119 16
49 49 0
49 50 0
49 51 0
49 52 15
49 53 12
49 54 17
49 55 6
49 56 16
49 57 5
49 58 2
49 59 9
49 60 15
49 61 9
49 62 17
49 63 13
49 64 7
49 65 16
49 66 14
49 67 5
49 68 2
49 69 2
49 70 4
49 71 14
49 72 2
49 73 20
49 74 7
49 75 3
49 76 9
49 77 3
49 78 11
49 79 7
49 80 18
49 81 3
49 82 2
49 83 16
49 84 11
49 85 4
49 86 1
49 87 2
49 88 18
49 89 20
49 90 5
49 91 11
49 92 5
49 93 13
49 94 10
49 95 8
49 96 3
49 97 11
49 98 3
49 99 17
49 100 20
49 101 19
49 102 4
49 103 5
49 104 6
49 105 10
49 106 7
49 107 10
49 108 3
49 109 11
49 110 7
49 111 12
49 112 13
49 113 1
49 114 5
49 115 2
49 116 8
49 117 6
49 118 20
49 119 7
50 50 0
50 51 0
50 52 14
50 53 8
50 54 1
50 55 20
50 56 3
50 57 1
50 58 2
50 59 12
50 60 15
50 61 16
50 62 12
50 63 8
50 64 9
50 65 1
50 66 19
50 67 2
50 68 17
50 69 8
50 70 8
50 71 5
50 72 19
50 73 13
50 74 15
50 75 12
50 76 6
50 77 2
50 78 8
50 79 20
50 80 8
50 81 14
50 82 9
50 83 9
50 84 11
50 85 12
50 86 2
50 87 15
50 88 14
50 89 4
50 90 15
50 91 8
50 92 12
50 93 8
50 94 9
50 95 8
50 96 7
50 97 20
50 98 3
50 99 2
50 100 16
50 101 7
50 102 3
50 103 13
50 104 10
50 105 6
50 106 13
50 107 20
50 108 20
50 109 2
50 110 4
50 111 6
50 112 6
50 113 19
50 114 13
50 115 12
50 116 4
50 117 19
50 118 13
50 119 2
51 51 0
51 52 13
51 53 13
51 54 3
51 55 19
51 56 20
51 57 4
51 58 2
51 59 1
51 60 11
51 61 17
51 62 20
51 63 11
51 64 1
51 65 13
51 66 5
51 67 12
51 68 16
51 69 4
51 70 10
51 71 1
51 72 9
51 73 20
51 74 13
51 75 20
51 76 14
51 77 20
51 78 17
51 79 9
51 80 18
51 81 17
51 82 4
51 83 6
51 84 17
51 85 11
51 86 9
51 87 1
51 88 20
51 89 10
51 90 15
51 91 18
51 92 19
51 93 13
51 94 7
51 95 1
51 96 3
51 97 4
51 98 13
51 99 8
51 100 18
51 101 11
51 102 11
51 103 13
51 104 15
51 105 9
51 106 12
51 107 7
51 108 3
51 109 18
51 110 9
51 111 8
51 112 18
51 113 16
51 114 5
51 115 11
51 116 1
51 117 19
51 118 4
51 119 18
52 52 0
52 53 0
52 54 0
52 55 0
52 56 11
52 57 19
52 58 6
52 59 6
52 60 6
52 61 7
52 62 1
52 63 20
52 64 6
52 65 7
52 66 13
52 67 7
52 68 16
52 69 4
52 70 19
52 71 15
52 72 6
52 73 6
52 74 3
52 75 4
52 76 11
52 77 16
52 78 15
52 79 18
52 80 4
52 81 15
52 82 19
52 83 2
52 84 2
52 85 18
52 86 2
52 87 5
52 88 8
52 89 10
52 90 16
52 91 5
52 92 11
52 93 19
52 94 12
52 95 11
52 96 13
52 97 1
52 98 14
52 99 13
52 100 7
52 101 14
52 102 2
52 103 4
52 104 15
52 105 9
52 106 18
52 107 2
52 108 20
52 109 5
52 110 7
52 111 3
52 112 13
52 113 16
52 114 2
52 115 15
52 116 19
52 117 17
52 118 18
52 119 9
53 53 0
53 54 0
53 55 0
53 56 15
53 57 19
53 58 5
53 59 1
53 60 13
53 61 1
53 62 12
53 63 15
53 64 13
53 65 1
53 66 3
53 67 11
53 68 20
53 69 6
53 70 3
53 71 10
53 72 14
53 73 17
53 74 7
53 75 9
53 76 5
53 77 19
53 78 1
53 79 19
53 80 15
53 81 15
53 82 10
53 83 16
53 84 13
53 85 17
53 86 8
53 87 12
53 88 20
53 89 2
53 90 13
53 91 2
53 92 14
53 93 3
53 94 20
53 95 13
53 96 20
53 97 19
53 98 6
53 99 18
53 100 9
53 101 1
53 102 10
53 103 5
53 104 10
53 105 10
53 106 10
53 107 13
53 108 16
53 109 2
53 110 16
53 111 2
53 112 12
53 113 16
53 114 14
53 115 4
53 116 1
53 117 16
53 118 11
53 119 2
54 54 0
54 55 0
54 56 9
54 57 19
54 58 7
54 59 15
54 60 16
54 61 10
54 62 20
54 63 12
54 64 20
54 65 17
54 66 10
54 67 9
54 68 17
54 69 17
54 70 19
54 71 20
54 72 17
54 73 1
54 74 16
54 75 3
54 76 18
54 77 16
54 78 9
54 79 9
54 80 13
54 81 19
54 82 10
54 83 14
54 84 17
54 85 1
54 86 7
54 87 12
54 88 1
54 89 15
54 90 18
54 91 14
54 92 13
54 93 2
54 94 20
54 95 5
54 96 9
54 97 9
54 98 16
54 99 3
54 100 2
54 101 10
54 102 5
54 103 16
54 104 20
54 105 1
54 106 5
54 107 7
54 108 7
54 109 11
54 110 8
54 111 2
54 112 2
54 113 4
54 114 7
54 115 14
54 116 9
54 117 10
54 118 9
54 119 2
55 55 0
55 56 8
55 57 5
55 58 19
55 59 6
55 60 2
55 61 6
55 62 19
55 63 9
55 64 19
55 65 2
55 66 16
55 67 8
55 68 7
55 69 17
55 70 19
55 71 1
55 72 15
55 73 15
55 74 14
55 75 15
55 76 10
55 77 18
55 78 2
55 79 11
55 80 18
55 81 19
55 82 7
55 83 20
55 84 1
55 85 7
55 86 19
55 87 1
55 88 9
55 89 3
55 90 16
55 91 15
55 92 3
55 93 1
55 94 13
55 95 14
55 96 20
55 97 18
55 98 20
55 99 8
55 100 13
55 101 20
55 102 7
55 103 6
55 104 5
55 105 2
55 106 8
55 107 11
55 108 6
55 109 1
55 110 1
55 111 12
55 112 3
55 113 19
55 114 6
55 115 13
55 116 11
55 117 8
55 118 16
55 119 8
56 56 0
56 57 0
56 58 0
56 59 0
56 60 0
56 61 8
56 62 11
56 63 6
56 64 16
56 65 9
56 66 13
56 67 16
56 68 9
56 69 13
56 70 11
56 71 2
56 72 20
56 73 16
56 74 8
56 75 12
56 76 2
56 77 20
56 78 14
56 79 2
56 80 19
56 81 20
56 82 7
56 83 9
56 84 18
56 85 2
56 86 13
56 87 11
56 88 18
56 89 19
56 90 4
56 91 19
56 92 3
56 93 15
56 94 11
56 95 9
56 96 13
56 97 3
56 98 14
56 99 16
56 100 10
56 101 19
56 102 3
56 103 19
56 104 13
56 105 13
56 106 19
56 107 4
56 108 6
56 109 7
56 110 2
56 111 17
56 112 16
56 113 6
56 114 11
56 115 10
56 116 10
56 117 9
56 118 2
56 119 8
57 57 0
57 58 0
57 59 0
57 60 0
57 61 7
57 62 7
57 63 7
57 64 20
57 65 11
57 66 7
57 67 2
57 68 1
57 69 15
57 70 7
57 71 14
57 72 13
57 73 15
57 74 8
57 75 5
57 76 2
57 77 8
57 78 8
57 79 19
57 80 20
57 81 6
57 82 2
57 83 20
57 84 18
57 85 5
57 86 13
57 87 19
57 88 15
57 89 3
57 90 14
57 91 18
57 92 16
57 93 5
57 94 7
57 95 5
57 96 11
57 97 15
57 98 13
57 99 15
57 100 2
57 101 18
57 102 16
57 103 11
57 104 5
57 105 20
57 106 6
57 107 1
57 108 11
57 109 4
57 110 12
57 111 20
57 112 9
57 113 15
57 114 9
57 115 8
57 116 20
57 117 3
57 118 10
57 119 5
58 58 0
58 59 0
58 60 0
58 61 9
58 62 15
58 63 19
58 64 6
58 65 10
58 66 8
58 67 6
58 68 7
58 69 2
58 70 19
58 71 15
58 72 5
58 73 1
58 74 12
58 75 11
58 76 12
58 77 7
58 78 20
58 79 15
58 80 5
58 81 11
58 82 14
58 83 15
58 84 9
58 85 17
58 86 18
58 87 4
58 88 19
58 89 5
58 90 16
58 91 2
58 92 15
58 93 17
58 94 20
58 95 10
58 96 9
58 97 2
58 98 19
58 99 16
58 100 13
58 101 19
58 102 5
58 103 8
58 104 16
58 105 15
58 106 1
58 107 2
58 108 6
58 109 7
58 110 7
58 111 18
58 112 9
58 113 2
58 114 10
58 115 13
58 116 9
58 117 12
58 118 14
58 119 7
59 59 0
59 60 0
59 61 8
59 62 12
59 63 4
59 64 4
59 65 7
59 66 14
59 67 3
59 68 13
59 69 17
59 70 16
59 71 13
59 72 5
59 73 11
59 74 19
59 75 1
59 76 18
59 77 20
59 78 16
59 79 6
59 80 19
59 81 2
59 82 1
59 83 7
59 84 7
59 85 11
59 86 1
59 87 3
59 88 9
59 89 20
59 90 18
59 91 17
59 92 16
59 93 20
59 94 8
59 95 13
59 96 17
59 97 20
59 98 12
59 99 6
59 100 10
59 101 2
59 102 16
59 103 20
59 104 4
59 105 3
59 106 15
59 107 8
59 108 14
59 109 4
59 110 13
59 111 12
59 112 4
59 113 7
59 114 20
59 115 2
59 116 1
59 117 20
59 118 14
59 119 11
60 60 0
60 61 6
60 62 17
60 63 12
60 64 14
60 65 18
60 66 10
60 67 2
60 68 1
60 69 10
60 70 16
60 71 1
60 72 4
60 73 6
60 74 12
60 75 6
60 76 9
60 77 15
60 78 4
60 79 14
60 80 16
60 81 8
60 82 1
60 83 14
60 84 20
60 85 16
60 86 17
60 87 12
60 88 14
60 89 19
60 90 14
60 91 17
60 92 4
60 93 2
60 94 16
60 95 2
60 96 9
60 97 18
60 98 1
60 99 15
60 100 9
60 101 18
60 102 17
60 103 17
60 104 4
60 105 7
60 106 13
60 107 20
60 108 15
60 109 2
60 110 5
60 111 14
60 112 11
60 113 10
60 114 17
60 115 7
60 116 4
60 117 9
60 118 4
60 119 18
61 61 0
61 62 0
61 63 0
61 64 0
61 65 0
61 66 0
61 67 0
61 68 0
61 69 0
61 70 0
61 71 20
61 72 4
61 73 8
61 74 2
61 75 18
61 76 8
61 77 15
61 78 6
61 79 12
61 80 1
61 81 15
61 82 20
61 83 11
61 84 9
61 85 10
61 86 1
61 87 17
61 88 12
61 89 12
61 90 1
61 91 13
61 92 16
61 93 5
61 94 14
61 95 20
61 96 8
61 97 15
61 98 20
61 99 19
61 100 11
61 101 12
61 102 8
61 103 10
61 104 11
61 105 4
61 106 2
61 107 1
61 108 9
61 109 11
61 110 17
61 111 18
61 112 18
61 113 15
61 114 15
61 115 8
61 116 12
61 117 5
61 118 14
61 119 16
62 62 0
62 63 0
62 64 0
62 65 0
62 66 0
62 67 0
62 68 0
62 69 0
62 70 0
62 71 19
62 72 19
62 73 12
62 74 12
62 75 18
62 76 4
62 77 18
62 78 6
62 79 11
62 80 13
62 81 16
62 82 17
62 83 9
62 84 10
62 85 12
62 86 5
62 87 9
62 88 19
62 89 2
62 90 9
62 91 9
62 92 6
62 93 19
62 94 1
62 95 10
62 96 8
62 97 6
62 98 8
62 99 3
62 100 18
62 101 18
62 102 7
62 103 2
62 104 20
62 105 1
62 106 5
62 107 18
62 108 16
62 109 18
62 110 10
62 111 5
62 112 5
62 113 8
62 114 18
62 115 1
62 116 19
62 117 6
62 118 16
62 119 5
63 63 0
63 64 0
63 65 0
63 66 0
63 67 0
63 68 0
63 69 0
63 70 0
63 71 1
63 72 18
63 73 14
63 74 2
63 75 8
63 76 16
63 77 6
63 78 19
63 79 10
63 80 1
63 81 8
63 82 3
63 83 17
63 84 5
63 85 14
63 86 11
63 87 4
63 88 6
63 89 15
63 90 19
63 91 3
63 92 17
63 93 14
63 94 2
63 95 19
63 96 11
63 97 15
63 98 2
63 99 3
63 100 18
63 101 14
63 102 12
63 103 19
63 104 15
63 105 20
63 106 18
63 107 11
63 108 8
63 109 6
63 110 19
63 111 8
63 112 14
63 113 19
63 114 4
63 115 3
63 116 18
63 117 4
63 118 11
63 119 11
64 64 0
64 65 0
64 66 0
64 67 0
64 68 0
64 69 0
64 70 0
64 71 7
64 72 18
64 73 9
64 74 15
64 75 2
64 76 19
64 77 13
64 78 9
64 79 1
64 80 8
64 81 8
64 82 17
64 83 7
64 84 11
64 85 17
64 86 1
64 87 20
64 88 15
64 89 13
64 90 17
64 91 2
64 92 6
64 93 1
64 94 13
64 95 18
64 96 16
64 97 18
64 98 17
64 99 8
64 100 2
64 101 6
64 102 1
64 103 14
64 104 16
64 105 10
64 106 16
64 107 16
64 108 7
64 109 14
64 110 1
64 111 3
64 112 11
64 113 2
64 114 7
64 115 16
64 116 7
64 117 9
64 118 2
64 119 5
65 65 0
65 66 0
65 67 0
65 68 0
65 69 0
65 70 0
65 71 9
65 72 4
65 73 19
65 74 18
65 75 20
65 76 14
65 77 4
65 78 14
65 79 5
65 80 20
65 81 2
65 82 8
65 83 14
65 84 2
65 85 13
65 86 4
65 87 9
65 88 14
65 89 10
65 90 12
65 91 12
65 92 19
65 93 3
65 94 5
65 95 10
65 96 15
65 97 5
65 98 9
65 99 9
65 100 19
65 101 15
65 102 12
65 103 17
65 104 2
65 105 20
65 106 15
65 107 19
65 108 7
65 109 2
65 110 9
65 111 15
65 112 9
65 113 18
65 114 9
65 115 1
65 116 18
65 117 10
65 118 3
65 119 16
66 66 0
66 67 0
66 68 0
66 69 0
66 70 0
66 71 11
66 72 6
66 73 20
66 74 10
66 75 9
66 76 11
66 77 17
66 78 15
66 79 8
66 80 2
66 81 2
66 82 2
66 83 13
66 84 11
66 85 5
66 86 19
66 87 14
66 88 1
66 89 15
66 90 1
66 91 11
66 92 3
66 93 10
66 94 8
66 95 10
66 96 18
66 97 1
66 98 7
66 99 3
66 100 20
66 101 11
66 102 7
66 103 18
66 104 9
66 105 4
66 106 17
66 107 20
66 108 4
66 109 13
66 110 2
66 111 8
66 112 13
66 113 20
66 114 12
66 115 8
66 116 4
66 117 2
66 118 20
66 119 15
67 67 0
67 68 0
67 69 0
67 70 0
67 71 4
67 72 14
67 73 4
67 74 11
67 75 20
67 76 12
67 77 1
67 78 14
67 79 4
67 80 9
67 81 12
67 82 13
67 83 17
67 84 18
67 85 14
67 86 3
67 87 2
67 88 14
67 89 3
67 90 13
67 91 4
67 92 10
67 93 14
67 94 14
67 95 7
67 96 17
67 97 6
67 98 5
67 99 4
67 100 2
67 101 12
67 102 4
67 103 20
67 104 17
67 105 2
67 106 7
67 107 17
67 108 6
67 109 3
67 110 15
67 111 4
67 112 7
67 113 10
67 114 19
67 115 3
67 116 6
67 117 12
67 118 2
67 119 12
68 68 0
68 69 0
68 70 0
68 71 14
68 72 5
68 73 4
68 74 7
68 75 10
68 76 7
68 77 12
68 78 15
68 79 6
68 80 15
68 81 7
68 82 20
68 83 6
68 84 2
68 85 7
68 86 3
68 87 3
68 88 3
68 89 20
68 90 20
68 91 6
68 92 19
68 93 6
68 94 18
68 95 19
68 96 13
68 97 20
68 98 2
68 99 10
68 100 15
68 101 4
68 102 20
68 103 4
68 104 12
68 105 12
68 106 19
68 107 18
68 108 6
68 109 20
68 110 2
68 111 19
68 112 7
68 113 19
68 114 16
68 115 17
68 116 19
68 117 19
68 118 14
68 119 13
69 69 0
69 70 0
69 71 4
69 72 10
69 73 15
69 74 2
69 75 8
69 76 15
69 77 14
69 78 20
69 79 7
69 80 14
69 81 6
69 82 13
69 83 3
69 84 20
69 85 1
69 86 2
69 87 16
69 88 7
69 89 18
69 90 7
69 91 19
69 92 17
69 93 16
69 94 9
69 95 17
69 96 17
69 97 7
69 98 4
69 99 12
69 100 3
69 101 8
69 102 5
69 103 4
69 104 10
69 105 20
69 106 16
69 107 2
69 108 18
69 109 6
69 110 17
69 111 15
69 112 13
69 113 11
69 114 2
69 115 14
69 116 9
69 117 15
69 118 8
69 119 12
70 70 0
70 71 18
70 72 10
70 73 11
70 74 5
70 75 12
70 76 20
70 77 16
70 78 4
70 79 7
70 80 1
70 81 7
70 82 5
70 83 17
70 84 18
70 85 11
70 86 10
70 87 3
70 88 3
70 89 2
70 90 5
70 91 8
70 92 10
70 93 16
70 94 4
70 95 9
70 96 10
70 97 16
70 98 5
70 99 17
70 100 5
70 101 5
70 102 5
70 103 19
70 104 11
70 105 6
70 106 7
70 107 7
70 108 12
70 109 11
70 110 7
70 111 20
70 112 8
70 113 4
70 114 4
70 115 10
70 116 9
70 117 13
70 118 5
70 119 12
71 71 0
71 72 0
71 73 0
71 74 0
71 75 0
71 76 0
71 77 0
71 78 0
71 79 0
71 80 0
71 81 14
71 82 15
71 83 9
71 84 7
71 85 13
71 86 2
71 87 20
71 88 6
71 89 18
71 90 9
71 91 14
71 92 15
71 93 12
71 94 14
71 95 12
71 96 20
71 97 18
71 98 4
71 99 18
71 100 1
71 101 6
71 102 19
71 103 3
71 104 17
71 105 9
71 106 2
71 107 19
71 108 9
71 109 8
71 110 20
71 111 12
71 112 2
71 113 12
71 114 6
71 115 16
71 116 19
71 117 13
71 118 10
71 119 16
72 72 0
72 73 0
72 74 0
72 75 0
72 76 0
72 77 0
72 78 0
72 79 0
72 80 0
72 81 7
72 82 18
72 83 15
72 84 14
72 85 9
72 86 11
72 87 20
72 88 7
72 89 5
72 90 8
72 91 20
72 92 17
72 93 10
72 94 2
72 95 7
72 96 19
72 97 5
72 98 3
72 99 1
72 100 14
72 101 15
72 102 13
72 103 13
72 104 18
72 105 2
72 106 4
72 107 18
72 108 2
72 109 7
72 110 13
72 111 16
72 112 5
72 113 6
72 114 3
72 115 5
72 116 3
72 117 18
72 118 4
72 119 19
73 73 0
73 74 0
73 75 0
73 76 0
73 77 0
73 78 0
73 79 0
73 80 0
73 81 8
73 82 13
73 83 15
73 84 13
73 85 11
73 86 13
73 87 6
73 88 8
73 89 13
73 90 5
73 91 9
73 92 17
73 93 4
73 94 5
73 95 8
73 96 16
73 97 14
73 98 3
73 99 15
73 100 3
73 101 1
73 102 16
73 103 17
73 104 2
73 105 11
73 106 12
73 107 18
73 108 3
73 109 12
73 110 12
73 111 11
73 112 6
73 113 5
73 114 13
73 115 19
73 116 6
73 117 9
73 118 6
73 119 13
74 74 0
74 75 0
74 76 0
74 77 0
74 78 0
74 79 0
74 80 0
74 81 2
74 82 12
74 83 12
74 84 1
74 85 2
74 86 14
74 87 1
74 88 18
74 89 4
74 90 12
74 91 8
74 92 13
74 93 1
74 94 17
74 95 8
74 96 13
74 97 14
74 98 3
74 99 8
74 100 16
74 101 3
74 102 12
74 103 2
74 104 7
74 105 12
74 106 11
74 107 14
74 108 11
74 109 3
74 110 13
74 111 1
74 112 16
74 113 10
74 114 3
74 115 5
74 116 3
74 117 9
74 118 15
74 119 13
75 75 0
75 76 0
75 77 0
75 78 0
75 79 0
75 80 0
75 81 20
75 82 3
75 83 16
75 84 5
75 85 18
75 86 13
75 87 6
75 88 13
75 89 17
75 90 12
75 91 2
75 92 8
75 93 15
75 94 1
75 95 16
75 96 10
75 97 6
75 98 20
75 99 16
75 100 1
75 101 13
75 102 8
75 103 4
75 104 20
75 105 6
75 106 5
75 107 19
75 108 18
75 109 17
75 110 2
75 111 4
75 112 9
75 113 3
75 114 11
75 115 13
75 116 13
75 117 13
75 118 7
75 119 9
76 76 0
76 77 0
76 78 0
76 79 0
76 80 0
76 81 2
76 82 10
76 83 14
76 84 17
76 85 2
76 86 5
76 87 9
76 88 5
76 89 19
76 90 13
76 91 15
76 92 19
76 93 4
76 94 19
76 95 17
76 96 5
76 97 20
76 98 1
76 99 18
76 100 3
76 101 9
76 102 9
76 103 14
76 104 1
76 105 4
76 106 12
76 107 8
76 108 7
76 109 20
76 110 7
76 111 13
76 112 1
76 113 8
76 114 9
76 115 5
76 116 10
76 117 17
76 118 13
76 119 13
77 77 0
77 78 0
77 79 0
77 80 0
77 81 16
77 82 15
77 83 12
77 84 6
77 85 17
77 86 12
77 87 3
77 88 8
77 89 16
77 90 15
77 91 1
77 92 7
77 93 14
77 94 13
77 95 5
77 96 19
77 97 2
77 98 15
77 99 6
77 100 12
77 101 14
77 102 10
77 103 5
77 104 12
77 105 10
77 106 9
77 107 5
77 108 2
77 109 5
77 110 11
77 111 8
77 112 12
77 113 13
77 114 20
77 115 13
77 116 3
77 117 15
77 118 11
77 119 9
78 78 0
78 79 0
78 80 0
78 81 5
78 82 16
78 83 1
78 84 18
78 85 2
78 86 3
78 87 5
78 88 7
78 89 3
78 90 20
78 91 3
78 92 11
78 93 8
78 94 13
78 95 11
78 96 18
78 97 13
78 98 10
78 99 19
78 100 14
78 101 8
78 102 7
78 103 14
78 104 16
78 105 13
78 106 8
78 107 11
78 108 1
78 109 8
78 110 4
78 111 6
78 112 6
78 113 9
78 114 18
78 115 19
78 116 9
78 117 20
78 118 9
78 119 3
79 79 0
79 80 0
79 81 16
79 82 8
79 83 7
79 84 4
79 85 19
79 86 2
79 87 10
79 88 4
79 89 16
79 90 8
79 91 14
79 92 20
79 93 11
79 94 8
79 95 6
79 96 15
79 97 19
79 98 14
79 99 14
79 100 14
79 101 8
79 102 11
79 103 11
79 104 13
79 105 20
79 106 17
79 107 5
79 108 9
79 109 20
79 110 15
79 111 11
79 112 9
79 113 9
79 114 5
79 115 9
79 116 13
79 117 18
79 118 4
79 119 7
80 80 0
80 81 2
80 82 1
80 83 10
80 84 18
80 85 16
80 86 11
80 87 20
80 88 4
80 89 18
80 90 12
80 91 14
80 92 7
80 93 17
80 94 19
80 95 14
80 96 11
80 97 4
80 98 2
80 99 9
80 100 17
80 101 13
80 102 12
80 103 2
80 104 17
80 105 20
80 106 19
80 107 6
80 108 11
80 109 8
80 110 16
80 111 18
80 112 19
80 113 14
80 114 10
80 115 12
80 116 20
80 117 15
80 118 6
80 119 3
81 81 0
81 82 0
81 83 0
81 84 13
81 85 8
81 86 10
81 87 3
81 88 8
81 89 16
81 90 10
81 91 9
81 92 9
81 93 2
81 94 20
81 95 12
81 96 6
81 97 20
81 98 7
81 99 4
81 100 3
81 101 13
81 102 11
81 103 14
81 104 4
81 105 9
81 106 12
81 107 15
81 108 11
81 109 5
81 110 14
81 111 17
81 112 11
81 113 4
81 114 2
81 115 16
81 116 17
81 117 5
81 118 14
81 119 19
82 82 0
82 83 0
82 84 19
82 85 2
82 86 13
82 87 14
82 88 3
82 89 20
82 90 14
82 91 14
82 92 5
82 93 15
82 94 6
82 95 10
82 96 5
82 97 6
82 98 17
82 99 19
82 100 10
82 101 16
82 102 11
82 103 16
82 104 14
82 105 1
82 106 14
82 107 18
82 108 1
82 109 2
82 110 10
82 111 10
82 112 10
82 113 14
82 114 9
82 115 12
82 116 13
82 117 6
82 118 19
82 119 17
83 83 0
83 84 7
83 85 3
83 86 8
83 87 5
83 88 19
83 89 17
83 90 16
83 91 16
83 92 5
83 93 16
83 94 4
83 95 10
83 96 8
83 97 2
83 98 11
83 99 7
83 100 17
83 101 11
83 102 8
83 103 19
83 104 5
83 105 4
83 106 12
83 107 13
83 108 2
83 109 13
83 110 5
83 111 13
83 112 8
83 113 20
83 114 18
83 115 2
83 116 15
83 117 20
83 118 1
83 119 17
84 84 0
84 85 0
84 86 0
84 87 0
84 88 0
84 89 0
84 90 0
84 91 0
84 92 0
84 93 0
84 94 8
84 95 2
84 96 19
84 97 3
84 98 9
84 99 13
84 100 17
84 101 20
84 102 12
84 103 3
84 104 11
84 105 19
84 106 9
84 107 20
84 108 7
84 109 19
84 110 11
84 111 13
84 112 11
84 113 6
84 114 10
84 115 15
84 116 13
84 117 1
84 118 5
84 119 17
85 85 0
85 86 0
85 87 0
85 88 0
85 89 0
85 90 0
85 91 0
85 92 0
85 93 0
85 94 5
85 95 7
85 96 5
85 97 17
85 98 4
85 99 3
85 100 20
85 101 10
85 102 10
85 103 8
85 104 19
85 105 14
85 106 15
85 107 12
85 108 11
85 109 14
85 110 14
85 111 17
85 112 1
85 113 17
85 114 3
85 115 8
85 116 5
85 117 10
85 118 2
85 119 3
86 86 0
86 87 0
86 88 0
86 89 0
86 90 0
86 91 0
86 92 0
86 93 0
86 94 10
86 95 9
86 96 7
86 97 4
86 98 8
86 99 10
86 100 3
86 101 14
86 102 19
86 103 20
86 104 14
86 105 20
86 106 7
86 107 18
86 108 4
86 109 15
86 110 11
86 111 14
86 112 15
86 113 10
86 114 16
86 115 20
86 116 19
86 117 12
86 118 1
86 119 7
87 87 0
87 88 0
87 89 0
87 90 0
87 91 0
87 92 0
87 93 0
87 94 20
87 95 4
87 96 13
87 97 16
87 98 14
87 99 1
87 100 20
87 101 8
87 102 16
87 103 8
87 104 3
87 105 1
87 106 8
87 107 12
87 108 12
87 109 15
87 110 7
87 111 1
87 112 7
87 113 3
87 114 2
87 115 1
87 116 15
87 117 8
87 118 13
87 119 19
88 88 0
88 89 0
88 90 0
88 91 0
88 92 0
88 93 0
88 94 10
88 95 19
88 96 19
88 97 4
88 98 20
88 99 17
88 100 10
88 101 18
88 102 2
88 103 14
88 104 14
88 105 1
88 106 13
88 107 3
88 108 4
88 109 4
88 110 6
88 111 13
88 112 11
88 113 1
88 114 14
88 115 16
88 116 4
88 117 16
88 118 17
88 119 12
89 89 0
89 90 0
89 91 0
89 92 0
89 93 0
89 94 19
89 95 16
89 96 13
89 97 5
89 98 14
89 99 19
89 100 12
89 101 20
89 102 11
89 103 2
89 104 17
89 105 16
89 106 9
89 107 8
89 108 2
89 109 10
89 110 2
89 111 1
89 112 12
89 113 9
89 114 4
89 115 17
89 116 13
89 117 10
89 118 3
89 119 14
90 90 0
90 91 0
90 92 0
90 93 0
90 94 11
90 95 16
90 96 3
90 97 20
90 98 8
90 99 20
90 100 13
90 101 4
90 102 16
90 103 16
90 104 11
90 105 3
90 106 12
90 107 18
90 108 6
90 109 16
90 110 19
90 111 20
90 112 10
90 113 16
90 114 2
90 115 9
90 116 4
90 117 19
90 118 20
90 119 7
91 91 0
91 92 0
91 93 0
91 94 15
91 95 16
91 96 18
91 97 2
91 98 15
91 99 18
91 100 19
91 101 19
91 102 8
91 103 16
91 104 5
91 105 8
91 106 14
91 107 19
91 108 6
91 109 12
91 110 19
91 111 16
91 112 4
91 113 17
91 114 12
91 115 20
91 116 16
91 117 19
91 118 5
91 119 3
92 92 0
92 93 0
92 94 12
92 95 2
92 96 18
92 97 11
92 98 12
92 99 20
92 100 19
92 101 17
92 102 7
92 103 8
92 104 10
92 105 14
92 106 16
92 107 10
92 108 4
92 109 5
92 110 9
92 111 20
92 112 6
92 113 15
92 114 13
92 115 3
92 116 3
92 117 10
92 118 10
92 119 9
93 93 0
93 94 5
93 95 6
93 96 14
93 97 11
93 98 20
93 99 13
93 100 8
93 101 5
93 102 2
93 103 17
93 104 9
93 105 6
93 106 12
93 107 18
93 108 1
93 109 20
93 110 9
93 111 1
93 112 2
93 113 13
93 114 9
93 115 17
93 116 2
93 117 6
93 118 5
93 119 17
94 94 0
94 95 0
94 96 0
94 97 15
94 98 16
94 99 12
94 100 7
94 101 19
94 102 4
94 103 12
94 104 2
94 105 19
94 106 1
94 107 19
94 108 4
94 109 10
94 110 5
94 111 10
94 112 13
94 113 19
94 114 14
94 115 2
94 116 13
94 117 15
94 118 4
94 119 1
95 95 0
95 96 0
95 97 4
95 98 16
95 99 20
95 100 1
95 101 16
95 102 7
95 103 9
95 104 6
95 105 18
95 106 11
95 107 8
95 108 1
95 109 17
95 110 5
95 111 14
95 112 2
95 113 5
95 114 1
95 115 19
95 116 14
95 117 9
95 118 18
95 119 7
96 96 0
96 97 9
96 98 1
96 99 13
96 100 19
96 101 16
96 102 12
96 103 14
96 104 19
96 105 1
96 106 10
96 107 5
96 108 12
96 109 6
96 110 14
96 111 3
96 112 14
96 113 16
96 114 7
96 115 13
96 116 7
96 117 19
96 118 14
96 119 3
97 97 0
97 98 0
97 99 0
97 100 0
97 101 0
97 102 3
97 103 12
97 104 3
97 105 1
97 106 18
97 107 20
97 108 3
97 109 12
97 110 8
97 111 5
97 112 16
97 113 6
97 114 3
97 115 5
97 116 10
97 117 5
97 118 8
97 119 14
98 98 0
98 99 0
98 100 0
98 101 0
98 102 10
98 103 19
98 104 8
98 105 5
98 106 13
98 107 17
98 108 14
98 109 3
98 110 20
98 111 9
98 112 10
98 113 2
98 114 8
98 115 10
98 116 5
98 117 13
98 118 6
98 119 1
99 99 0
99 100 0
99 101 0
99 102 7
99 103 6
99 104 13
99 105 1
99 106 13
99 107 17
99 108 4
99 109 4
99 110 13
99 111 7
99 112 5
99 113 9
99 114 10
99 115 5
99 116 10
99 117 10
99 118 3
99 119 9
100 100 0
100 101 0
100 102 9
100 103 5
100 104 11
100 105 10
100 106 18
100 107 7
100 108 11
100 109 4
100 110 2
100 111 19
100 112 20
100 113 19
100 114 9
100 115 14
100 116 8
100 117 18
100 118 9
100 119 17
101 101 0
101 102 12
101 103 5
101 104 19
101 105 11
101 106 6
101 107 19
101 108 15
101 109 18
101 110 5
101 111 14
101 112 12
101 113 5
101 114 7
101 115 17
101 116 19
101 117 3
101 118 10
101 119 5
102 102 0
102 103 0
102 104 0
102 105 0
102 106 0
102 107 0
102 108 0
102 109 0
102 110 2
102 111 4
102 112 13
102 113 3
102 114 9
102 115 12
102 116 18
102 117 19
102 118 8
102 119 10
103 103 0
103 104 0
103 105 0
103 106 0
103 107 0
103 108 0
103 109 0
103 110 10
103 111 2
103 112 15
103 113 4
103 114 4
103 115 17
103 116 1
103 117 16
103 118 11
103 119 12
104 104 0
104 105 0
104 106 0
104 107 0
104 108 0
104 109 0
104 110 12
104 111 4
104 112 10
104 113 13
104 114 14
104 115 9
104 116 9
104 117 14
104 118 20
104 119 8
105 105 0
105 106 0
105 107 0
105 108 0
105 109 0
105 110 11
105 111 5
105 112 4
105 113 1
105 114 13
105 115 2
105 116 13
105 117 16
105 118 19
105 119 1
106 106 0
106 107 0
106 108 0
106 109 0
106 110 16
106 111 13
106 112 18
106 113 15
106 114 17
106 115 10
106 116 6
106 117 3
106 118 11
106 119 17
107 107 0
107 108 0
107 109 0
107 110 15
107 111 12
107 112 19
107 113 6
107 114 14
107 115 9
107 116 16
107 117 10
107 118 17
107 119 1
108 108 0
108 109 0
108 110 1
108 111 1
108 112 18
108 113 16
108 114 10
108 115 6
108 116 15
108 117 14
108 118 4
108 119 10
109 109 0
109 110 15
109 111 7
109 112 17
109 113 15
109 114 19
109 115 5
109 116 8
109 117 10
109 118 10
109 119 12
110 110 0
110 111 0
110 112 0
110 113 0
110 114 4
110 115 10
110 116 5
110 117 7
110 118 1
110 119 13
111 111 0
111 112 0
111 113 0
111 114 15
111 115 6
111 116 4
111 117 19
111 118 7
111 119 7
112 112 0
112 113 0
112 114 15
112 115 6
112 116 16
112 117 9
112 118 20
112 119 9
113 113 0
113 114 2
113 115 4
113 116 6
113 117 10
113 118 5
113 119 15
114 114 0
114 115 0
114 116 0
114 117 0
114 118 0
114 119 0
115 115 0
115 116 0
115 117 0
115 118 0
115 119 0
116 116 0
116 117 0
116 118 0
116 119 0
117 117 0
117 118 0
117 119 0
118 118 0
118 119 0
119 119 0
