10
9
3
6
7
4
5
1
7
1
4
0 0 0
0 1 0
0 2 0
0 3 0
0 4 0
0 5 0
0 6 0
0 7 0
0 8 0
0 9 6
0 10 1
0 11 8
0 12 3
0 13 8
0 14 2
0 15 7
0 16 2
0 17 2
0 18 6
0 19 4
0 20 6
0 21 6
0 22 8
0 23 6
0 24 8
0 25 6
0 26 6
0 27 7
0 28 4
0 29 7
0 30 4
0 31 1
0 32 8
0 33 2
0 34 4
0 35 4
0 36 5
0 37 6
0 38 8
0 39 5
0 40 6
0 41 6
0 42 8
0 43 3
0 44 2
0 45 7
0 46 4
1 1 0
1 2 0
1 3 0
1 4 0
1 5 0
1 6 0
1 7 0
1 8 0
1 9 3
1 10 1
1 11 1
1 12 4
1 13 3
1 14 6
1 15 7
1 16 7
1 17 3
1 18 4
1 19 8
1 20 5
1 21 1
1 22 1
1 23 7
1 24 2
1 25 2
1 26 6
1 27 2
1 28 1
1 29 5
1 30 4
1 31 2
1 32 7
1 33 4
1 34 1
1 35 4
1 36 7
1 37 5
1 38 2
1 39 3
1 40 4
1 41 5
1 42 5
1 43 4
1 44 4
1 45 2
1 46 1
2 2 0
2 3 0
2 4 0
2 5 0
2 6 0
2 7 0
2 8 0
2 9 3
2 10 4
2 11 3
2 12 7
2 13 7
2 14 4
2 15 8
2 16 5
2 17 3
2 18 2
2 19 7
2 20 3
2 21 3
2 22 2
2 23 2
2 24 5
2 25 1
2 26 5
2 27 5
2 28 8
2 29 1
2 30 7
2 31 7
2 32 8
2 33 1
2 34 3
2 35 3
2 36 5
2 37 6
2 38 6
2 39 8
2 40 8
2 41 4
2 42 4
2 43 3
2 44 5
2 45 3
2 46 1
3 3 0
3 4 0
3 5 0
3 6 0
3 7 0
3 8 0
3 9 6
3 10 1
3 11 5
3 12 8
3 13 2
3 14 1
3 15 4
3 16 3
3 17 1
3 18 6
3 19 1
3 20 4
3 21 6
3 22 8
3 23 1
3 24 2
3 25 2
3 26 7
3 27 2
3 28 5
3 29 2
3 30 4
3 31 1
3 32 7
3 33 7
3 34 2
3 35 1
3 36 2
3 37 4
3 38 5
3 39 6
3 40 7
3 41 7
3 42 3
3 43 5
3 44 2
3 45 7
3 46 8
4 4 0
4 5 0
4 6 0
4 7 0
4 8 0
4 9 8
4 10 5
4 11 1
4 12 3
4 13 3
4 14 3
4 15 8
4 16 5
4 17 2
4 18 2
4 19 8
4 20 5
4 21 5
4 22 7
4 23 1
4 24 4
4 25 7
4 26 7
4 27 4
4 28 1
4 29 8
4 30 7
4 31 1
4 32 3
4 33 2
4 34 7
4 35 4
4 36 1
4 37 1
4 38 6
4 39 7
4 40 4
4 41 4
4 42 5
4 43 4
4 44 8
4 45 6
4 46 1
5 5 0
5 6 0
5 7 0
5 8 0
5 9 4
5 10 5
5 11 1
5 12 4
5 13 5
5 14 8
5 15 6
5 16 3
5 17 8
5 18 1
5 19 7
5 20 8
5 21 8
5 22 3
5 23 2
5 24 3
5 25 6
5 26 3
5 27 1
5 28 3
5 29 4
5 30 3
5 31 7
5 32 6
5 33 3
5 34 3
5 35 2
5 36 8
5 37 4
5 38 1
5 39 7
5 40 2
5 41 4
5 42 2
5 43 3
5 44 4
5 45 3
5 46 4
6 6 0
6 7 0
6 8 0
6 9 4
6 10 4
6 11 5
6 12 5
6 13 4
6 14 3
6 15 2
6 16 6
6 17 7
6 18 1
6 19 2
6 20 3
6 21 3
6 22 6
6 23 2
6 24 5
6 25 6
6 26 2
6 27 6
6 28 4
6 29 7
6 30 2
6 31 5
6 32 7
6 33 7
6 34 6
6 35 7
6 36 5
6 37 1
6 38 4
6 39 5
6 40 7
6 41 2
6 42 8
6 43 3
6 44 4
6 45 7
6 46 4
7 7 0
7 8 0
7 9 1
7 10 1
7 11 5
7 12 8
7 13 1
7 14 5
7 15 3
7 16 2
7 17 6
7 18 6
7 19 7
7 20 5
7 21 6
7 22 6
7 23 7
7 24 1
7 25 1
7 26 6
7 27 5
7 28 6
7 29 1
7 30 5
7 31 3
7 32 4
7 33 5
7 34 3
7 35 6
7 36 6
7 37 8
7 38 8
7 39 1
7 40 8
7 41 3
7 42 8
7 43 6
7 44 4
7 45 8
7 46 1
8 8 0
8 9 7
8 10 3
8 11 1
8 12 3
8 13 7
8 14 2
8 15 1
8 16 5
8 17 4
8 18 8
8 19 1
8 20 6
8 21 1
8 22 6
8 23 1
8 24 8
8 25 1
8 26 2
8 27 5
8 28 2
8 29 2
8 30 3
8 31 7
8 32 7
8 33 4
8 34 7
8 35 2
8 36 7
8 37 3
8 38 1
8 39 5
8 40 1
8 41 5
8 42 1
8 43 1
8 44 5
8 45 6
8 46 8
9 9 0
9 10 0
9 11 0
9 12 3
9 13 3
9 14 4
9 15 3
9 16 2
9 17 6
9 18 4
9 19 3
9 20 4
9 21 5
9 22 4
9 23 8
9 24 5
9 25 2
9 26 6
9 27 2
9 28 8
9 29 8
9 30 6
9 31 4
9 32 1
9 33 1
9 34 4
9 35 3
9 36 4
9 37 6
9 38 2
9 39 7
9 40 6
9 41 7
9 42 1
9 43 6
9 44 8
9 45 8
9 46 6
10 10 0
10 11 0
10 12 1
10 13 6
10 14 1
10 15 3
10 16 5
10 17 3
10 18 2
10 19 4
10 20 7
10 21 7
10 22 2
10 23 7
10 24 5
10 25 6
10 26 8
10 27 3
10 28 6
10 29 8
10 30 5
10 31 5
10 32 5
10 33 3
10 34 1
10 35 1
10 36 4
10 37 2
10 38 5
10 39 2
10 40 6
10 41 8
10 42 7
10 43 8
10 44 2
10 45 7
10 46 8
11 11 0
11 12 5
11 13 1
11 14 4
11 15 7
11 16 2
11 17 1
11 18 5
11 19 4
11 20 7
11 21 6
11 22 1
11 23 4
11 24 8
11 25 4
11 26 7
11 27 4
11 28 1
11 29 3
11 30 5
11 31 6
11 32 8
11 33 4
11 34 3
11 35 4
11 36 5
11 37 4
11 38 6
11 39 3
11 40 4
11 41 3
11 42 8
11 43 4
11 44 6
11 45 7
11 46 1
12 12 0
12 13 0
12 14 0
12 15 0
12 16 0
12 17 0
12 18 6
12 19 7
12 20 3
12 21 4
12 22 4
12 23 7
12 24 3
12 25 2
12 26 7
12 27 1
12 28 5
12 29 5
12 30 6
12 31 6
12 32 1
12 33 6
12 34 5
12 35 5
12 36 5
12 37 4
12 38 5
12 39 7
12 40 1
12 41 3
12 42 6
12 43 2
12 44 2
12 45 3
12 46 8
13 13 0
13 14 0
13 15 0
13 16 0
13 17 0
13 18 6
13 19 8
13 20 8
13 21 3
13 22 1
13 23 2
13 24 4
13 25 2
13 26 8
13 27 6
13 28 1
13 29 3
13 30 7
13 31 8
13 32 1
13 33 3
13 34 7
13 35 5
13 36 2
13 37 1
13 38 2
13 39 3
13 40 2
13 41 3
13 42 8
13 43 7
13 44 1
13 45 1
13 46 3
14 14 0
14 15 0
14 16 0
14 17 0
14 18 1
14 19 8
14 20 4
14 21 6
14 22 3
14 23 6
14 24 4
14 25 8
14 26 7
14 27 3
14 28 5
14 29 7
14 30 3
14 31 1
14 32 2
14 33 7
14 34 6
14 35 8
14 36 6
14 37 1
14 38 1
14 39 8
14 40 7
14 41 5
14 42 3
14 43 4
14 44 7
14 45 5
14 46 5
15 15 0
15 16 0
15 17 0
15 18 3
15 19 3
15 20 2
15 21 2
15 22 6
15 23 3
15 24 8
15 25 5
15 26 5
15 27 1
15 28 2
15 29 3
15 30 2
15 31 5
15 32 8
15 33 1
15 34 2
15 35 1
15 36 3
15 37 7
15 38 2
15 39 6
15 40 4
15 41 2
15 42 1
15 43 5
15 44 6
15 45 3
15 46 5
16 16 0
16 17 0
16 18 3
16 19 6
16 20 4
16 21 8
16 22 3
16 23 4
16 24 8
16 25 4
16 26 8
16 27 7
16 28 7
16 29 2
16 30 1
16 31 5
16 32 2
16 33 1
16 34 2
16 35 4
16 36 8
16 37 2
16 38 8
16 39 2
16 40 5
16 41 3
16 42 1
16 43 5
16 44 6
16 45 5
16 46 4
17 17 0
17 18 6
17 19 8
17 20 3
17 21 7
17 22 8
17 23 4
17 24 6
17 25 1
17 26 8
17 27 7
17 28 1
17 29 4
17 30 8
17 31 1
17 32 8
17 33 1
17 34 8
17 35 5
17 36 4
17 37 2
17 38 5
17 39 5
17 40 6
17 41 7
17 42 4
17 43 4
17 44 6
17 45 6
17 46 2
18 18 0
18 19 0
18 20 0
18 21 0
18 22 0
18 23 0
18 24 0
18 25 3
18 26 4
18 27 8
18 28 2
18 29 5
18 30 6
18 31 2
18 32 7
18 33 4
18 34 3
18 35 1
18 36 4
18 37 3
18 38 6
18 39 6
18 40 5
18 41 4
18 42 7
18 43 8
18 44 7
18 45 5
18 46 3
19 19 0
19 20 0
19 21 0
19 22 0
19 23 0
19 24 0
19 25 2
19 26 2
19 27 7
19 28 2
19 29 8
19 30 4
19 31 7
19 32 8
19 33 3
19 34 1
19 35 6
19 36 8
19 37 2
19 38 7
19 39 4
19 40 4
19 41 5
19 42 7
19 43 5
19 44 6
19 45 5
19 46 4
20 20 0
20 21 0
20 22 0
20 23 0
20 24 0
20 25 4
20 26 4
20 27 6
20 28 2
20 29 5
20 30 7
20 31 8
20 32 1
20 33 2
20 34 6
20 35 5
20 36 4
20 37 7
20 38 8
20 39 4
20 40 1
20 41 1
20 42 1
20 43 3
20 44 4
20 45 4
20 46 3
21 21 0
21 22 0
21 23 0
21 24 0
21 25 5
21 26 2
21 27 1
21 28 8
21 29 3
21 30 4
21 31 6
21 32 6
21 33 6
21 34 2
21 35 4
21 36 8
21 37 6
21 38 1
21 39 7
21 40 2
21 41 2
21 42 3
21 43 2
21 44 3
21 45 4
21 46 2
22 22 0
22 23 0
22 24 0
22 25 8
22 26 8
22 27 2
22 28 4
22 29 1
22 30 8
22 31 4
22 32 5
22 33 8
22 34 7
22 35 6
22 36 2
22 37 4
22 38 2
22 39 6
22 40 6
22 41 7
22 42 7
22 43 4
22 44 1
22 45 1
22 46 8
23 23 0
23 24 0
23 25 4
23 26 1
23 27 8
23 28 1
23 29 3
23 30 5
23 31 4
23 32 1
23 33 6
23 34 8
23 35 4
23 36 3
23 37 8
23 38 3
23 39 7
23 40 8
23 41 5
23 42 8
23 43 1
23 44 7
23 45 4
23 46 6
24 24 0
24 25 3
24 26 5
24 27 1
24 28 2
24 29 8
24 30 8
24 31 3
24 32 3
24 33 4
24 34 1
24 35 2
24 36 8
24 37 8
24 38 5
24 39 7
24 40 7
24 41 2
24 42 8
24 43 7
24 44 5
24 45 2
24 46 1
25 25 0
25 26 0
25 27 0
25 28 0
25 29 1
25 30 4
25 31 1
25 32 6
25 33 8
25 34 2
25 35 3
25 36 4
25 37 2
25 38 2
25 39 5
25 40 2
25 41 5
25 42 8
25 43 8
25 44 4
25 45 2
25 46 3
26 26 0
26 27 0
26 28 0
26 29 1
26 30 8
26 31 4
26 32 1
26 33 4
26 34 8
26 35 3
26 36 6
26 37 3
26 38 5
26 39 2
26 40 6
26 41 3
26 42 1
26 43 5
26 44 6
26 45 3
26 46 8
27 27 0
27 28 0
27 29 5
27 30 4
27 31 8
27 32 5
27 33 5
27 34 3
27 35 5
27 36 8
27 37 2
27 38 6
27 39 5
27 40 6
27 41 6
27 42 1
27 43 7
27 44 2
27 45 4
27 46 4
28 28 0
28 29 3
28 30 7
28 31 7
28 32 8
28 33 6
28 34 6
28 35 6
28 36 7
28 37 3
28 38 1
28 39 2
28 40 6
28 41 5
28 42 4
28 43 6
28 44 4
28 45 2
28 46 7
29 29 0
29 30 0
29 31 0
29 32 0
29 33 0
29 34 7
29 35 5
29 36 3
29 37 4
29 38 3
29 39 8
29 40 2
29 41 1
29 42 1
29 43 7
29 44 8
29 45 4
29 46 8
30 30 0
30 31 0
30 32 0
30 33 0
30 34 8
30 35 1
30 36 4
30 37 6
30 38 2
30 39 4
30 40 6
30 41 2
30 42 7
30 43 5
30 44 7
30 45 6
30 46 2
31 31 0
31 32 0
31 33 0
31 34 4
31 35 4
31 36 7
31 37 7
31 38 6
31 39 7
31 40 7
31 41 7
31 42 2
31 43 4
31 44 4
31 45 1
31 46 4
32 32 0
32 33 0
32 34 7
32 35 5
32 36 6
32 37 1
32 38 6
32 39 6
32 40 2
32 41 1
32 42 7
32 43 5
32 44 2
32 45 8
32 46 5
33 33 0
33 34 3
33 35 5
33 36 4
33 37 7
33 38 4
33 39 5
33 40 8
33 41 7
33 42 1
33 43 1
33 44 4
33 45 1
33 46 3
34 34 0
34 35 8
34 36 8
34 37 5
34 38 2
34 39 3
34 40 8
34 41 7
34 42 1
34 43 1
34 44 3
34 45 6
34 46 3
35 35 0
35 36 0
35 37 0
35 38 0
35 39 0
35 40 0
35 41 0
35 42 3
35 43 8
35 44 6
35 45 7
35 46 5
36 36 0
36 37 0
36 38 0
36 39 0
36 40 0
36 41 0
36 42 1
36 43 3
36 44 6
36 45 4
36 46 2
37 37 0
37 38 0
37 39 0
37 40 0
37 41 0
37 42 6
37 43 7
37 44 8
37 45 5
37 46 8
38 38 0
38 39 0
38 40 0
38 41 0
38 42 1
38 43 4
38 44 8
38 45 6
38 46 1
39 39 0
39 40 0
39 41 0
39 42 4
39 43 7
39 44 7
39 45 8
39 46 6
40 40 0
40 41 0
40 42 1
40 43 5
40 44 8
40 45 8
40 46 2
41 41 0
41 42 4
41 43 1
41 44 8
41 45 8
41 46 5
42 42 0
42 43 8
42 44 8
42 45 6
42 46 5
43 43 0
43 44 0
43 45 0
43 46 0
44 44 0
44 45 0
44 46 0
45 45 0
45 46 0
46 46 0
