10
5
1
5
3
9
4
8
2
7
6
0 0 0
0 1 0
0 2 0
0 3 0
0 4 0
0 5 2
0 6 7
0 7 8
0 8 5
0 9 5
0 10 7
0 11 4
0 12 8
0 13 4
0 14 7
0 15 1
0 16 6
0 17 6
0 18 8
0 19 6
0 20 6
0 21 5
0 22 2
0 23 4
0 24 6
0 25 4
0 26 8
0 27 7
0 28 5
0 29 8
0 30 8
0 31 2
0 32 3
0 33 7
0 34 3
0 35 8
0 36 4
0 37 1
0 38 2
0 39 7
0 40 8
0 41 6
0 42 1
0 43 7
0 44 4
0 45 5
0 46 1
0 47 7
0 48 8
1 1 0
1 2 0
1 3 0
1 4 0
1 5 6
1 6 1
1 7 1
1 8 7
1 9 5
1 10 4
1 11 3
1 12 4
1 13 4
1 14 4
1 15 5
1 16 2
1 17 1
1 18 3
1 19 3
1 20 1
1 21 3
1 22 1
1 23 4
1 24 4
1 25 1
1 26 3
1 27 8
1 28 5
1 29 7
1 30 7
1 31 2
1 32 6
1 33 4
1 34 2
1 35 1
1 36 3
1 37 4
1 38 3
1 39 3
1 40 8
1 41 5
1 42 6
1 43 5
1 44 5
1 45 5
1 46 7
1 47 4
1 48 4
2 2 0
2 3 0
2 4 0
2 5 4
2 6 5
2 7 1
2 8 7
2 9 6
2 10 2
2 11 5
2 12 8
2 13 2
2 14 4
2 15 4
2 16 8
2 17 1
2 18 1
2 19 3
2 20 1
2 21 2
2 22 1
2 23 2
2 24 3
2 25 8
2 26 3
2 27 5
2 28 7
2 29 1
2 30 1
2 31 4
2 32 5
2 33 8
2 34 6
2 35 3
2 36 1
2 37 4
2 38 2
2 39 3
2 40 8
2 41 3
2 42 4
2 43 7
2 44 7
2 45 6
2 46 5
2 47 3
2 48 1
3 3 0
3 4 0
3 5 7
3 6 2
3 7 3
3 8 2
3 9 3
3 10 5
3 11 5
3 12 1
3 13 6
3 14 5
3 15 2
3 16 1
3 17 2
3 18 3
3 19 1
3 20 5
3 21 1
3 22 8
3 23 3
3 24 5
3 25 1
3 26 1
3 27 6
3 28 6
3 29 7
3 30 4
3 31 5
3 32 1
3 33 5
3 34 5
3 35 7
3 36 2
3 37 3
3 38 3
3 39 8
3 40 7
3 41 7
3 42 5
3 43 8
3 44 4
3 45 7
3 46 5
3 47 1
3 48 5
4 4 0
4 5 6
4 6 2
4 7 6
4 8 2
4 9 2
4 10 3
4 11 7
4 12 1
4 13 1
4 14 4
4 15 2
4 16 6
4 17 8
4 18 7
4 19 6
4 20 8
4 21 4
4 22 3
4 23 6
4 24 8
4 25 4
4 26 4
4 27 5
4 28 5
4 29 4
4 30 2
4 31 4
4 32 4
4 33 1
4 34 3
4 35 6
4 36 4
4 37 6
4 38 7
4 39 4
4 40 5
4 41 1
4 42 2
4 43 4
4 44 1
4 45 7
4 46 2
4 47 3
4 48 1
5 5 0
5 6 7
5 7 7
5 8 8
5 9 8
5 10 3
5 11 4
5 12 4
5 13 6
5 14 4
5 15 1
5 16 5
5 17 5
5 18 2
5 19 4
5 20 5
5 21 6
5 22 4
5 23 8
5 24 2
5 25 1
5 26 3
5 27 5
5 28 7
5 29 6
5 30 3
5 31 7
5 32 7
5 33 2
5 34 1
5 35 5
5 36 7
5 37 2
5 38 4
5 39 2
5 40 1
5 41 2
5 42 1
5 43 5
5 44 2
5 45 4
5 46 6
5 47 1
5 48 2
6 6 0
6 7 0
6 8 0
6 9 0
6 10 0
6 11 7
6 12 7
6 13 2
6 14 3
6 15 4
6 16 3
6 17 2
6 18 1
6 19 6
6 20 3
6 21 2
6 22 5
6 23 1
6 24 6
6 25 4
6 26 8
6 27 6
6 28 2
6 29 5
6 30 3
6 31 1
6 32 2
6 33 1
6 34 6
6 35 1
6 36 1
6 37 7
6 38 3
6 39 7
6 40 1
6 41 7
6 42 5
6 43 3
6 44 6
6 45 5
6 46 6
6 47 7
6 48 8
7 7 0
7 8 0
7 9 0
7 10 0
7 11 4
7 12 4
7 13 2
7 14 2
7 15 3
7 16 4
7 17 1
7 18 3
7 19 2
7 20 4
7 21 2
7 22 2
7 23 3
7 24 2
7 25 6
7 26 3
7 27 5
7 28 5
7 29 8
7 30 8
7 31 6
7 32 8
7 33 4
7 34 4
7 35 7
7 36 5
7 37 5
7 38 8
7 39 7
7 40 8
7 41 3
7 42 2
7 43 3
7 44 4
7 45 6
7 46 1
7 47 5
7 48 2
8 8 0
8 9 0
8 10 0
8 11 7
8 12 8
8 13 5
8 14 5
8 15 7
8 16 1
8 17 1
8 18 8
8 19 2
8 20 6
8 21 5
8 22 6
8 23 2
8 24 3
8 25 1
8 26 5
8 27 1
8 28 5
8 29 8
8 30 6
8 31 3
8 32 3
8 33 8
8 34 2
8 35 3
8 36 5
8 37 3
8 38 5
8 39 3
8 40 5
8 41 5
8 42 1
8 43 1
8 44 6
8 45 8
8 46 5
8 47 8
8 48 6
9 9 0
9 10 0
9 11 5
9 12 4
9 13 8
9 14 1
9 15 1
9 16 6
9 17 4
9 18 8
9 19 2
9 20 8
9 21 4
9 22 1
9 23 7
9 24 5
9 25 8
9 26 2
9 27 7
9 28 3
9 29 4
9 30 3
9 31 4
9 32 4
9 33 8
9 34 5
9 35 8
9 36 3
9 37 2
9 38 3
9 39 3
9 40 7
9 41 5
9 42 3
9 43 5
9 44 7
9 45 8
9 46 1
9 47 6
9 48 4
10 10 0
10 11 7
10 12 4
10 13 6
10 14 3
10 15 3
10 16 8
10 17 1
10 18 7
10 19 4
10 20 6
10 21 2
10 22 8
10 23 3
10 24 1
10 25 7
10 26 6
10 27 4
10 28 8
10 29 5
10 30 6
10 31 5
10 32 2
10 33 7
10 34 7
10 35 6
10 36 4
10 37 7
10 38 6
10 39 2
10 40 1
10 41 6
10 42 6
10 43 5
10 44 3
10 45 8
10 46 2
10 47 6
10 48 6
11 11 0
11 12 0
11 13 0
11 14 5
11 15 1
11 16 8
11 17 3
11 18 4
11 19 6
11 20 8
11 21 8
11 22 5
11 23 7
11 24 7
11 25 8
11 26 1
11 27 7
11 28 2
11 29 6
11 30 7
11 31 3
11 32 2
11 33 3
11 34 4
11 35 6
11 36 2
11 37 8
11 38 4
11 39 8
11 40 5
11 41 4
11 42 1
11 43 8
11 44 7
11 45 6
11 46 5
11 47 5
11 48 4
12 12 0
12 13 0
12 14 5
12 15 4
12 16 2
12 17 3
12 18 7
12 19 2
12 20 1
12 21 8
12 22 6
12 23 2
12 24 7
12 25 5
12 26 3
12 27 4
12 28 2
12 29 5
12 30 6
12 31 1
12 32 3
12 33 3
12 34 5
12 35 5
12 36 2
12 37 5
12 38 4
12 39 7
12 40 6
12 41 6
12 42 3
12 43 5
12 44 1
12 45 2
12 46 3
12 47 3
12 48 7
13 13 0
13 14 3
13 15 2
13 16 4
13 17 1
13 18 2
13 19 5
13 20 2
13 21 8
13 22 6
13 23 6
13 24 5
13 25 2
13 26 2
13 27 7
13 28 5
13 29 5
13 30 5
13 31 5
13 32 4
13 33 8
13 34 1
13 35 4
13 36 4
13 37 8
13 38 7
13 39 6
13 40 1
13 41 4
13 42 5
13 43 7
13 44 1
13 45 5
13 46 1
13 47 3
13 48 3
14 14 0
14 15 0
14 16 0
14 17 0
14 18 0
14 19 0
14 20 0
14 21 0
14 22 0
14 23 1
14 24 7
14 25 7
14 26 8
14 27 6
14 28 4
14 29 6
14 30 8
14 31 3
14 32 4
14 33 8
14 34 1
14 35 2
14 36 5
14 37 8
14 38 8
14 39 6
14 40 4
14 41 2
14 42 3
14 43 4
14 44 8
14 45 2
14 46 8
14 47 3
14 48 1
15 15 0
15 16 0
15 17 0
15 18 0
15 19 0
15 20 0
15 21 0
15 22 0
15 23 2
15 24 7
15 25 3
15 26 2
15 27 3
15 28 2
15 29 2
15 30 7
15 31 4
15 32 1
15 33 3
15 34 4
15 35 5
15 36 4
15 37 8
15 38 2
15 39 1
15 40 6
15 41 5
15 42 7
15 43 3
15 44 3
15 45 3
15 46 3
15 47 7
15 48 8
16 16 0
16 17 0
16 18 0
16 19 0
16 20 0
16 21 0
16 22 0
16 23 4
16 24 5
16 25 8
16 26 4
16 27 7
16 28 2
16 29 7
16 30 3
16 31 5
16 32 6
16 33 2
16 34 8
16 35 8
16 36 7
16 37 7
16 38 6
16 39 2
16 40 8
16 41 6
16 42 2
16 43 3
16 44 7
16 45 4
16 46 7
16 47 8
16 48 7
17 17 0
17 18 0
17 19 0
17 20 0
17 21 0
17 22 0
17 23 7
17 24 6
17 25 2
17 26 3
17 27 1
17 28 8
17 29 7
17 30 5
17 31 2
17 32 4
17 33 1
17 34 8
17 35 6
17 36 4
17 37 8
17 38 8
17 39 7
17 40 7
17 41 7
17 42 4
17 43 4
17 44 7
17 45 5
17 46 2
17 47 6
17 48 5
18 18 0
18 19 0
18 20 0
18 21 0
18 22 0
18 23 8
18 24 3
18 25 1
18 26 7
18 27 3
18 28 4
18 29 5
18 30 4
18 31 7
18 32 6
18 33 5
18 34 8
18 35 8
18 36 3
18 37 4
18 38 7
18 39 7
18 40 6
18 41 7
18 42 4
18 43 8
18 44 1
18 45 6
18 46 4
18 47 2
18 48 8
19 19 0
19 20 0
19 21 0
19 22 0
19 23 2
19 24 4
19 25 8
19 26 2
19 27 3
19 28 2
19 29 8
19 30 6
19 31 4
19 32 5
19 33 8
19 34 8
19 35 5
19 36 1
19 37 7
19 38 3
19 39 4
19 40 7
19 41 4
19 42 8
19 43 2
19 44 1
19 45 7
19 46 2
19 47 1
19 48 5
20 20 0
20 21 0
20 22 0
20 23 4
20 24 1
20 25 8
20 26 4
20 27 3
20 28 3
20 29 2
20 30 2
20 31 3
20 32 1
20 33 5
20 34 3
20 35 5
20 36 3
20 37 7
20 38 5
20 39 5
20 40 4
20 41 5
20 42 2
20 43 3
20 44 2
20 45 3
20 46 3
20 47 7
20 48 2
21 21 0
21 22 0
21 23 6
21 24 7
21 25 5
21 26 3
21 27 7
21 28 1
21 29 7
21 30 4
21 31 2
21 32 1
21 33 3
21 34 8
21 35 8
21 36 5
21 37 3
21 38 6
21 39 1
21 40 4
21 41 7
21 42 8
21 43 3
21 44 6
21 45 6
21 46 7
21 47 8
21 48 2
22 22 0
22 23 3
22 24 5
22 25 6
22 26 3
22 27 1
22 28 4
22 29 1
22 30 3
22 31 2
22 32 8
22 33 3
22 34 4
22 35 8
22 36 1
22 37 8
22 38 1
22 39 3
22 40 7
22 41 5
22 42 4
22 43 5
22 44 2
22 45 1
22 46 3
22 47 8
22 48 3
23 23 0
23 24 0
23 25 0
23 26 0
23 27 8
23 28 2
23 29 2
23 30 6
23 31 8
23 32 2
23 33 7
23 34 2
23 35 3
23 36 4
23 37 5
23 38 4
23 39 8
23 40 7
23 41 1
23 42 4
23 43 7
23 44 2
23 45 4
23 46 1
23 47 8
23 48 7
24 24 0
24 25 0
24 26 0
24 27 7
24 28 4
24 29 5
24 30 3
24 31 7
24 32 8
24 33 3
24 34 8
24 35 7
24 36 7
24 37 2
24 38 3
24 39 3
24 40 5
24 41 5
24 42 2
24 43 3
24 44 4
24 45 2
24 46 6
24 47 2
24 48 1
25 25 0
25 26 0
25 27 7
25 28 2
25 29 8
25 30 1
25 31 7
25 32 8
25 33 4
25 34 1
25 35 5
25 36 2
25 37 6
25 38 7
25 39 4
25 40 8
25 41 2
25 42 8
25 43 4
25 44 4
25 45 5
25 46 7
25 47 6
25 48 3
26 26 0
26 27 7
26 28 1
26 29 1
26 30 8
26 31 1
26 32 3
26 33 4
26 34 2
26 35 2
26 36 5
26 37 4
26 38 6
26 39 4
26 40 2
26 41 4
26 42 7
26 43 6
26 44 4
26 45 1
26 46 5
26 47 3
26 48 1
27 27 0
27 28 0
27 29 0
27 30 0
27 31 0
27 32 0
27 33 0
27 34 0
27 35 8
27 36 8
27 37 3
27 38 6
27 39 3
27 40 6
27 41 7
27 42 8
27 43 5
27 44 6
27 45 7
27 46 5
27 47 1
27 48 1
28 28 0
28 29 0
28 30 0
28 31 0
28 32 0
28 33 0
28 34 0
28 35 4
28 36 7
28 37 1
28 38 1
28 39 5
28 40 2
28 41 1
28 42 5
28 43 4
28 44 2
28 45 7
28 46 6
28 47 2
28 48 4
29 29 0
29 30 0
29 31 0
29 32 0
29 33 0
29 34 0
29 35 4
29 36 3
29 37 2
29 38 6
29 39 4
29 40 5
29 41 3
29 42 2
29 43 7
29 44 1
29 45 4
29 46 7
29 47 8
29 48 1
30 30 0
30 31 0
30 32 0
30 33 0
30 34 0
30 35 6
30 36 5
30 37 8
30 38 7
30 39 4
30 40 2
30 41 4
30 42 2
30 43 5
30 44 2
30 45 5
30 46 2
30 47 8
30 48 6
31 31 0
31 32 0
31 33 0
31 34 0
31 35 1
31 36 7
31 37 2
31 38 1
31 39 1
31 40 5
31 41 6
31 42 8
31 43 6
31 44 4
31 45 1
31 46 8
31 47 6
31 48 6
32 32 0
32 33 0
32 34 0
32 35 3
32 36 6
32 37 2
32 38 6
32 39 4
32 40 6
32 41 5
32 42 5
32 43 6
32 44 8
32 45 3
32 46 8
32 47 2
32 48 7
33 33 0
33 34 0
33 35 7
33 36 2
33 37 4
33 38 6
33 39 5
33 40 5
33 41 4
33 42 5
33 43 4
33 44 3
33 45 6
33 46 4
33 47 1
33 48 4
34 34 0
34 35 5
34 36 1
34 37 6
34 38 3
34 39 2
34 40 3
34 41 6
34 42 3
34 43 1
34 44 3
34 45 5
34 46 5
34 47 8
34 48 2
35 35 0
35 36 0
35 37 3
35 38 6
35 39 7
35 40 3
35 41 6
35 42 6
35 43 1
35 44 2
35 45 4
35 46 6
35 47 3
35 48 4
36 36 0
36 37 6
36 38 7
36 39 2
36 40 5
36 41 3
36 42 2
36 43 8
36 44 7
36 45 7
36 46 8
36 47 6
36 48 4
37 37 0
37 38 0
37 39 0
37 40 0
37 41 0
37 42 0
37 43 0
37 44 3
37 45 7
37 46 7
37 47 3
37 48 7
38 38 0
38 39 0
38 40 0
38 41 0
38 42 0
38 43 0
38 44 2
38 45 1
38 46 4
38 47 8
38 48 4
39 39 0
39 40 0
39 41 0
39 42 0
39 43 0
39 44 1
39 45 5
39 46 1
39 47 5
39 48 4
40 40 0
40 41 0
40 42 0
40 43 0
40 44 6
40 45 3
40 46 4
40 47 6
40 48 8
41 41 0
41 42 0
41 43 0
41 44 3
41 45 8
41 46 3
41 47 7
41 48 3
42 42 0
42 43 0
42 44 6
42 45 4
42 46 5
42 47 7
42 48 3
43 43 0
43 44 2
43 45 4
43 46 3
43 47 3
43 48 1
44 44 0
44 45 0
44 46 0
44 47 0
44 48 0
45 45 0
45 46 0
45 47 0
45 48 0
46 46 0
46 47 0
46 48 0
47 47 0
47 48 0
48 48 0
