10
9
3
4
8
8
7
9
2
6
2
0 0 0
0 1 0
0 2 0
0 3 0
0 4 0
0 5 0
0 6 0
0 7 0
0 8 0
0 9 8
0 10 7
0 11 6
0 12 7
0 13 6
0 14 3
0 15 4
0 16 6
0 17 7
0 18 4
0 19 4
0 20 6
0 21 3
0 22 4
0 23 4
0 24 7
0 25 1
0 26 5
0 27 3
0 28 2
0 29 4
0 30 4
0 31 3
0 32 2
0 33 8
0 34 1
0 35 8
0 36 8
0 37 5
0 38 8
0 39 6
0 40 6
0 41 1
0 42 6
0 43 5
0 44 7
0 45 4
0 46 6
0 47 8
0 48 4
0 49 8
0 50 7
0 51 4
0 52 1
0 53 2
0 54 1
0 55 2
0 56 8
1 1 0
1 2 0
1 3 0
1 4 0
1 5 0
1 6 0
1 7 0
1 8 0
1 9 5
1 10 2
1 11 7
1 12 3
1 13 1
1 14 5
1 15 4
1 16 3
1 17 8
1 18 3
1 19 5
1 20 2
1 21 2
1 22 3
1 23 6
1 24 8
1 25 7
1 26 3
1 27 1
1 28 4
1 29 7
1 30 2
1 31 3
1 32 3
1 33 1
1 34 6
1 35 1
1 36 8
1 37 8
1 38 8
1 39 7
1 40 1
1 41 7
1 42 2
1 43 2
1 44 7
1 45 2
1 46 4
1 47 1
1 48 5
1 49 8
1 50 3
1 51 7
1 52 3
1 53 6
1 54 8
1 55 7
1 56 2
2 2 0
2 3 0
2 4 0
2 5 0
2 6 0
2 7 0
2 8 0
2 9 1
2 10 7
2 11 4
2 12 4
2 13 7
2 14 7
2 15 8
2 16 1
2 17 6
2 18 3
2 19 7
2 20 8
2 21 7
2 22 3
2 23 6
2 24 1
2 25 7
2 26 3
2 27 3
2 28 3
2 29 6
2 30 3
2 31 3
2 32 2
2 33 7
2 34 2
2 35 4
2 36 4
2 37 2
2 38 1
2 39 8
2 40 2
2 41 7
2 42 6
2 43 2
2 44 5
2 45 3
2 46 3
2 47 5
2 48 6
2 49 8
2 50 8
2 51 6
2 52 8
2 53 4
2 54 7
2 55 6
2 56 2
3 3 0
3 4 0
3 5 0
3 6 0
3 7 0
3 8 0
3 9 2
3 10 5
3 11 8
3 12 3
3 13 8
3 14 3
3 15 5
3 16 7
3 17 6
3 18 8
3 19 7
3 20 5
3 21 1
3 22 5
3 23 4
3 24 1
3 25 4
3 26 7
3 27 3
3 28 7
3 29 6
3 30 3
3 31 4
3 32 8
3 33 2
3 34 5
3 35 1
3 36 2
3 37 2
3 38 1
3 39 1
3 40 8
3 41 6
3 42 1
3 43 4
3 44 8
3 45 4
3 46 8
3 47 7
3 48 5
3 49 4
3 50 4
3 51 3
3 52 1
3 53 5
3 54 8
3 55 6
3 56 2
4 4 0
4 5 0
4 6 0
4 7 0
4 8 0
4 9 4
4 10 2
4 11 4
4 12 8
4 13 5
4 14 6
4 15 3
4 16 4
4 17 5
4 18 2
4 19 4
4 20 5
4 21 1
4 22 3
4 23 6
4 24 1
4 25 8
4 26 4
4 27 7
4 28 1
4 29 2
4 30 4
4 31 3
4 32 1
4 33 3
4 34 1
4 35 8
4 36 1
4 37 4
4 38 2
4 39 5
4 40 8
4 41 2
4 42 8
4 43 4
4 44 6
4 45 6
4 46 1
4 47 5
4 48 5
4 49 6
4 50 4
4 51 8
4 52 4
4 53 4
4 54 1
4 55 6
4 56 4
5 5 0
5 6 0
5 7 0
5 8 0
5 9 6
5 10 4
5 11 3
5 12 7
5 13 5
5 14 6
5 15 4
5 16 3
5 17 3
5 18 8
5 19 1
5 20 5
5 21 4
5 22 5
5 23 4
5 24 2
5 25 5
5 26 7
5 27 8
5 28 5
5 29 8
5 30 4
5 31 1
5 32 4
5 33 5
5 34 4
5 35 5
5 36 7
5 37 4
5 38 6
5 39 2
5 40 8
5 41 8
5 42 4
5 43 8
5 44 3
5 45 7
5 46 7
5 47 4
5 48 3
5 49 8
5 50 1
5 51 8
5 52 5
5 53 6
5 54 5
5 55 4
5 56 1
6 6 0
6 7 0
6 8 0
6 9 2
6 10 5
6 11 8
6 12 8
6 13 2
6 14 8
6 15 6
6 16 1
6 17 5
6 18 2
6 19 3
6 20 8
6 21 6
6 22 2
6 23 3
6 24 4
6 25 7
6 26 7
6 27 5
6 28 3
6 29 4
6 30 4
6 31 2
6 32 4
6 33 3
6 34 2
6 35 2
6 36 5
6 37 3
6 38 2
6 39 4
6 40 4
6 41 8
6 42 5
6 43 4
6 44 3
6 45 4
6 46 5
6 47 6
6 48 1
6 49 8
6 50 3
6 51 8
6 52 6
6 53 2
6 54 3
6 55 5
6 56 3
7 7 0
7 8 0
7 9 6
7 10 5
7 11 4
7 12 2
7 13 1
7 14 8
7 15 8
7 16 5
7 17 5
7 18 1
7 19 1
7 20 3
7 21 3
7 22 5
7 23 8
7 24 3
7 25 2
7 26 4
7 27 6
7 28 7
7 29 4
7 30 2
7 31 4
7 32 7
7 33 2
7 34 1
7 35 1
7 36 1
7 37 5
7 38 4
7 39 4
7 40 3
7 41 7
7 42 5
7 43 6
7 44 1
7 45 3
7 46 5
7 47 4
7 48 4
7 49 4
7 50 5
7 51 5
7 52 8
7 53 5
7 54 1
7 55 1
7 56 2
8 8 0
8 9 6
8 10 4
8 11 6
8 12 3
8 13 1
8 14 3
8 15 5
8 16 2
8 17 1
8 18 4
8 19 1
8 20 7
8 21 6
8 22 3
8 23 7
8 24 2
8 25 8
8 26 1
8 27 4
8 28 8
8 29 3
8 30 8
8 31 1
8 32 5
8 33 1
8 34 4
8 35 6
8 36 1
8 37 7
8 38 5
8 39 6
8 40 2
8 41 1
8 42 1
8 43 4
8 44 3
8 45 1
8 46 7
8 47 7
8 48 4
8 49 6
8 50 5
8 51 8
8 52 1
8 53 6
8 54 1
8 55 8
8 56 8
9 9 0
9 10 0
9 11 0
9 12 4
9 13 6
9 14 2
9 15 3
9 16 6
9 17 1
9 18 1
9 19 8
9 20 4
9 21 1
9 22 6
9 23 7
9 24 8
9 25 4
9 26 5
9 27 6
9 28 6
9 29 6
9 30 1
9 31 7
9 32 2
9 33 1
9 34 1
9 35 4
9 36 5
9 37 8
9 38 2
9 39 1
9 40 5
9 41 6
9 42 5
9 43 5
9 44 2
9 45 6
9 46 5
9 47 2
9 48 4
9 49 4
9 50 2
9 51 3
9 52 1
9 53 4
9 54 8
9 55 3
9 56 3
10 10 0
10 11 0
10 12 4
10 13 3
10 14 1
10 15 3
10 16 2
10 17 1
10 18 6
10 19 7
10 20 6
10 21 6
10 22 7
10 23 1
10 24 1
10 25 7
10 26 2
10 27 2
10 28 8
10 29 2
10 30 8
10 31 4
10 32 5
10 33 5
10 34 5
10 35 2
10 36 6
10 37 4
10 38 4
10 39 2
10 40 3
10 41 3
10 42 5
10 43 5
10 44 4
10 45 5
10 46 4
10 47 7
10 48 8
10 49 2
10 50 7
10 51 3
10 52 8
10 53 1
10 54 5
10 55 8
10 56 6
11 11 0
11 12 4
11 13 7
11 14 4
11 15 3
11 16 8
11 17 1
11 18 4
11 19 4
11 20 4
11 21 2
11 22 6
11 23 6
11 24 5
11 25 7
11 26 8
11 27 3
11 28 7
11 29 8
11 30 3
11 31 6
11 32 2
11 33 5
11 34 3
11 35 2
11 36 7
11 37 5
11 38 3
11 39 4
11 40 8
11 41 4
11 42 1
11 43 6
11 44 7
11 45 4
11 46 8
11 47 7
11 48 6
11 49 2
11 50 7
11 51 8
11 52 7
11 53 2
11 54 3
11 55 8
11 56 5
12 12 0
12 13 0
12 14 0
12 15 0
12 16 6
12 17 6
12 18 4
12 19 7
12 20 8
12 21 5
12 22 7
12 23 5
12 24 4
12 25 8
12 26 6
12 27 6
12 28 8
12 29 5
12 30 6
12 31 3
12 32 1
12 33 7
12 34 2
12 35 8
12 36 1
12 37 2
12 38 3
12 39 1
12 40 6
12 41 6
12 42 1
12 43 3
12 44 3
12 45 1
12 46 2
12 47 2
12 48 3
12 49 4
12 50 8
12 51 1
12 52 2
12 53 7
12 54 8
12 55 8
12 56 1
13 13 0
13 14 0
13 15 0
13 16 5
13 17 3
13 18 1
13 19 7
13 20 5
13 21 1
13 22 4
13 23 2
13 24 4
13 25 8
13 26 3
13 27 8
13 28 1
13 29 2
13 30 7
13 31 5
13 32 2
13 33 3
13 34 5
13 35 8
13 36 2
13 37 2
13 38 7
13 39 4
13 40 7
13 41 6
13 42 4
13 43 8
13 44 3
13 45 6
13 46 1
13 47 2
13 48 7
13 49 3
13 50 7
13 51 8
13 52 5
13 53 3
13 54 2
13 55 5
13 56 3
14 14 0
14 15 0
14 16 4
14 17 2
14 18 2
14 19 6
14 20 5
14 21 5
14 22 1
14 23 4
14 24 7
14 25 7
14 26 6
14 27 6
14 28 1
14 29 8
14 30 7
14 31 4
14 32 3
14 33 7
14 34 3
14 35 7
14 36 6
14 37 5
14 38 5
14 39 2
14 40 5
14 41 1
14 42 2
14 43 8
14 44 8
14 45 6
14 46 4
14 47 4
14 48 1
14 49 5
14 50 1
14 51 7
14 52 7
14 53 4
14 54 6
14 55 3
14 56 4
15 15 0
15 16 8
15 17 7
15 18 4
15 19 1
15 20 2
15 21 3
15 22 6
15 23 5
15 24 3
15 25 4
15 26 6
15 27 7
15 28 1
15 29 2
15 30 7
15 31 4
15 32 8
15 33 4
15 34 2
15 35 5
15 36 5
15 37 5
15 38 6
15 39 3
15 40 1
15 41 2
15 42 6
15 43 1
15 44 7
15 45 7
15 46 6
15 47 8
15 48 3
15 49 1
15 50 6
15 51 1
15 52 5
15 53 1
15 54 3
15 55 1
15 56 3
16 16 0
16 17 0
16 18 0
16 19 0
16 20 0
16 21 0
16 22 0
16 23 0
16 24 2
16 25 7
16 26 4
16 27 2
16 28 1
16 29 3
16 30 3
16 31 7
16 32 1
16 33 7
16 34 6
16 35 4
16 36 1
16 37 2
16 38 6
16 39 1
16 40 1
16 41 6
16 42 3
16 43 4
16 44 8
16 45 4
16 46 5
16 47 3
16 48 8
16 49 6
16 50 8
16 51 2
16 52 4
16 53 1
16 54 8
16 55 5
16 56 6
17 17 0
17 18 0
17 19 0
17 20 0
17 21 0
17 22 0
17 23 0
17 24 6
17 25 1
17 26 5
17 27 4
17 28 3
17 29 1
17 30 7
17 31 3
17 32 6
17 33 4
17 34 2
17 35 3
17 36 3
17 37 8
17 38 4
17 39 3
17 40 4
17 41 1
17 42 8
17 43 4
17 44 8
17 45 4
17 46 6
17 47 3
17 48 1
17 49 6
17 50 4
17 51 5
17 52 6
17 53 4
17 54 3
17 55 6
17 56 5
18 18 0
18 19 0
18 20 0
18 21 0
18 22 0
18 23 0
18 24 1
18 25 6
18 26 2
18 27 7
18 28 3
18 29 8
18 30 5
18 31 6
18 32 8
18 33 8
18 34 4
18 35 2
18 36 5
18 37 8
18 38 7
18 39 2
18 40 6
18 41 7
18 42 4
18 43 3
18 44 4
18 45 3
18 46 8
18 47 7
18 48 3
18 49 5
18 50 6
18 51 3
18 52 6
18 53 4
18 54 7
18 55 8
18 56 6
19 19 0
19 20 0
19 21 0
19 22 0
19 23 0
19 24 6
19 25 6
19 26 5
19 27 5
19 28 6
19 29 6
19 30 6
19 31 3
19 32 6
19 33 4
19 34 5
19 35 5
19 36 2
19 37 8
19 38 2
19 39 8
19 40 5
19 41 1
19 42 2
19 43 2
19 44 3
19 45 1
19 46 5
19 47 2
19 48 4
19 49 4
19 50 4
19 51 5
19 52 2
19 53 5
19 54 7
19 55 3
19 56 4
20 20 0
20 21 0
20 22 0
20 23 0
20 24 4
20 25 3
20 26 8
20 27 5
20 28 2
20 29 5
20 30 8
20 31 1
20 32 2
20 33 1
20 34 1
20 35 3
20 36 3
20 37 4
20 38 3
20 39 6
20 40 5
20 41 5
20 42 5
20 43 2
20 44 8
20 45 2
20 46 3
20 47 8
20 48 7
20 49 6
20 50 7
20 51 8
20 52 7
20 53 8
20 54 1
20 55 4
20 56 2
21 21 0
21 22 0
21 23 0
21 24 1
21 25 2
21 26 7
21 27 7
21 28 6
21 29 6
21 30 2
21 31 3
21 32 2
21 33 2
21 34 7
21 35 1
21 36 7
21 37 7
21 38 3
21 39 6
21 40 3
21 41 6
21 42 2
21 43 2
21 44 2
21 45 4
21 46 3
21 47 8
21 48 1
21 49 1
21 50 8
21 51 2
21 52 8
21 53 1
21 54 6
21 55 6
21 56 8
22 22 0
22 23 0
22 24 4
22 25 2
22 26 8
22 27 3
22 28 2
22 29 3
22 30 7
22 31 7
22 32 5
22 33 1
22 34 5
22 35 7
22 36 6
22 37 7
22 38 5
22 39 8
22 40 2
22 41 6
22 42 6
22 43 4
22 44 4
22 45 5
22 46 4
22 47 2
22 48 2
22 49 2
22 50 1
22 51 1
22 52 5
22 53 6
22 54 1
22 55 5
22 56 7
23 23 0
23 24 8
23 25 6
23 26 3
23 27 8
23 28 2
23 29 8
23 30 4
23 31 6
23 32 5
23 33 8
23 34 2
23 35 8
23 36 2
23 37 1
23 38 5
23 39 6
23 40 3
23 41 5
23 42 8
23 43 7
23 44 4
23 45 2
23 46 4
23 47 3
23 48 6
23 49 7
23 50 6
23 51 6
23 52 8
23 53 3
23 54 2
23 55 6
23 56 7
24 24 0
24 25 0
24 26 0
24 27 0
24 28 0
24 29 0
24 30 0
24 31 0
24 32 3
24 33 2
24 34 7
24 35 5
24 36 2
24 37 5
24 38 1
24 39 2
24 40 2
24 41 2
24 42 7
24 43 1
24 44 6
24 45 4
24 46 2
24 47 1
24 48 6
24 49 6
24 50 7
24 51 7
24 52 1
24 53 2
24 54 6
24 55 2
24 56 4
25 25 0
25 26 0
25 27 0
25 28 0
25 29 0
25 30 0
25 31 0
25 32 8
25 33 7
25 34 1
25 35 3
25 36 1
25 37 8
25 38 7
25 39 8
25 40 6
25 41 3
25 42 7
25 43 5
25 44 8
25 45 2
25 46 1
25 47 8
25 48 4
25 49 6
25 50 3
25 51 2
25 52 8
25 53 1
25 54 5
25 55 2
25 56 1
26 26 0
26 27 0
26 28 0
26 29 0
26 30 0
26 31 0
26 32 6
26 33 2
26 34 8
26 35 1
26 36 7
26 37 4
26 38 4
26 39 6
26 40 1
26 41 1
26 42 4
26 43 7
26 44 8
26 45 4
26 46 8
26 47 5
26 48 4
26 49 7
26 50 7
26 51 3
26 52 7
26 53 1
26 54 5
26 55 6
26 56 7
27 27 0
27 28 0
27 29 0
27 30 0
27 31 0
27 32 5
27 33 6
27 34 2
27 35 2
27 36 5
27 37 8
27 38 5
27 39 4
27 40 2
27 41 7
27 42 3
27 43 4
27 44 8
27 45 5
27 46 1
27 47 8
27 48 1
27 49 4
27 50 6
27 51 5
27 52 8
27 53 7
27 54 4
27 55 2
27 56 4
28 28 0
28 29 0
28 30 0
28 31 0
28 32 3
28 33 8
28 34 8
28 35 1
28 36 1
28 37 8
28 38 7
28 39 5
28 40 4
28 41 5
28 42 6
28 43 6
28 44 6
28 45 6
28 46 3
28 47 6
28 48 5
28 49 3
28 50 4
28 51 4
28 52 2
28 53 1
28 54 3
28 55 5
28 56 8
29 29 0
29 30 0
29 31 0
29 32 6
29 33 3
29 34 5
29 35 6
29 36 2
29 37 2
29 38 6
29 39 2
29 40 5
29 41 4
29 42 4
29 43 1
29 44 8
29 45 5
29 46 8
29 47 5
29 48 7
29 49 7
29 50 7
29 51 3
29 52 8
29 53 5
29 54 4
29 55 3
29 56 8
30 30 0
30 31 0
30 32 4
30 33 1
30 34 3
30 35 7
30 36 5
30 37 4
30 38 4
30 39 8
30 40 3
30 41 3
30 42 7
30 43 8
30 44 4
30 45 4
30 46 1
30 47 4
30 48 7
30 49 2
30 50 5
30 51 6
30 52 3
30 53 3
30 54 4
30 55 1
30 56 2
31 31 0
31 32 8
31 33 3
31 34 4
31 35 5
31 36 1
31 37 3
31 38 6
31 39 2
31 40 7
31 41 4
31 42 6
31 43 6
31 44 3
31 45 4
31 46 1
31 47 4
31 48 1
31 49 8
31 50 3
31 51 1
31 52 4
31 53 6
31 54 4
31 55 8
31 56 3
32 32 0
32 33 0
32 34 0
32 35 0
32 36 0
32 37 0
32 38 0
32 39 5
32 40 4
32 41 7
32 42 1
32 43 6
32 44 7
32 45 2
32 46 1
32 47 3
32 48 6
32 49 5
32 50 2
32 51 5
32 52 1
32 53 2
32 54 3
32 55 8
32 56 3
33 33 0
33 34 0
33 35 0
33 36 0
33 37 0
33 38 0
33 39 8
33 40 8
33 41 7
33 42 5
33 43 8
33 44 7
33 45 1
33 46 6
33 47 1
33 48 6
33 49 6
33 50 2
33 51 4
33 52 5
33 53 5
33 54 5
33 55 4
33 56 1
34 34 0
34 35 0
34 36 0
34 37 0
34 38 0
34 39 6
34 40 5
34 41 4
34 42 2
34 43 3
34 44 1
34 45 2
34 46 1
34 47 6
34 48 2
34 49 6
34 50 7
34 51 5
34 52 6
34 53 1
34 54 7
34 55 4
34 56 8
35 35 0
35 36 0
35 37 0
35 38 0
35 39 7
35 40 4
35 41 8
35 42 3
35 43 1
35 44 4
35 45 2
35 46 2
35 47 1
35 48 6
35 49 8
35 50 5
35 51 7
35 52 6
35 53 5
35 54 5
35 55 4
35 56 5
36 36 0
36 37 0
36 38 0
36 39 4
36 40 5
36 41 4
36 42 4
36 43 1
36 44 5
36 45 4
36 46 6
36 47 3
36 48 6
36 49 3
36 50 2
36 51 3
36 52 1
36 53 6
36 54 5
36 55 8
36 56 5
37 37 0
37 38 0
37 39 7
37 40 2
37 41 3
37 42 7
37 43 2
37 44 3
37 45 7
37 46 7
37 47 6
37 48 4
37 49 8
37 50 2
37 51 3
37 52 6
37 53 5
37 54 8
37 55 6
37 56 8
38 38 0
38 39 5
38 40 8
38 41 3
38 42 4
38 43 7
38 44 2
38 45 6
38 46 1
38 47 7
38 48 2
38 49 8
38 50 3
38 51 1
38 52 6
38 53 2
38 54 6
38 55 6
38 56 3
39 39 0
39 40 0
39 41 0
39 42 0
39 43 0
39 44 0
39 45 0
39 46 0
39 47 0
39 48 7
39 49 3
39 50 5
39 51 6
39 52 4
39 53 2
39 54 6
39 55 4
39 56 2
40 40 0
40 41 0
40 42 0
40 43 0
40 44 0
40 45 0
40 46 0
40 47 0
40 48 7
40 49 5
40 50 3
40 51 5
40 52 1
40 53 8
40 54 7
40 55 5
40 56 1
41 41 0
41 42 0
41 43 0
41 44 0
41 45 0
41 46 0
41 47 0
41 48 1
41 49 1
41 50 7
41 51 3
41 52 1
41 53 6
41 54 5
41 55 5
41 56 3
42 42 0
42 43 0
42 44 0
42 45 0
42 46 0
42 47 0
42 48 1
42 49 4
42 50 1
42 51 6
42 52 3
42 53 7
42 54 8
42 55 2
42 56 6
43 43 0
43 44 0
43 45 0
43 46 0
43 47 0
43 48 8
43 49 8
43 50 6
43 51 2
43 52 4
43 53 4
43 54 5
43 55 4
43 56 5
44 44 0
44 45 0
44 46 0
44 47 0
44 48 3
44 49 1
44 50 8
44 51 1
44 52 8
44 53 3
44 54 6
44 55 5
44 56 4
45 45 0
45 46 0
45 47 0
45 48 8
45 49 5
45 50 3
45 51 7
45 52 1
45 53 4
45 54 3
45 55 5
45 56 5
46 46 0
46 47 0
46 48 2
46 49 3
46 50 4
46 51 2
46 52 8
46 53 7
46 54 6
46 55 4
46 56 4
47 47 0
47 48 4
47 49 2
47 50 5
47 51 2
47 52 7
47 53 5
47 54 5
47 55 4
47 56 6
48 48 0
48 49 0
48 50 7
48 51 5
48 52 8
48 53 2
48 54 3
48 55 8
48 56 2
49 49 0
49 50 5
49 51 6
49 52 5
49 53 5
49 54 8
49 55 7
49 56 3
50 50 0
50 51 0
50 52 0
50 53 0
50 54 0
50 55 0
50 56 3
51 51 0
51 52 0
51 53 0
51 54 0
51 55 0
51 56 5
52 52 0
52 53 0
52 54 0
52 55 0
52 56 4
53 53 0
53 54 0
53 55 0
53 56 1
54 54 0
54 55 0
54 56 7
55 55 0
55 56 4
56 56 0
